0.000000000000000000e+00 -1.773070582467392740e+02
1.000000000000000000e+00 -1.640789913543372052e+02
2.000000000000000000e+00 -2.197943243029017708e+02
3.000000000000000000e+00 -2.071874181216676902e+02
4.000000000000000000e+00 -2.379704141050865474e+02
5.000000000000000000e+00 -1.691478234363159459e+02
6.000000000000000000e+00 -1.394850455684044448e+02
7.000000000000000000e+00 -2.031622649586921057e+02
8.000000000000000000e+00 -1.767148573993824527e+02
9.000000000000000000e+00 -1.835631517597113032e+02
1.000000000000000000e+01 -1.902343689403876397e+02
1.100000000000000000e+01 -1.756107314080439892e+02
1.200000000000000000e+01 -1.659542865513073764e+02
1.300000000000000000e+01 -2.042313082068053234e+02
1.400000000000000000e+01 -1.951226427254090936e+02
1.500000000000000000e+01 -1.532283809464172180e+02
1.600000000000000000e+01 -1.729447228197095399e+02
1.700000000000000000e+01 -1.596597772361895125e+02
1.800000000000000000e+01 -1.901037835202563997e+02
1.900000000000000000e+01 -1.625790667330338408e+02
2.000000000000000000e+01 -1.795330913033069749e+02
2.100000000000000000e+01 -1.562697055643948829e+02
2.200000000000000000e+01 -1.684978745279650525e+02
2.300000000000000000e+01 -1.949135958532569930e+02
2.400000000000000000e+01 -1.573480121847384794e+02
2.500000000000000000e+01 -1.652634866064091170e+02
2.600000000000000000e+01 -1.585193043791767593e+02
2.700000000000000000e+01 -1.716342048369128008e+02
2.800000000000000000e+01 -1.362531346250279682e+02
2.900000000000000000e+01 -1.932381344488480295e+02
3.000000000000000000e+01 -1.737891471704508035e+02
3.100000000000000000e+01 -1.423641275138292315e+02
3.200000000000000000e+01 -1.668390539536378583e+02
3.300000000000000000e+01 -1.655903517563789649e+02
3.400000000000000000e+01 -2.230872212796481904e+02
3.500000000000000000e+01 -1.674215472271250178e+02
3.600000000000000000e+01 -1.581450213975585939e+02
3.700000000000000000e+01 -1.516680247427082691e+02
3.800000000000000000e+01 -1.641985735542409657e+02
3.900000000000000000e+01 -1.512057770054257446e+02
4.000000000000000000e+01 -1.803985569156316160e+02
4.100000000000000000e+01 -1.992693972527863195e+02
4.200000000000000000e+01 -1.434848223360042425e+02
4.300000000000000000e+01 -1.786994524376881941e+02
4.400000000000000000e+01 -1.899615112288951764e+02
4.500000000000000000e+01 -2.232005876427369060e+02
4.600000000000000000e+01 -2.016742290631060541e+02
4.700000000000000000e+01 -2.015686307523443475e+02
4.800000000000000000e+01 -1.830537066398659647e+02
4.900000000000000000e+01 -1.507024989057187554e+02
5.000000000000000000e+01 -1.842358488655513895e+02
5.100000000000000000e+01 -1.345057306773854577e+02
5.200000000000000000e+01 -1.638916557108625796e+02
5.300000000000000000e+01 -1.803631524269893021e+02
5.400000000000000000e+01 -1.722110892940034148e+02
5.500000000000000000e+01 -1.735515633853696613e+02
5.600000000000000000e+01 -1.620047663674924650e+02
5.700000000000000000e+01 -1.251777295569230262e+02
5.800000000000000000e+01 -1.414782683209059257e+02
5.900000000000000000e+01 -1.820860741928646007e+02
6.000000000000000000e+01 -1.650398122414272279e+02
6.100000000000000000e+01 -1.455600152907051665e+02
6.200000000000000000e+01 -1.503042794630971173e+02
6.300000000000000000e+01 -2.032793625057292957e+02
6.400000000000000000e+01 -1.588379632363031249e+02
6.500000000000000000e+01 -1.902493764622338972e+02
6.600000000000000000e+01 -1.415906030712839083e+02
6.700000000000000000e+01 -1.456039610527599564e+02
6.800000000000000000e+01 -1.536016615027069179e+02
6.900000000000000000e+01 -1.559386803782411732e+02
7.000000000000000000e+01 -1.461395754352072061e+02
7.100000000000000000e+01 -1.791572342085004834e+02
7.200000000000000000e+01 -1.586839871846180472e+02
7.300000000000000000e+01 -1.470236137702912629e+02
7.400000000000000000e+01 -1.828255657031808710e+02
7.500000000000000000e+01 -1.716595299659702221e+02
7.600000000000000000e+01 -1.405976438593600619e+02
7.700000000000000000e+01 -1.607473509099873183e+02
7.800000000000000000e+01 -1.215110161074731820e+02
7.900000000000000000e+01 -1.521996089744341134e+02
8.000000000000000000e+01 -1.968420317577250671e+02
8.100000000000000000e+01 -1.305024590461527794e+02
8.200000000000000000e+01 -1.540221092068307485e+02
8.300000000000000000e+01 -1.324086147070054551e+02
8.400000000000000000e+01 -1.456342345414520310e+02
8.500000000000000000e+01 -1.612805230172611743e+02
8.600000000000000000e+01 -1.735844303470774435e+02
8.700000000000000000e+01 -1.804692961974986929e+02
8.800000000000000000e+01 -1.470595256257947483e+02
8.900000000000000000e+01 -1.768430259143806893e+02
9.000000000000000000e+01 -1.531041506004083601e+02
9.100000000000000000e+01 -1.333651597235636643e+02
9.200000000000000000e+01 -1.536725063411938095e+02
9.300000000000000000e+01 -1.632762764841212686e+02
9.400000000000000000e+01 -1.578416570341954923e+02
9.500000000000000000e+01 -1.507747561695975378e+02
9.600000000000000000e+01 -1.464327773473007142e+02
9.700000000000000000e+01 -1.447960871780498735e+02
9.800000000000000000e+01 -1.375062949813606110e+02
9.900000000000000000e+01 -1.365206638504305090e+02
1.000000000000000000e+02 -1.373609141925916788e+02
1.010000000000000000e+02 -1.434468645771595163e+02
1.020000000000000000e+02 -1.347055052703649665e+02
1.030000000000000000e+02 -1.399296280306956533e+02
1.040000000000000000e+02 -1.347456846588584369e+02
1.050000000000000000e+02 -1.398745592497267580e+02
1.060000000000000000e+02 -1.330722164177711591e+02
1.070000000000000000e+02 -1.426811014552847041e+02
1.080000000000000000e+02 -1.259947590958300623e+02
1.090000000000000000e+02 -1.374381345750015839e+02
1.100000000000000000e+02 -1.515638471684952719e+02
1.110000000000000000e+02 -1.491781857809288283e+02
1.120000000000000000e+02 -1.601777243325068696e+02
1.130000000000000000e+02 -1.585637220618300773e+02
1.140000000000000000e+02 -1.864256058528030735e+02
1.150000000000000000e+02 -1.693163496534696719e+02
1.160000000000000000e+02 -1.615545271673048831e+02
1.170000000000000000e+02 -1.269251686103010996e+02
1.180000000000000000e+02 -1.332191869682881418e+02
1.190000000000000000e+02 -1.514458250540677966e+02
1.200000000000000000e+02 -1.505401088455787999e+02
1.210000000000000000e+02 -1.451257210561998647e+02
1.220000000000000000e+02 -1.926135089594274632e+02
1.230000000000000000e+02 -1.465435255184810615e+02
1.240000000000000000e+02 -1.692795469977319556e+02
1.250000000000000000e+02 -1.682947071426957280e+02
1.260000000000000000e+02 -1.746999115696095544e+02
1.270000000000000000e+02 -1.544624780186708222e+02
1.280000000000000000e+02 -1.361214537971115135e+02
1.290000000000000000e+02 -1.521220346976892301e+02
1.300000000000000000e+02 -1.420011500916955072e+02
1.310000000000000000e+02 -1.453817729303108592e+02
1.320000000000000000e+02 -1.463978813653073132e+02
1.330000000000000000e+02 -1.544209208100045316e+02
1.340000000000000000e+02 -1.395018049543579934e+02
1.350000000000000000e+02 -1.429636879796833853e+02
1.360000000000000000e+02 -1.530133299783575467e+02
1.370000000000000000e+02 -1.458751448147754957e+02
1.380000000000000000e+02 -1.246170333110319888e+02
1.390000000000000000e+02 -1.475888536391819912e+02
1.400000000000000000e+02 -1.210932412204999764e+02
1.410000000000000000e+02 -1.278810086655025486e+02
1.420000000000000000e+02 -1.458035673085506119e+02
1.430000000000000000e+02 -1.294505715210781887e+02
1.440000000000000000e+02 -1.367934180749297468e+02
1.450000000000000000e+02 -1.247559436788968412e+02
1.460000000000000000e+02 -1.450094330566209919e+02
1.470000000000000000e+02 -1.150901357184463478e+02
1.480000000000000000e+02 -1.376122980288672011e+02
1.490000000000000000e+02 -1.223033118434784683e+02
1.500000000000000000e+02 -1.142590969287095533e+02
1.510000000000000000e+02 -9.984224671802036255e+01
1.520000000000000000e+02 -1.276656993827743207e+02
1.530000000000000000e+02 -8.521693442305840449e+01
1.540000000000000000e+02 -9.988895810708729073e+01
1.550000000000000000e+02 -1.125880095725484296e+02
1.560000000000000000e+02 -1.263551841871952490e+02
1.570000000000000000e+02 -9.484432744542354499e+01
1.580000000000000000e+02 -1.102439751462717794e+02
1.590000000000000000e+02 -1.300454921716081458e+02
1.600000000000000000e+02 -1.098980323386773819e+02
1.610000000000000000e+02 -8.461535464135135953e+01
1.620000000000000000e+02 -8.821709695164972231e+01
1.630000000000000000e+02 -1.013063123138274619e+02
1.640000000000000000e+02 -1.000763193600585623e+02
1.650000000000000000e+02 -1.036130275953188118e+02
1.660000000000000000e+02 -1.236385851627992167e+02
1.670000000000000000e+02 -1.371195709197156134e+02
1.680000000000000000e+02 -1.153767986540098889e+02
1.690000000000000000e+02 -1.203671497591886634e+02
1.700000000000000000e+02 -1.377124444014024789e+02
1.710000000000000000e+02 -1.065101180641090224e+02
1.720000000000000000e+02 -1.158602483076931549e+02
1.730000000000000000e+02 -1.369231456229484820e+02
1.740000000000000000e+02 -1.236435729298674033e+02
1.750000000000000000e+02 -1.356068701584996745e+02
1.760000000000000000e+02 -1.203183748893585516e+02
1.770000000000000000e+02 -8.912625075233930261e+01
1.780000000000000000e+02 -1.448654946622692137e+02
1.790000000000000000e+02 -1.458336683801954621e+02
1.800000000000000000e+02 -1.221055934285946734e+02
1.810000000000000000e+02 -1.143329826831875806e+02
1.820000000000000000e+02 -1.369176566060859273e+02
1.830000000000000000e+02 -1.006922330082430790e+02
1.840000000000000000e+02 -1.258510441859786653e+02
1.850000000000000000e+02 -9.671391145056472283e+01
1.860000000000000000e+02 -9.081244072246190058e+01
1.870000000000000000e+02 -9.842850774263779101e+01
1.880000000000000000e+02 -1.189322166280195177e+02
1.890000000000000000e+02 -1.057597247535415761e+02
1.900000000000000000e+02 -9.647094509287950359e+01
1.910000000000000000e+02 -1.147296914440017446e+02
1.920000000000000000e+02 -1.094760307851564392e+02
1.930000000000000000e+02 -1.034328927538615517e+02
1.940000000000000000e+02 -1.100564930337500726e+02
1.950000000000000000e+02 -1.120435841508213741e+02
1.960000000000000000e+02 -8.588738145593805484e+01
1.970000000000000000e+02 -1.037151355017800824e+02
1.980000000000000000e+02 -9.334447319483341232e+01
1.990000000000000000e+02 -9.736831683245927138e+01
2.000000000000000000e+02 -9.577747815676703169e+01
2.010000000000000000e+02 -9.074856995177518115e+01
2.020000000000000000e+02 -9.379458593846155168e+01
2.030000000000000000e+02 -9.322420582585772308e+01
2.040000000000000000e+02 -9.025890015232980090e+01
2.050000000000000000e+02 -9.105830531705861119e+01
2.060000000000000000e+02 -8.666638675108818290e+01
2.070000000000000000e+02 -1.186937850844898321e+02
2.080000000000000000e+02 -8.513957586040125136e+01
2.090000000000000000e+02 -1.025909925964028844e+02
2.100000000000000000e+02 -1.311836091067013683e+02
2.110000000000000000e+02 -1.499707059694153202e+02
2.120000000000000000e+02 -1.322406719496251810e+02
2.130000000000000000e+02 -1.575648375234359833e+02
2.140000000000000000e+02 -1.551288442192541766e+02
2.150000000000000000e+02 -1.591712538042109486e+02
2.160000000000000000e+02 -1.258440323102992835e+02
2.170000000000000000e+02 -1.243701240195158135e+02
2.180000000000000000e+02 -1.422666864325770177e+02
2.190000000000000000e+02 -1.109568976245134309e+02
2.200000000000000000e+02 -1.319026810009320059e+02
2.210000000000000000e+02 -1.615383982806785923e+02
2.220000000000000000e+02 -1.107106993913435247e+02
2.230000000000000000e+02 -1.337567131858977234e+02
2.240000000000000000e+02 -1.170617027141397841e+02
2.250000000000000000e+02 -1.267793832156624632e+02
2.260000000000000000e+02 -1.490092310390476200e+02
2.270000000000000000e+02 -1.670430559957919741e+02
2.280000000000000000e+02 -1.665212609990902308e+02
2.290000000000000000e+02 -1.284320864003068436e+02
2.300000000000000000e+02 -1.584376826850189275e+02
2.310000000000000000e+02 -1.410696162583453770e+02
2.320000000000000000e+02 -1.291548057780753425e+02
2.330000000000000000e+02 -1.486611703513858060e+02
2.340000000000000000e+02 -1.558368404086035639e+02
2.350000000000000000e+02 -1.234227521164749248e+02
2.360000000000000000e+02 -1.640376952481365436e+02
2.370000000000000000e+02 -1.165907903037658997e+02
2.380000000000000000e+02 -1.321061684037853752e+02
2.390000000000000000e+02 -1.506595811435358314e+02
2.400000000000000000e+02 -1.133857115555669850e+02
2.410000000000000000e+02 -1.316101047916068296e+02
2.420000000000000000e+02 -1.006587392279352287e+02
2.430000000000000000e+02 -1.159089019124808431e+02
2.440000000000000000e+02 -1.373141985633364470e+02
2.450000000000000000e+02 -1.255832781623729062e+02
2.460000000000000000e+02 -1.272715066145164258e+02
2.470000000000000000e+02 -9.682566934201443587e+01
2.480000000000000000e+02 -1.197224248475145316e+02
2.490000000000000000e+02 -9.404159900621972668e+01
2.500000000000000000e+02 -1.104462526022472701e+02
2.510000000000000000e+02 -1.078589081202583202e+02
2.520000000000000000e+02 -9.400273695919818806e+01
2.530000000000000000e+02 -1.163510358821809803e+02
2.540000000000000000e+02 -9.619010847864308289e+01
2.550000000000000000e+02 -1.030172970654620030e+02
2.560000000000000000e+02 -1.111300227387019248e+02
2.570000000000000000e+02 -1.006630243104051203e+02
2.580000000000000000e+02 -1.064804943408628759e+02
2.590000000000000000e+02 -9.228591701680321080e+01
2.600000000000000000e+02 -1.171809334936354219e+02
2.610000000000000000e+02 -1.109003886726828370e+02
2.620000000000000000e+02 -1.158831622793164087e+02
2.630000000000000000e+02 -1.032506641414767330e+02
2.640000000000000000e+02 -1.070081968323797383e+02
2.650000000000000000e+02 -9.165583903014081102e+01
2.660000000000000000e+02 -1.004871031539467481e+02
2.670000000000000000e+02 -1.097594051001982081e+02
2.680000000000000000e+02 -8.951589161719519439e+01
2.690000000000000000e+02 -1.067025452024064407e+02
2.700000000000000000e+02 -9.678555461252956604e+01
2.710000000000000000e+02 -1.007833244085134368e+02
2.720000000000000000e+02 -8.757260842985240856e+01
2.730000000000000000e+02 -1.234332014518804499e+02
2.740000000000000000e+02 -8.697223364561480707e+01
2.750000000000000000e+02 -1.001565027136906139e+02
2.760000000000000000e+02 -1.018388459364569769e+02
2.770000000000000000e+02 -9.080697399476959220e+01
2.780000000000000000e+02 -1.050578530678130420e+02
2.790000000000000000e+02 -8.121137539468371358e+01
2.800000000000000000e+02 -9.065185388466544225e+01
2.810000000000000000e+02 -8.435586109972418001e+01
2.820000000000000000e+02 -7.062719885321327240e+01
2.830000000000000000e+02 -7.347664757857133111e+01
2.840000000000000000e+02 -8.589618275470566289e+01
2.850000000000000000e+02 -9.107778717509053479e+01
2.860000000000000000e+02 -7.673854002601407842e+01
2.870000000000000000e+02 -9.494435848178062543e+01
2.880000000000000000e+02 -7.665018517704444889e+01
2.890000000000000000e+02 -1.063736533905590278e+02
2.900000000000000000e+02 -1.222364102521118809e+02
2.910000000000000000e+02 -1.533128061774619937e+02
2.920000000000000000e+02 -1.315092006090270900e+02
2.930000000000000000e+02 -1.315751387550438665e+02
2.940000000000000000e+02 -1.059242842057452236e+02
2.950000000000000000e+02 -1.167057077261856648e+02
2.960000000000000000e+02 -1.292644468352984859e+02
2.970000000000000000e+02 -1.077243314952900590e+02
2.980000000000000000e+02 -1.230575476504546231e+02
2.990000000000000000e+02 -1.329685623443839972e+02
3.000000000000000000e+02 -1.044608197702087580e+02
3.010000000000000000e+02 -1.067136151616174402e+02
3.020000000000000000e+02 -9.245273026441078912e+01
3.030000000000000000e+02 -1.282900214412471200e+02
3.040000000000000000e+02 -1.200845234929451379e+02
3.050000000000000000e+02 -8.425773083846124223e+01
3.060000000000000000e+02 -1.021067128774470234e+02
3.070000000000000000e+02 -1.118579037108905112e+02
3.080000000000000000e+02 -1.306022388105919561e+02
3.090000000000000000e+02 -1.243994477884652667e+02
3.100000000000000000e+02 -8.922200284654397251e+01
3.110000000000000000e+02 -8.851802636638126387e+01
3.120000000000000000e+02 -9.819705242358449482e+01
3.130000000000000000e+02 -9.327545665799263475e+01
3.140000000000000000e+02 -1.035739675163761433e+02
3.150000000000000000e+02 -8.949585581461644779e+01
3.160000000000000000e+02 -8.172977834138252717e+01
3.170000000000000000e+02 -9.589405853239692590e+01
3.180000000000000000e+02 -7.752119583993540175e+01
3.190000000000000000e+02 -7.493919862341155635e+01
3.200000000000000000e+02 -9.878018948089102480e+01
3.210000000000000000e+02 -9.898841286549250640e+01
3.220000000000000000e+02 -8.074674032967438109e+01
3.230000000000000000e+02 -9.159908103500545451e+01
3.240000000000000000e+02 -9.891176221248001355e+01
3.250000000000000000e+02 -8.646605020370952843e+01
3.260000000000000000e+02 -1.127627331870360479e+02
3.270000000000000000e+02 -6.669901682556752576e+01
3.280000000000000000e+02 -7.368080685290428278e+01
3.290000000000000000e+02 -5.645454012598719373e+01
3.300000000000000000e+02 -9.923671734840138470e+01
3.310000000000000000e+02 -7.676605332375044100e+01
3.320000000000000000e+02 -8.349806986761578287e+01
3.330000000000000000e+02 -8.150679527705518979e+01
3.340000000000000000e+02 -1.026839086913758621e+02
3.350000000000000000e+02 -8.579401279313708528e+01
3.360000000000000000e+02 -8.486612853804732026e+01
3.370000000000000000e+02 -9.078707228313732003e+01
3.380000000000000000e+02 -9.188874132905405645e+01
3.390000000000000000e+02 -9.597667430503453545e+01
3.400000000000000000e+02 -7.687378614946995015e+01
3.410000000000000000e+02 -7.286016943103081189e+01
3.420000000000000000e+02 -8.098241700551383815e+01
3.430000000000000000e+02 -7.018148559963526623e+01
3.440000000000000000e+02 -7.002605578487063553e+01
3.450000000000000000e+02 -6.950153260082913675e+01
3.460000000000000000e+02 -5.559632958015254189e+01
3.470000000000000000e+02 -6.996536391955142165e+01
3.480000000000000000e+02 -6.428218463563453611e+01
3.490000000000000000e+02 -5.941519184844288759e+01
3.500000000000000000e+02 -7.220530178068609928e+01
3.510000000000000000e+02 -6.458948347129474143e+01
3.520000000000000000e+02 -5.339180882816375373e+01
3.530000000000000000e+02 -5.686371444961285704e+01
3.540000000000000000e+02 -5.732791794358706738e+01
3.550000000000000000e+02 -4.358285638550643171e+01
3.560000000000000000e+02 -3.371300812103790179e+01
3.570000000000000000e+02 -3.546106835450903816e+01
3.580000000000000000e+02 -4.486289531960303378e+01
3.590000000000000000e+02 -4.169114341182181249e+01
3.600000000000000000e+02 -2.069461673160520476e+01
3.610000000000000000e+02 -3.475756908218692587e+01
3.620000000000000000e+02 -4.068982193942192538e+01
3.630000000000000000e+02 -2.850004119944089709e+01
3.640000000000000000e+02 -1.788841616253134603e+01
3.650000000000000000e+02 -2.393042896476654491e+01
3.660000000000000000e+02 -1.660510713709572927e+00
3.670000000000000000e+02 -2.761985175097004230e+01
3.680000000000000000e+02 -3.463938602358828689e+01
3.690000000000000000e+02 -3.964549053379875687e+01
3.700000000000000000e+02 -3.070781699941699117e+01
3.710000000000000000e+02 -2.670102309755569792e+01
3.720000000000000000e+02 -3.364136386527258082e+01
3.730000000000000000e+02 -3.055805054195862880e+01
3.740000000000000000e+02 -3.397168304614178425e+01
3.750000000000000000e+02 -3.194933738761485031e+01
3.760000000000000000e+02 -2.252489532206978495e+01
3.770000000000000000e+02 -6.148555139209637588e+01
3.780000000000000000e+02 -6.058418045406524755e+01
3.790000000000000000e+02 -4.003880130422059835e+01
3.800000000000000000e+02 -5.250108176763193057e+01
3.810000000000000000e+02 -3.335107712902485844e+01
3.820000000000000000e+02 -3.866301985639056227e+01
3.830000000000000000e+02 -4.623150323081182478e+01
3.840000000000000000e+02 -5.217637026414901413e+01
3.850000000000000000e+02 -6.718665617266023560e+01
3.860000000000000000e+02 -5.552708437418171172e+01
3.870000000000000000e+02 -4.942279266964584394e+01
3.880000000000000000e+02 -5.046036334472016449e+01
3.890000000000000000e+02 -5.776437965749614989e+01
3.900000000000000000e+02 -3.236265666328065294e+01
3.910000000000000000e+02 -5.593080469505656538e+01
3.920000000000000000e+02 -4.939982180599176331e+01
3.930000000000000000e+02 -4.531179640725041224e+01
3.940000000000000000e+02 -2.436115548651957496e+01
3.950000000000000000e+02 -1.308294129528296956e+01
3.960000000000000000e+02 -2.226237835879233984e+01
3.970000000000000000e+02 -2.326911701635234309e+01
3.980000000000000000e+02 -7.208249131098750873e+00
3.990000000000000000e+02 -1.680872014346796917e+01
4.000000000000000000e+02 -2.321289684595599212e+01
4.010000000000000000e+02 -1.596063240209564604e+01
4.020000000000000000e+02 -1.320377973073138733e+01
4.030000000000000000e+02 3.057093223225267220e+00
4.040000000000000000e+02 -1.035176336971261968e+01
4.050000000000000000e+02 -1.477268940861276647e+01
4.060000000000000000e+02 -4.711898226513411458e+01
4.070000000000000000e+02 3.209564535500564197e+00
4.080000000000000000e+02 2.245408320893826470e+00
4.090000000000000000e+02 -2.698469737705495142e+00
4.100000000000000000e+02 1.901550182893427632e+01
4.110000000000000000e+02 8.444235031605472841e+00
4.120000000000000000e+02 1.043195401860272753e+01
4.130000000000000000e+02 1.118067242751107671e+01
4.140000000000000000e+02 -1.241563008034536253e+01
4.150000000000000000e+02 -5.271840222519069030e+00
4.160000000000000000e+02 -1.155606604141516591e+01
4.170000000000000000e+02 -2.146303211130670974e+01
4.180000000000000000e+02 -1.139454649284363796e+00
4.190000000000000000e+02 -1.506462514536945818e+01
4.200000000000000000e+02 -4.120196264086652604e+01
4.210000000000000000e+02 -2.938427477698651913e+01
4.220000000000000000e+02 -2.358645691877935846e+01
4.230000000000000000e+02 -2.631188174317793482e+01
4.240000000000000000e+02 -3.304049340183071592e+01
4.250000000000000000e+02 -3.422816671099229069e+01
4.260000000000000000e+02 -1.525320596169727949e+01
4.270000000000000000e+02 -2.864028479094203661e+01
4.280000000000000000e+02 -1.722318261185876764e+01
4.290000000000000000e+02 -1.595884491931406579e+01
4.300000000000000000e+02 -1.944084166459634133e+01
4.310000000000000000e+02 -1.062233348357008644e+01
4.320000000000000000e+02 -1.006980547493525435e+01
4.330000000000000000e+02 -4.325542303742636596e-01
4.340000000000000000e+02 -5.208777738976055005e+00
4.350000000000000000e+02 -6.940630332171889627e+00
4.360000000000000000e+02 9.540213941055331048e+00
4.370000000000000000e+02 -2.743069494372889564e-02
4.380000000000000000e+02 -4.704375949228264631e+00
4.390000000000000000e+02 -1.150107722419537382e+01
4.400000000000000000e+02 -9.989720140708687524e+00
4.410000000000000000e+02 8.233450353774989239e+00
4.420000000000000000e+02 7.613715206773816746e+00
4.430000000000000000e+02 -7.414474635637300359e+00
4.440000000000000000e+02 -5.018336765371437025e+00
4.450000000000000000e+02 1.847451700313855527e+00
4.460000000000000000e+02 -3.169484812079890190e+00
4.470000000000000000e+02 -6.590417084910280998e+00
4.480000000000000000e+02 -7.555284699348527866e+00
4.490000000000000000e+02 7.671686453306605813e+00
4.500000000000000000e+02 1.605804909563267557e+01
4.510000000000000000e+02 4.828561573922202754e+00
4.520000000000000000e+02 8.520937355408905844e+00
4.530000000000000000e+02 4.271915500712315072e+00
4.540000000000000000e+02 5.441297226600380732e+00
4.550000000000000000e+02 2.541411616681894969e+01
4.560000000000000000e+02 3.190263560877938431e+01
4.570000000000000000e+02 3.617556667245209212e+01
4.580000000000000000e+02 3.691695455951275306e+01
4.590000000000000000e+02 3.819278977501958394e+01
4.600000000000000000e+02 5.401881414869900766e+01
4.610000000000000000e+02 4.861149818459894334e+01
4.620000000000000000e+02 8.979303326256408013e+01
4.630000000000000000e+02 8.166295377811658796e+01
4.640000000000000000e+02 8.022380568013375068e+01
4.650000000000000000e+02 7.291965760342839076e+01
4.660000000000000000e+02 6.929334439373590726e+01
4.670000000000000000e+02 5.121648589882848768e+01
4.680000000000000000e+02 6.141078910896144549e+01
4.690000000000000000e+02 7.936104404593235984e+01
4.700000000000000000e+02 7.235087505981127265e+01
4.710000000000000000e+02 6.360644857442638056e+01
4.720000000000000000e+02 8.447492592758659669e+01
4.730000000000000000e+02 5.309320982874528738e+01
4.740000000000000000e+02 5.821924675663215254e+01
4.750000000000000000e+02 3.465352426869027624e+01
4.760000000000000000e+02 3.356737578980636982e+01
4.770000000000000000e+02 2.152841196148561664e+01
4.780000000000000000e+02 5.442396257035240126e+01
4.790000000000000000e+02 2.851386165370768211e+01
4.800000000000000000e+02 5.142063504512631056e+01
4.810000000000000000e+02 4.249501945216452015e+01
4.820000000000000000e+02 3.103538153073746386e+01
4.830000000000000000e+02 7.735899476965148835e+01
4.840000000000000000e+02 8.511621250540051165e+01
4.850000000000000000e+02 6.742190309650040092e+01
4.860000000000000000e+02 6.522587059929210795e+01
4.870000000000000000e+02 4.515535461818876684e+01
4.880000000000000000e+02 6.552196358301759460e+01
4.890000000000000000e+02 5.934089957528038894e+01
4.900000000000000000e+02 5.535778168659015819e+01
4.910000000000000000e+02 5.067732825274747910e+01
4.920000000000000000e+02 4.927730309613544790e+01
4.930000000000000000e+02 5.932832758373742621e+01
4.940000000000000000e+02 4.284640718112572699e+01
4.950000000000000000e+02 7.563300969772573978e+01
4.960000000000000000e+02 5.129273270232438620e+01
4.970000000000000000e+02 5.136046344304580913e+01
4.980000000000000000e+02 7.279177944793440247e+01
4.990000000000000000e+02 7.276036323506539816e+01
5.000000000000000000e+02 6.114620057004133002e+01
5.010000000000000000e+02 6.380596562317933973e+01
5.020000000000000000e+02 7.805086925200065195e+01
5.030000000000000000e+02 6.372848135465496000e+01
5.040000000000000000e+02 7.968687908531126141e+01
5.050000000000000000e+02 8.519696764839281400e+01
5.060000000000000000e+02 6.444510728497935759e+01
5.070000000000000000e+02 9.810373953552682735e+01
5.080000000000000000e+02 4.828384669939386242e+01
5.090000000000000000e+02 7.675463831781760859e+01
5.100000000000000000e+02 9.780165622476529563e+01
5.110000000000000000e+02 4.437867067319119485e+01
5.120000000000000000e+02 4.129763052524716471e+01
5.130000000000000000e+02 9.519710330205126070e+01
5.140000000000000000e+02 8.820926424885402639e+01
5.150000000000000000e+02 5.836803027489865769e+01
5.160000000000000000e+02 8.951486039757760693e+01
5.170000000000000000e+02 7.584313085159161005e+01
5.180000000000000000e+02 4.086428070238541466e+01
5.190000000000000000e+02 9.002493548865784589e+01
5.200000000000000000e+02 8.620015331929467095e+01
5.210000000000000000e+02 9.960401326645646591e+00
5.220000000000000000e+02 4.658516107761313663e+01
5.230000000000000000e+02 5.681171425681556286e+01
5.240000000000000000e+02 6.882306188019811088e+01
5.250000000000000000e+02 8.122096966157388920e+01
5.260000000000000000e+02 8.370794958020050558e+01
5.270000000000000000e+02 6.799309860226709645e+01
5.280000000000000000e+02 7.561655906900951152e+01
5.290000000000000000e+02 7.981831507871729059e+01
5.300000000000000000e+02 8.831053451148210343e+01
5.310000000000000000e+02 5.696618066324221985e+01
5.320000000000000000e+02 6.980642723306070252e+01
5.330000000000000000e+02 6.427936513501637705e+01
5.340000000000000000e+02 9.611015945436622587e+01
5.350000000000000000e+02 8.520820155852081257e+01
5.360000000000000000e+02 1.136021382505806514e+02
5.370000000000000000e+02 7.000353034111442696e+01
5.380000000000000000e+02 9.935170980513859718e+01
5.390000000000000000e+02 3.017363480763608408e+01
5.400000000000000000e+02 4.841502383628788664e+01
5.410000000000000000e+02 6.879055958611806432e+01
5.420000000000000000e+02 6.739157914542160199e+01
5.430000000000000000e+02 6.824888167811818107e+01
5.440000000000000000e+02 5.476409247957184334e+01
5.450000000000000000e+02 8.902282702783899992e+01
5.460000000000000000e+02 8.704715627291156466e+01
5.470000000000000000e+02 1.308459583753549680e+02
5.480000000000000000e+02 8.614054560200754906e+01
5.490000000000000000e+02 7.647600811913230245e+01
5.500000000000000000e+02 5.548669570220035752e+01
5.510000000000000000e+02 5.700846772502073634e+01
5.520000000000000000e+02 1.102310786981716575e+02
5.530000000000000000e+02 7.281622971982257297e+01
5.540000000000000000e+02 8.333403695519592702e+01
5.550000000000000000e+02 6.030336189159892513e+01
5.560000000000000000e+02 7.811405912979924437e+01
5.570000000000000000e+02 8.262065722719044913e+01
5.580000000000000000e+02 4.377151129537600838e+01
5.590000000000000000e+02 6.205073847265983744e+01
5.600000000000000000e+02 7.557702267381455385e+01
5.610000000000000000e+02 6.713667494991744888e+01
5.620000000000000000e+02 7.125427976570992428e+01
5.630000000000000000e+02 9.970007778358184680e+01
5.640000000000000000e+02 6.043086572614546270e+01
5.650000000000000000e+02 9.263331323806308149e+01
5.660000000000000000e+02 6.478655476172124850e+01
5.670000000000000000e+02 6.461372098295862543e+01
5.680000000000000000e+02 7.587671009173855907e+01
5.690000000000000000e+02 1.004238059815490516e+02
5.700000000000000000e+02 7.766551530451729946e+01
5.710000000000000000e+02 6.814718168536825260e+01
5.720000000000000000e+02 4.474942787173694114e+01
5.730000000000000000e+02 4.064697808267671064e+01
5.740000000000000000e+02 7.217296145315035005e+01
5.750000000000000000e+02 8.789691774680417780e+01
5.760000000000000000e+02 7.726275520157801679e+01
5.770000000000000000e+02 7.385993979692563016e+01
5.780000000000000000e+02 9.744327443614973561e+01
5.790000000000000000e+02 7.655083797362109976e+01
5.800000000000000000e+02 8.974822024169800727e+01
5.810000000000000000e+02 6.579082154736724419e+01
5.820000000000000000e+02 5.979075825593334059e+01
5.830000000000000000e+02 7.909961270089830521e+01
5.840000000000000000e+02 1.005554727116750797e+02
5.850000000000000000e+02 9.982628390491717596e+01
5.860000000000000000e+02 2.907916530382616571e+01
5.870000000000000000e+02 8.382103558027695556e+01
5.880000000000000000e+02 8.105309454075424469e+01
5.890000000000000000e+02 1.066962407310589498e+02
5.900000000000000000e+02 8.094005036354126048e+01
5.910000000000000000e+02 6.699586574973599795e+01
5.920000000000000000e+02 1.042460352436744131e+02
5.930000000000000000e+02 8.836775933327996313e+01
5.940000000000000000e+02 8.880126935510482156e+01
5.950000000000000000e+02 9.474828090006045045e+01
5.960000000000000000e+02 9.594503981323939001e+01
5.970000000000000000e+02 1.008665371992444477e+02
5.980000000000000000e+02 8.904177332122783639e+01
5.990000000000000000e+02 9.669773678295375419e+01
6.000000000000000000e+02 9.336658889642889392e+01
6.010000000000000000e+02 7.336500372353386012e+01
6.020000000000000000e+02 9.498647822905437010e+01
6.030000000000000000e+02 8.190738281063683246e+01
6.040000000000000000e+02 1.013755942723181533e+02
6.050000000000000000e+02 1.002115094359714078e+02
6.060000000000000000e+02 8.126165918614984207e+01
6.070000000000000000e+02 8.956215520599832303e+01
6.080000000000000000e+02 9.826962153341736439e+01
6.090000000000000000e+02 8.297919331948472177e+01
6.100000000000000000e+02 1.033790983821292002e+02
6.110000000000000000e+02 7.152635283040393688e+01
6.120000000000000000e+02 9.656092460267356614e+01
6.130000000000000000e+02 1.013503899144055680e+02
6.140000000000000000e+02 9.333559510996811071e+01
6.150000000000000000e+02 8.133849873309810619e+01
6.160000000000000000e+02 8.215794398481800442e+01
6.170000000000000000e+02 6.560216726808944543e+01
6.180000000000000000e+02 9.046676410938306390e+01
6.190000000000000000e+02 5.893156380411479489e+01
6.200000000000000000e+02 1.129973524124056183e+02
6.210000000000000000e+02 1.147228236324996971e+02
6.220000000000000000e+02 1.113342133070482731e+02
6.230000000000000000e+02 9.593817215920753938e+01
6.240000000000000000e+02 1.037806244104723135e+02
6.250000000000000000e+02 1.098032323524150797e+02
6.260000000000000000e+02 1.143403924728592500e+02
6.270000000000000000e+02 1.179187470059814586e+02
6.280000000000000000e+02 1.072503415448923363e+02
6.290000000000000000e+02 1.171538479633227041e+02
6.300000000000000000e+02 9.430183165531833822e+01
6.310000000000000000e+02 6.998776397979381159e+01
6.320000000000000000e+02 9.468260242502984170e+01
6.330000000000000000e+02 6.520440888108981881e+01
6.340000000000000000e+02 5.791962732817013659e+01
6.350000000000000000e+02 4.997685465238554059e+01
6.360000000000000000e+02 8.431892519554915566e+01
6.370000000000000000e+02 7.524573323921512724e+01
6.380000000000000000e+02 1.094827763867697001e+02
6.390000000000000000e+02 1.192552582866971562e+02
6.400000000000000000e+02 1.259523881898692537e+02
6.410000000000000000e+02 1.254194817144923064e+02
6.420000000000000000e+02 1.039803620033704021e+02
6.430000000000000000e+02 8.472502927094720349e+01
6.440000000000000000e+02 1.160232492302815501e+02
6.450000000000000000e+02 1.186538768051486414e+02
6.460000000000000000e+02 6.417687292330811033e+01
6.470000000000000000e+02 7.527047505059930188e+01
6.480000000000000000e+02 1.042411885142388002e+02
6.490000000000000000e+02 8.183340616215582486e+01
6.500000000000000000e+02 7.598594276949475557e+01
6.510000000000000000e+02 7.318874595365301161e+01
6.520000000000000000e+02 9.266625806541046018e+01
6.530000000000000000e+02 8.606318678597878602e+01
6.540000000000000000e+02 1.009327966027547347e+02
6.550000000000000000e+02 8.960983253309011332e+01
6.560000000000000000e+02 1.032232810251894932e+02
6.570000000000000000e+02 1.262468384549459444e+02
6.580000000000000000e+02 1.062887554997851396e+02
6.590000000000000000e+02 8.722162297034974188e+01
6.600000000000000000e+02 1.126315509686731673e+02
6.610000000000000000e+02 8.843222435501280643e+01
6.620000000000000000e+02 6.952519964554853971e+01
6.630000000000000000e+02 8.785299474484149584e+01
6.640000000000000000e+02 7.279522735410857592e+01
6.650000000000000000e+02 9.261488357616077849e+01
6.660000000000000000e+02 1.041599623656693439e+02
6.670000000000000000e+02 7.940259822382907373e+01
6.680000000000000000e+02 9.444025421944428444e+01
6.690000000000000000e+02 9.559427378615154680e+01
6.700000000000000000e+02 1.258651417483056747e+02
6.710000000000000000e+02 1.176301101114643899e+02
6.720000000000000000e+02 1.121164207966570245e+02
6.730000000000000000e+02 1.050163655277846857e+02
6.740000000000000000e+02 8.305125439528936226e+01
6.750000000000000000e+02 9.743770004190007228e+01
6.760000000000000000e+02 8.470250858989246012e+01
6.770000000000000000e+02 9.083610515715506040e+01
6.780000000000000000e+02 1.057657156993052752e+02
6.790000000000000000e+02 8.081686959832663320e+01
6.800000000000000000e+02 9.793554229602055727e+01
6.810000000000000000e+02 6.778563391949982986e+01
6.820000000000000000e+02 9.770866489197092619e+01
6.830000000000000000e+02 9.286929918506253046e+01
6.840000000000000000e+02 7.036314065934649875e+01
6.850000000000000000e+02 9.636602621068620067e+01
6.860000000000000000e+02 1.008173207672480203e+02
6.870000000000000000e+02 1.090803393618593162e+02
6.880000000000000000e+02 1.045006926579518165e+02
6.890000000000000000e+02 1.016285563058416130e+02
6.900000000000000000e+02 1.051793987274429867e+02
6.910000000000000000e+02 8.943310997964502462e+01
6.920000000000000000e+02 9.645501168715684059e+01
6.930000000000000000e+02 1.117007889936319032e+02
6.940000000000000000e+02 1.198840607310666400e+02
6.950000000000000000e+02 1.003237969553916713e+02
6.960000000000000000e+02 8.487210391914905472e+01
6.970000000000000000e+02 1.222526106883578905e+02
6.980000000000000000e+02 1.211428086861386220e+02
6.990000000000000000e+02 1.121167360668653146e+02
7.000000000000000000e+02 6.917437532188972682e+01
7.010000000000000000e+02 1.057400630049858137e+02
7.020000000000000000e+02 1.225813016457904041e+02
7.030000000000000000e+02 1.152361822066931438e+02
7.040000000000000000e+02 1.280753953460780110e+02
7.050000000000000000e+02 7.558737168550706542e+01
7.060000000000000000e+02 9.088489792771342479e+01
7.070000000000000000e+02 9.663626487156014377e+01
7.080000000000000000e+02 8.880209154863939602e+01
7.090000000000000000e+02 3.376903091698331849e+01
7.100000000000000000e+02 5.479623714148938518e+01
7.110000000000000000e+02 7.570125117753129018e+01
7.120000000000000000e+02 1.110905384619571095e+02
7.130000000000000000e+02 8.731824762044735166e+01
7.140000000000000000e+02 9.088583946368123634e+01
7.150000000000000000e+02 1.075735409654884052e+02
7.160000000000000000e+02 1.169824007691958911e+02
7.170000000000000000e+02 9.503009981460226641e+01
7.180000000000000000e+02 7.765822632385882685e+01
7.190000000000000000e+02 1.133193020803073523e+02
7.200000000000000000e+02 9.407015928944282734e+01
7.210000000000000000e+02 9.660249990215694993e+01
7.220000000000000000e+02 7.706321049753215391e+01
7.230000000000000000e+02 8.061469899044665510e+01
7.240000000000000000e+02 1.051779811131126081e+02
7.250000000000000000e+02 9.384450220852306757e+01
7.260000000000000000e+02 9.850770455177323015e+01
7.270000000000000000e+02 9.392502414576986780e+01
7.280000000000000000e+02 6.540728899356756187e+01
7.290000000000000000e+02 9.844523234711660109e+01
7.300000000000000000e+02 9.521859782620128954e+01
7.310000000000000000e+02 9.566770273884746700e+01
7.320000000000000000e+02 7.533463472853438248e+01
7.330000000000000000e+02 9.167839875374423286e+01
7.340000000000000000e+02 6.632030759607906134e+01
7.350000000000000000e+02 1.092601516275637579e+02
7.360000000000000000e+02 1.006659650822321481e+02
7.370000000000000000e+02 8.981928911087392464e+01
7.380000000000000000e+02 1.059107416209006090e+02
7.390000000000000000e+02 1.103244035147023396e+02
7.400000000000000000e+02 1.202667024595524197e+02
7.410000000000000000e+02 1.308829624090182904e+02
7.420000000000000000e+02 1.345082788035813337e+02
7.430000000000000000e+02 1.002127156833856390e+02
7.440000000000000000e+02 9.310183761709821226e+01
7.450000000000000000e+02 1.172400218615773895e+02
7.460000000000000000e+02 1.224305250174908934e+02
7.470000000000000000e+02 1.047362956986510909e+02
7.480000000000000000e+02 7.932161739585841076e+01
7.490000000000000000e+02 1.152275514916462669e+02
7.500000000000000000e+02 5.677963693036089410e+01
7.510000000000000000e+02 8.461713857341086964e+01
7.520000000000000000e+02 6.403082218621730703e+01
7.530000000000000000e+02 8.924909364695676572e+01
7.540000000000000000e+02 1.194832696371370702e+02
7.550000000000000000e+02 1.259681981095103538e+02
7.560000000000000000e+02 1.197109547441822031e+02
7.570000000000000000e+02 1.318755676595674800e+02
7.580000000000000000e+02 1.141787293158052563e+02
7.590000000000000000e+02 1.123301147133578581e+02
7.600000000000000000e+02 1.207903777064132811e+02
7.610000000000000000e+02 1.350718333219376746e+02
7.620000000000000000e+02 8.931774446276104129e+01
7.630000000000000000e+02 1.307647529638508956e+02
7.640000000000000000e+02 1.105444167144870988e+02
7.650000000000000000e+02 1.145224872646506640e+02
7.660000000000000000e+02 9.493568252705570387e+01
7.670000000000000000e+02 9.863499086688739226e+01
7.680000000000000000e+02 6.575088367426454283e+01
7.690000000000000000e+02 1.090930310121234470e+02
7.700000000000000000e+02 7.121506375806958999e+01
7.710000000000000000e+02 1.019254688151490456e+02
7.720000000000000000e+02 1.044668074593317613e+02
7.730000000000000000e+02 7.826091460963831992e+01
7.740000000000000000e+02 8.626403144350331331e+01
7.750000000000000000e+02 8.504638832340954480e+01
7.760000000000000000e+02 1.121605165377772835e+02
7.770000000000000000e+02 9.505885172804137540e+01
7.780000000000000000e+02 8.944300068421713945e+01
7.790000000000000000e+02 9.843565997017007874e+01
7.800000000000000000e+02 1.155231586871012297e+02
7.810000000000000000e+02 9.818005450695400782e+01
7.820000000000000000e+02 9.001301893333487669e+01
7.830000000000000000e+02 1.044930719081125119e+02
7.840000000000000000e+02 1.147987798275544549e+02
7.850000000000000000e+02 1.063856341594523371e+02
7.860000000000000000e+02 9.268807948670317387e+01
7.870000000000000000e+02 1.267660408431158032e+02
7.880000000000000000e+02 1.081530874769806871e+02
7.890000000000000000e+02 8.817331803086040054e+01
7.900000000000000000e+02 5.385122351750398195e+01
7.910000000000000000e+02 1.153505395556096857e+02
7.920000000000000000e+02 8.500162212038833331e+01
7.930000000000000000e+02 8.956939029750418513e+01
7.940000000000000000e+02 1.024966731362984262e+02
7.950000000000000000e+02 1.199508755240602085e+02
7.960000000000000000e+02 9.511021676118015478e+01
7.970000000000000000e+02 1.068202488447968790e+02
7.980000000000000000e+02 1.141609754619240960e+02
7.990000000000000000e+02 1.206291704605621078e+02
8.000000000000000000e+02 1.459870404381948106e+02
8.010000000000000000e+02 1.316537508618822869e+02
8.020000000000000000e+02 1.350914310166285190e+02
8.030000000000000000e+02 1.133917742933011112e+02
8.040000000000000000e+02 1.396534882145824099e+02
8.050000000000000000e+02 1.014704712276486873e+02
8.060000000000000000e+02 1.218974402173510043e+02
8.070000000000000000e+02 1.017916339659163896e+02
8.080000000000000000e+02 8.942653166689595423e+01
8.090000000000000000e+02 1.060140948168879333e+02
8.100000000000000000e+02 1.132139535665022549e+02
8.110000000000000000e+02 1.201143768227245801e+02
8.120000000000000000e+02 8.738475720511077327e+01
8.130000000000000000e+02 9.259752124750137625e+01
8.140000000000000000e+02 8.432826639472366992e+01
8.150000000000000000e+02 1.180046800756127823e+02
8.160000000000000000e+02 1.259900477680583180e+02
8.170000000000000000e+02 1.036622881155762173e+02
8.180000000000000000e+02 1.150670998331463295e+02
8.190000000000000000e+02 1.176405782910932487e+02
8.200000000000000000e+02 1.143723219864901068e+02
8.210000000000000000e+02 1.230033518401542807e+02
8.220000000000000000e+02 1.251724511798810937e+02
8.230000000000000000e+02 1.315036440786951175e+02
8.240000000000000000e+02 1.286563316759071540e+02
8.250000000000000000e+02 1.031936430515659993e+02
8.260000000000000000e+02 1.058686663460092348e+02
8.270000000000000000e+02 1.234828319590205012e+02
8.280000000000000000e+02 1.152792809125618732e+02
8.290000000000000000e+02 1.307176242076625954e+02
8.300000000000000000e+02 1.270873236755220432e+02
8.310000000000000000e+02 1.129308302146111345e+02
8.320000000000000000e+02 1.129446197578586180e+02
8.330000000000000000e+02 1.115456236386048232e+02
8.340000000000000000e+02 1.046345825178459847e+02
8.350000000000000000e+02 1.196939671704946022e+02
8.360000000000000000e+02 6.433000728781517807e+01
8.370000000000000000e+02 1.014993159117997266e+02
8.380000000000000000e+02 1.251043053933252338e+02
8.390000000000000000e+02 8.496043996048719293e+01
8.400000000000000000e+02 1.090678437690348517e+02
8.410000000000000000e+02 8.801311709869575850e+01
8.420000000000000000e+02 1.247345577894037376e+02
8.430000000000000000e+02 1.241605867884792644e+02
8.440000000000000000e+02 1.362213116700804960e+02
8.450000000000000000e+02 1.332534281281076574e+02
8.460000000000000000e+02 1.140426898610623994e+02
8.470000000000000000e+02 1.163053634944324415e+02
8.480000000000000000e+02 1.243644886292287737e+02
8.490000000000000000e+02 1.111075807422301978e+02
8.500000000000000000e+02 1.469178945528192060e+02
8.510000000000000000e+02 1.211145450807105135e+02
8.520000000000000000e+02 1.324194326921255254e+02
8.530000000000000000e+02 1.154048844339105955e+02
8.540000000000000000e+02 1.202751184026982401e+02
8.550000000000000000e+02 8.896702115606339589e+01
8.560000000000000000e+02 1.262549855545083375e+02
8.570000000000000000e+02 1.065575880020465291e+02
8.580000000000000000e+02 9.385768929626360091e+01
8.590000000000000000e+02 1.177253168102854204e+02
8.600000000000000000e+02 1.455959693802191168e+02
8.610000000000000000e+02 1.418215336316717412e+02
8.620000000000000000e+02 1.320259118980330300e+02
8.630000000000000000e+02 1.321856316371935804e+02
8.640000000000000000e+02 1.181748595922498026e+02
8.650000000000000000e+02 1.299776652809646293e+02
8.660000000000000000e+02 9.736580331725747328e+01
8.670000000000000000e+02 1.198497653906584901e+02
8.680000000000000000e+02 9.331589824209987682e+01
8.690000000000000000e+02 1.249629771684232935e+02
8.700000000000000000e+02 9.940907082062980749e+01
8.710000000000000000e+02 9.801031513440941012e+01
8.720000000000000000e+02 1.096929926144034937e+02
8.730000000000000000e+02 9.259078386219185575e+01
