0.000000000000000000e+00 -2.316064393473528469e+02
1.000000000000000000e+01 -1.513037937101440207e+02
2.000000000000000000e+01 -2.994527595292017850e+02
3.000000000000000000e+01 -3.977581567185271183e+02
4.000000000000000000e+01 -1.948882457832263810e+02
5.000000000000000000e+01 -2.127671312014779801e+02
6.000000000000000000e+01 -1.514767792380561104e+02
7.000000000000000000e+01 -4.617540711878450566e+01
8.000000000000000000e+01 3.716130460541485769e-01
9.000000000000000000e+01 -1.075288053068035623e+02
1.000000000000000000e+02 -9.735486624773585618e+01
1.100000000000000000e+02 2.871192803128039728e+01
1.200000000000000000e+02 -3.019033038505292552e+02
1.300000000000000000e+02 -1.208228735158029394e+02
1.400000000000000000e+02 -1.213605090981149317e+02
1.500000000000000000e+02 -7.080835304525122353e+01
1.600000000000000000e+02 -2.916059503005978115e+01
1.700000000000000000e+02 -8.145869130833510496e+01
1.800000000000000000e+02 -1.697626663700413303e+02
1.900000000000000000e+02 -1.277014375828314208e+01
2.000000000000000000e+02 3.611836460719287345e+01
2.100000000000000000e+02 -2.176195972283200604e+02
2.200000000000000000e+02 -2.735103163049137720e+02
2.300000000000000000e+02 -4.865760934980069123e+02
2.400000000000000000e+02 -5.220535175221727968e+02
2.500000000000000000e+02 -1.061128450748686731e+02
2.600000000000000000e+02 -1.558139996507821650e+02
2.700000000000000000e+02 -1.922255941672980271e+02
2.800000000000000000e+02 -1.396459879638273662e+02
2.900000000000000000e+02 -1.498565591789463554e+02
3.000000000000000000e+02 -8.439824241629507640e+01
3.100000000000000000e+02 -1.032284982322955216e+02
3.200000000000000000e+02 -2.038717996847981340e+02
3.300000000000000000e+02 -2.328995109811750126e+02
3.400000000000000000e+02 -3.736128474530923427e+01
3.500000000000000000e+02 -1.600443672453526744e+01
3.600000000000000000e+02 -5.449891590740313774e+01
3.700000000000000000e+02 -1.826821592701214172e+02
3.800000000000000000e+02 -9.837751117519106003e+01
3.900000000000000000e+02 -9.811334981743689809e+01
4.000000000000000000e+02 -5.497522801141917626e+01
4.100000000000000000e+02 2.329232338268298719e+01
4.200000000000000000e+02 -4.481806642965599252e+01
4.300000000000000000e+02 -1.020193635406085377e+02
4.400000000000000000e+02 -2.010949028193023764e+02
4.500000000000000000e+02 -4.511085633077837542e+01
4.600000000000000000e+02 3.702198603376484698e+01
4.700000000000000000e+02 5.883567704812282528e+01
4.800000000000000000e+02 7.779902111274947174e+01
4.900000000000000000e+02 7.907955073806692781e+01
5.000000000000000000e+02 7.975748566095420244e+01
5.100000000000000000e+02 8.271544643505944805e+01
5.200000000000000000e+02 9.133948355501341609e+01
5.300000000000000000e+02 1.067053229225922735e+02
5.400000000000000000e+02 1.184355442817984994e+02
5.500000000000000000e+02 1.319869819996578144e+02
5.600000000000000000e+02 1.397021234659201809e+02
5.700000000000000000e+02 1.342894160080483346e+02
5.800000000000000000e+02 1.153976486648868729e+02
5.900000000000000000e+02 1.519768610426380633e+02
6.000000000000000000e+02 1.642171151264552975e+02
6.100000000000000000e+02 1.469172485482168042e+02
6.200000000000000000e+02 1.532664635884970323e+02
6.300000000000000000e+02 1.378078010884710523e+02
6.400000000000000000e+02 1.252158918379516876e+02
6.500000000000000000e+02 1.228771552468632962e+02
6.600000000000000000e+02 1.343009148080840589e+02
6.700000000000000000e+02 1.498507599611253625e+02
6.800000000000000000e+02 2.187578781808603310e+02
6.900000000000000000e+02 1.796569018394596640e+02
7.000000000000000000e+02 1.660594856402125572e+02
7.100000000000000000e+02 1.514566109403658913e+02
7.200000000000000000e+02 1.040693817482206214e+02
7.300000000000000000e+02 1.459284614931985118e+02
7.400000000000000000e+02 2.077133483006200834e+02
7.500000000000000000e+02 2.238577368418812910e+02
7.600000000000000000e+02 1.763392855683932225e+02
7.700000000000000000e+02 1.380129584657980502e+02
7.800000000000000000e+02 1.924327903568263878e+02
7.900000000000000000e+02 2.193476840349923691e+02
8.000000000000000000e+02 8.953884838801816670e+01
8.100000000000000000e+02 2.288621547935336764e+02
8.200000000000000000e+02 2.491188834580914033e+02
8.300000000000000000e+02 2.338057602836012165e+02
8.400000000000000000e+02 2.032026287728094189e+02
8.500000000000000000e+02 2.426190870736487284e+02
8.600000000000000000e+02 2.403959498973007953e+02
8.700000000000000000e+02 7.453948269194030729e+01
