0.000000000000000000e+00 -5.618958633724657830e+02
1.000000000000000000e+00 -5.474730279098753272e+02
2.000000000000000000e+00 -4.032029741110536492e+01
3.000000000000000000e+00 -3.665030333161654994e+02
4.000000000000000000e+00 -3.823986598234089342e+02
5.000000000000000000e+00 -3.708871125257149970e+02
6.000000000000000000e+00 -3.454878185935287433e+02
7.000000000000000000e+00 -1.965830534074609659e+02
8.000000000000000000e+00 -5.427121380738864218e+02
9.000000000000000000e+00 -1.932369734141420281e+01
1.000000000000000000e+01 -3.629226579523473788e+02
1.100000000000000000e+01 -1.664227770643963709e+02
1.200000000000000000e+01 -2.684528664515080436e+02
1.300000000000000000e+01 -3.504853481160837418e+02
1.400000000000000000e+01 -2.967144749088417939e+02
1.500000000000000000e+01 -4.239697781061447586e+02
1.600000000000000000e+01 -3.240844471274051557e+02
1.700000000000000000e+01 -2.685087561615071081e+02
1.800000000000000000e+01 -5.156550895504699383e+02
1.900000000000000000e+01 -2.941286069655913025e+02
2.000000000000000000e+01 -5.333291777477865026e+02
2.100000000000000000e+01 -2.798499693157439197e+02
2.200000000000000000e+01 -2.579323729691418521e+02
2.300000000000000000e+01 -4.903852090088141722e+02
2.400000000000000000e+01 -3.828660470053675908e+02
2.500000000000000000e+01 -1.917894658604444942e+02
2.600000000000000000e+01 -1.262696495712300617e+02
2.700000000000000000e+01 -3.914984382847073903e+02
2.800000000000000000e+01 -4.570401754895755744e+02
2.900000000000000000e+01 -3.924903660540479109e+02
3.000000000000000000e+01 -2.087385178774994472e+02
3.100000000000000000e+01 -5.665274494830116510e+02
3.200000000000000000e+01 -2.729829496686224957e+02
3.300000000000000000e+01 -4.511739548353875762e+02
3.400000000000000000e+01 8.835690415611608728e+00
3.500000000000000000e+01 -4.702734362217415196e+02
3.600000000000000000e+01 -1.480258089030252791e+02
3.700000000000000000e+01 -1.369518724538601759e+02
3.800000000000000000e+01 -3.505226163095468905e+01
3.900000000000000000e+01 -1.849241240471627066e+02
4.000000000000000000e+01 -1.781695712571422519e+02
4.100000000000000000e+01 -1.928401703270627650e+02
4.200000000000000000e+01 -3.455198027427148872e+02
4.300000000000000000e+01 -1.089237989857181645e+02
4.400000000000000000e+01 -9.357203156964148150e+01
4.500000000000000000e+01 -1.789523378657880528e+02
4.600000000000000000e+01 -6.584406551801434659e+01
4.700000000000000000e+01 -1.064423195957389936e+02
4.800000000000000000e+01 -2.042916380659234505e+02
4.900000000000000000e+01 -9.792777351793877472e+01
5.000000000000000000e+01 -5.310976891344812429e+02
5.100000000000000000e+01 -1.380963438792302611e+02
5.200000000000000000e+01 -1.958981829270207129e+02
5.300000000000000000e+01 -4.177526946698503707e+02
5.400000000000000000e+01 -2.040527672741320373e+02
5.500000000000000000e+01 -6.457223620227505023e+01
5.600000000000000000e+01 -3.363151770614064162e+02
5.700000000000000000e+01 -3.230088252705113518e+02
5.800000000000000000e+01 -2.199936720436481608e+01
5.900000000000000000e+01 -1.865831416397682858e+02
6.000000000000000000e+01 -3.540230517590595127e+01
6.100000000000000000e+01 -1.899601188541586794e+02
6.200000000000000000e+01 -7.088968768772571138e+01
6.300000000000000000e+01 -3.328894199447306050e+02
6.400000000000000000e+01 -3.524119998657844235e+02
6.500000000000000000e+01 -1.130488948983901025e+02
6.600000000000000000e+01 -5.578676482024517469e+01
6.700000000000000000e+01 -1.382445307934262928e+02
6.800000000000000000e+01 -2.892208689558937351e+01
6.900000000000000000e+01 -4.347544550773526453e+02
7.000000000000000000e+01 -1.550642615638274719e+02
7.100000000000000000e+01 -2.286721460013790761e+02
7.200000000000000000e+01 -6.986097074101904525e+01
7.300000000000000000e+01 -3.962460280606193805e+02
7.400000000000000000e+01 -4.395840468574881470e+02
7.500000000000000000e+01 -1.362198778037087550e+02
7.600000000000000000e+01 -1.123458348169944117e+02
7.700000000000000000e+01 -9.506250568188438876e+01
7.800000000000000000e+01 -1.261535178079767547e+02
7.900000000000000000e+01 -5.222200115854866453e+02
8.000000000000000000e+01 -2.178417551381970725e+02
8.100000000000000000e+01 -3.027425974228308405e+02
8.200000000000000000e+01 -1.552741292422622337e+02
8.300000000000000000e+01 -1.176950106414167010e+02
8.400000000000000000e+01 -1.666625573791449710e+02
8.500000000000000000e+01 -1.602818457850931964e+02
8.600000000000000000e+01 -7.427968696455999975e+01
8.700000000000000000e+01 -1.032920638458265188e+02
8.800000000000000000e+01 -2.499088594380032191e+02
8.900000000000000000e+01 -3.364303747150310073e+02
9.000000000000000000e+01 -6.078988694620146589e+02
9.100000000000000000e+01 -1.739916575720444314e+01
9.200000000000000000e+01 -1.478644566255948121e+02
9.300000000000000000e+01 -2.058032098845240512e+02
9.400000000000000000e+01 -1.337151370341262009e+02
9.500000000000000000e+01 -4.388549268974226436e+01
9.600000000000000000e+01 -2.435557883912144916e+02
9.700000000000000000e+01 -2.591545326426170277e+02
9.800000000000000000e+01 -1.383571050185989577e+02
9.900000000000000000e+01 -2.042809993770484311e+02
1.000000000000000000e+02 -5.906073266055342401e+02
1.010000000000000000e+02 -1.122929251781752384e+02
1.020000000000000000e+02 -2.756899751878456755e+02
1.030000000000000000e+02 -1.883258010477944140e+02
1.040000000000000000e+02 -3.063661727867262243e+02
1.050000000000000000e+02 -2.390143897435939948e+02
1.060000000000000000e+02 -3.362004986675492546e+02
1.070000000000000000e+02 -1.330084226564264895e+02
1.080000000000000000e+02 -1.838465828481564586e+02
1.090000000000000000e+02 -2.868102250953639896e+02
1.100000000000000000e+02 -2.159811543629936637e+02
1.110000000000000000e+02 -2.653508420191634514e+02
1.120000000000000000e+02 -2.428430631673829794e+02
1.130000000000000000e+02 -2.959000268285601578e+02
1.140000000000000000e+02 -2.263233142329362693e+02
1.150000000000000000e+02 -5.885044346495167389e+01
1.160000000000000000e+02 -2.223927719602236266e+02
1.170000000000000000e+02 -3.809352183278877533e+02
1.180000000000000000e+02 -2.721424240006764421e+02
1.190000000000000000e+02 -1.606098990775349193e+02
1.200000000000000000e+02 -2.835483178043002681e+02
1.210000000000000000e+02 -5.246529210914955854e+01
1.220000000000000000e+02 -3.177823288989016532e+02
1.230000000000000000e+02 -1.872481612798082438e+02
1.240000000000000000e+02 -3.482489016909430575e+02
1.250000000000000000e+02 -2.943496069754734208e+02
1.260000000000000000e+02 -2.305675807683901724e+02
1.270000000000000000e+02 -5.459264486759586816e+02
1.280000000000000000e+02 -7.492566087572474487e+01
1.290000000000000000e+02 -2.777631661059084536e+02
1.300000000000000000e+02 -1.868464668672174582e+02
1.310000000000000000e+02 -1.823024507464521662e+02
1.320000000000000000e+02 -1.510892564252002899e+02
1.330000000000000000e+02 -2.272977554463689103e+02
1.340000000000000000e+02 -1.750043672333629843e+02
1.350000000000000000e+02 -2.404056348214998025e+02
1.360000000000000000e+02 -2.244967816978598307e+02
1.370000000000000000e+02 -1.807369494170860378e+02
1.380000000000000000e+02 -2.726795383837337567e+02
1.390000000000000000e+02 -6.095918632065055931e+01
1.400000000000000000e+02 -1.217294267878697838e+02
1.410000000000000000e+02 -2.542479097948537117e+02
1.420000000000000000e+02 -1.781791206119050344e+02
1.430000000000000000e+02 -3.200834377048125816e+02
1.440000000000000000e+02 -4.394496609111988050e+02
1.450000000000000000e+02 -2.787553001170216476e+02
1.460000000000000000e+02 -3.533114998476597748e+02
1.470000000000000000e+02 -2.199133300468993752e+02
1.480000000000000000e+02 -2.112325675935021536e+02
1.490000000000000000e+02 -1.664804225865262310e+02
1.500000000000000000e+02 -3.379251867533038194e+02
1.510000000000000000e+02 -4.310213950509507868e+02
1.520000000000000000e+02 -1.782235073741408371e+02
1.530000000000000000e+02 -3.740155402215335130e+02
1.540000000000000000e+02 -2.935274533622986155e+02
1.550000000000000000e+02 -3.849907511168452743e+02
1.560000000000000000e+02 -1.549280243609282479e+02
1.570000000000000000e+02 -1.725829999582461483e+02
1.580000000000000000e+02 -2.386170351950083557e+02
1.590000000000000000e+02 -1.898504407708967392e+02
1.600000000000000000e+02 -3.566738609445273482e+02
1.610000000000000000e+02 -1.669863135928868587e+02
1.620000000000000000e+02 -2.431360442709166705e+02
1.630000000000000000e+02 -2.752951636878360659e+02
1.640000000000000000e+02 -2.396458047986833719e+02
1.650000000000000000e+02 -1.449554696747762534e+02
1.660000000000000000e+02 -1.989306575002250383e+02
1.670000000000000000e+02 -9.331743577915834464e+01
1.680000000000000000e+02 -2.322509554618988545e+02
1.690000000000000000e+02 -1.264339829161035027e+02
1.700000000000000000e+02 -3.732437921721519274e+02
1.710000000000000000e+02 -2.734961247457589479e+02
1.720000000000000000e+02 -2.436854453698962288e+02
1.730000000000000000e+02 -2.566713829809096978e+02
1.740000000000000000e+02 -2.186033962208974799e+02
1.750000000000000000e+02 -1.462523813361437135e+02
1.760000000000000000e+02 -3.170744236847832553e+02
1.770000000000000000e+02 -2.070966276919176039e+02
1.780000000000000000e+02 -1.234642764509346051e+02
1.790000000000000000e+02 -2.215598832692057840e+02
1.800000000000000000e+02 -2.341227580539748772e+02
1.810000000000000000e+02 -2.030953208440391222e+02
1.820000000000000000e+02 -2.202396833203694086e+02
1.830000000000000000e+02 -3.218514190419518854e+02
1.840000000000000000e+02 -2.192340054888782674e+02
1.850000000000000000e+02 -1.242476038872012793e+02
1.860000000000000000e+02 -2.534758892374791799e+02
1.870000000000000000e+02 -1.256583586876035241e+02
1.880000000000000000e+02 -2.561184028405482991e+02
1.890000000000000000e+02 -1.553102311229386032e+02
1.900000000000000000e+02 -2.439498923402628066e+02
1.910000000000000000e+02 -3.691019758117290621e+02
1.920000000000000000e+02 -9.649371167687806405e+01
1.930000000000000000e+02 -3.458143384257394359e+02
1.940000000000000000e+02 -2.781030376484688986e+02
1.950000000000000000e+02 -1.452371738243572281e+02
1.960000000000000000e+02 -4.350488176240386338e+02
1.970000000000000000e+02 -4.783913137544724918e+02
1.980000000000000000e+02 -1.574589629696599218e+02
1.990000000000000000e+02 -1.191190964406254409e+02
2.000000000000000000e+02 -2.158830767839800728e+02
2.010000000000000000e+02 -2.224277230064966488e+02
2.020000000000000000e+02 -1.070372764308647788e+02
2.030000000000000000e+02 -1.298381149530981702e+02
2.040000000000000000e+02 -1.435289858488150685e+02
2.050000000000000000e+02 -2.278365915933287624e+02
2.060000000000000000e+02 -2.555892069176554742e+02
2.070000000000000000e+02 -4.010420293624156329e+02
2.080000000000000000e+02 -5.996045345066262371e+02
2.090000000000000000e+02 -1.956894676735920484e+02
2.100000000000000000e+02 -9.076424181096129473e+01
2.110000000000000000e+02 -5.642879134762613802e+01
2.120000000000000000e+02 -2.213598442571387181e+02
2.130000000000000000e+02 -1.172414305238044676e+02
2.140000000000000000e+02 -7.760099789082825339e+01
2.150000000000000000e+02 -1.573800495527507337e+02
2.160000000000000000e+02 -2.706442162425071274e+02
2.170000000000000000e+02 -2.405727442273615395e+02
2.180000000000000000e+02 -1.561171895625273578e+02
2.190000000000000000e+02 -1.002194408974734756e+02
2.200000000000000000e+02 -1.421989112836839411e+02
2.210000000000000000e+02 -9.204012247230096477e+01
2.220000000000000000e+02 -1.012003195811510494e+02
2.230000000000000000e+02 -7.390601640474432088e+01
2.240000000000000000e+02 -2.686598949501879119e+01
2.250000000000000000e+02 -6.258545716606158038e+01
2.260000000000000000e+02 -4.581592897818259758e+01
2.270000000000000000e+02 -5.243083694767432235e+01
2.280000000000000000e+02 -5.348943277054375045e+01
2.290000000000000000e+02 -4.589308653862919840e+01
2.300000000000000000e+02 -5.639489665428371978e+01
2.310000000000000000e+02 -4.211805944581622896e+01
2.320000000000000000e+02 -1.875148130747289343e+01
2.330000000000000000e+02 -6.401691202361821809e+01
2.340000000000000000e+02 -3.566289221016460687e+01
2.350000000000000000e+02 -9.327600408126095033e+00
2.360000000000000000e+02 -6.712714793979344563e+01
2.370000000000000000e+02 -3.976021102298202692e+01
2.380000000000000000e+02 -8.847232524866234016e+00
2.390000000000000000e+02 -2.526793217740850750e+01
2.400000000000000000e+02 -1.089580933918780836e+01
2.410000000000000000e+02 8.074136611876676639e-01
2.420000000000000000e+02 -3.876979027989757043e+01
2.430000000000000000e+02 -1.221990771340722972e+02
2.440000000000000000e+02 -6.439258076805462849e+01
2.450000000000000000e+02 -5.307994532819540723e+01
2.460000000000000000e+02 -4.661060947672819310e+01
2.470000000000000000e+02 -8.057784726530267960e+01
2.480000000000000000e+02 -5.846836675588616572e+01
2.490000000000000000e+02 -8.772657943162168692e+01
2.500000000000000000e+02 -7.139548612566795782e+01
2.510000000000000000e+02 -6.049331251263127740e+01
2.520000000000000000e+02 -6.006592676008229148e+01
2.530000000000000000e+02 4.692942637728614308e+00
2.540000000000000000e+02 -8.544093874811176192e+01
2.550000000000000000e+02 -1.876560785920254659e+01
2.560000000000000000e+02 -7.907200567102893274e+01
2.570000000000000000e+02 -1.133668857297469970e+02
2.580000000000000000e+02 -9.391771926907622969e+01
2.590000000000000000e+02 1.847455947644134540e+02
2.600000000000000000e+02 3.175320498939939284e+00
2.610000000000000000e+02 2.483157175840291586e+02
2.620000000000000000e+02 2.080680280601039556e+02
2.630000000000000000e+02 1.486268295355819191e+01
2.640000000000000000e+02 -5.154096609597492318e+01
2.650000000000000000e+02 1.883465131861284476e+02
2.660000000000000000e+02 1.231160587124193739e+01
2.670000000000000000e+02 -1.313807553582209664e+01
2.680000000000000000e+02 1.851308340980430671e+02
2.690000000000000000e+02 2.006603221137893343e+02
2.700000000000000000e+02 -4.408671655378356036e+02
2.710000000000000000e+02 2.023603744478055546e+02
2.720000000000000000e+02 -6.945754473893683212e+01
2.730000000000000000e+02 7.071833214481924301e+01
2.740000000000000000e+02 2.398093325248227075e+02
2.750000000000000000e+02 2.058254989385547731e+02
2.760000000000000000e+02 -5.016975000213287217e+01
2.770000000000000000e+02 -1.032446650030623516e+02
2.780000000000000000e+02 -2.701507166276742282e+02
2.790000000000000000e+02 -8.275354236497446436e+01
2.800000000000000000e+02 -6.627229514247139264e+01
2.810000000000000000e+02 -3.302535407720931744e+02
2.820000000000000000e+02 -1.542505727416047705e+02
2.830000000000000000e+02 -4.028885227406495062e+01
2.840000000000000000e+02 -1.072930832887578134e+02
2.850000000000000000e+02 -1.089537872772213234e+02
2.860000000000000000e+02 -1.241264284530008695e+02
2.870000000000000000e+02 -1.416087372217402560e+02
2.880000000000000000e+02 -1.656370320619582799e+02
2.890000000000000000e+02 -6.247875363077930899e+01
2.900000000000000000e+02 -8.965751290116369887e+01
2.910000000000000000e+02 -1.693746569774503428e+02
2.920000000000000000e+02 -1.102453634761006924e+02
2.930000000000000000e+02 -8.424377259247673067e+01
2.940000000000000000e+02 -4.873688909311669448e+01
2.950000000000000000e+02 -4.169242970935705017e+01
2.960000000000000000e+02 -8.029697982819958213e+01
2.970000000000000000e+02 -5.747293942893460894e+01
2.980000000000000000e+02 -7.865815995038316544e+01
2.990000000000000000e+02 -7.646773124176135639e+01
3.000000000000000000e+02 -8.512160084269444837e+01
3.010000000000000000e+02 -3.859810678584735797e+02
3.020000000000000000e+02 -2.889457214023192364e+02
3.030000000000000000e+02 -1.194163526954412760e+02
3.040000000000000000e+02 -3.826928911003334406e+02
3.050000000000000000e+02 -3.490087264028977643e+02
3.060000000000000000e+02 -2.934091950854358402e+02
3.070000000000000000e+02 -3.452458834367944291e+02
3.080000000000000000e+02 -2.496188232690701625e+02
3.090000000000000000e+02 -2.794107846065575131e+02
3.100000000000000000e+02 -2.273716543255357863e+02
3.110000000000000000e+02 -3.811858569822865093e+02
3.120000000000000000e+02 -8.768130617056201004e+01
3.130000000000000000e+02 -1.608016405798805124e+02
3.140000000000000000e+02 -1.722908516456401458e+02
3.150000000000000000e+02 -2.894568659957330965e+02
3.160000000000000000e+02 -1.145275974329944972e+02
3.170000000000000000e+02 -2.118837062089332051e+02
3.180000000000000000e+02 -3.315549481951334201e+02
3.190000000000000000e+02 -1.643510532959077750e+02
3.200000000000000000e+02 -2.797510781773964936e+02
3.210000000000000000e+02 -1.352754567976209614e+02
3.220000000000000000e+02 -1.497632636576840355e+02
3.230000000000000000e+02 -7.612921062439579600e+01
3.240000000000000000e+02 -1.783895376976051921e+02
3.250000000000000000e+02 -1.269240421306196538e+02
3.260000000000000000e+02 -3.597791012775094259e+02
3.270000000000000000e+02 -1.175061333256020930e+02
3.280000000000000000e+02 -1.882373903918005738e+02
3.290000000000000000e+02 -1.478602497305303416e+02
3.300000000000000000e+02 -2.181161973676313437e+02
3.310000000000000000e+02 -1.240366236167131717e+02
3.320000000000000000e+02 -9.093399543516838435e+01
3.330000000000000000e+02 -1.085550316806570805e+02
3.340000000000000000e+02 -1.125419761142624822e+02
3.350000000000000000e+02 -2.305474596735674595e+02
3.360000000000000000e+02 -1.541568810690667988e+02
3.370000000000000000e+02 -1.473362886551931012e+02
3.380000000000000000e+02 2.297794929309912391e+02
3.390000000000000000e+02 -8.835297144100181299e+01
3.400000000000000000e+02 -3.963735574825938812e+01
3.410000000000000000e+02 1.891401727736644602e+02
3.420000000000000000e+02 -1.150636440416267874e+02
3.430000000000000000e+02 1.922426046284373626e+02
3.440000000000000000e+02 1.549633526744347023e+02
3.450000000000000000e+02 1.078198900656539223e+02
3.460000000000000000e+02 -1.921247615100811572e+02
3.470000000000000000e+02 2.518131867119042511e+02
3.480000000000000000e+02 -3.845482535320422102e+01
3.490000000000000000e+02 -7.159416720983662685e+01
3.500000000000000000e+02 -1.660060747764476901e+02
3.510000000000000000e+02 -1.480077898088478037e+02
3.520000000000000000e+02 -8.999774617332082016e+01
3.530000000000000000e+02 -2.898812826233474738e+01
3.540000000000000000e+02 -1.050603484018908773e+02
3.550000000000000000e+02 -2.439716482206121668e+02
3.560000000000000000e+02 -8.124858022728562901e+01
3.570000000000000000e+02 -1.242964779257690537e+02
3.580000000000000000e+02 -1.405788763234415057e+02
3.590000000000000000e+02 -1.583049182853751802e+02
3.600000000000000000e+02 1.396385268426978712e+02
3.610000000000000000e+02 -1.969390687925884436e+02
3.620000000000000000e+02 -8.844244899451892650e+01
3.630000000000000000e+02 -8.798429256921990316e+01
3.640000000000000000e+02 -8.000107371509730569e+01
3.650000000000000000e+02 -6.999512264535225370e+01
3.660000000000000000e+02 -6.092651019978408300e+01
3.670000000000000000e+02 -7.656970440668881395e+01
3.680000000000000000e+02 -6.491067931755343068e+01
3.690000000000000000e+02 4.051949877837780178e+01
3.700000000000000000e+02 1.927793006669340627e+02
3.710000000000000000e+02 1.898020876561118371e+02
3.720000000000000000e+02 -1.156181694092800782e+01
3.730000000000000000e+02 4.180902436637266817e+01
3.740000000000000000e+02 -1.166005025337429224e+01
3.750000000000000000e+02 5.296841755878318736e+01
3.760000000000000000e+02 3.750674745632247209e+01
3.770000000000000000e+02 -2.752549987852022184e+01
3.780000000000000000e+02 -4.280514198000053838e+00
3.790000000000000000e+02 2.153517964000405982e+01
3.800000000000000000e+02 -4.947692498431005248e+01
3.810000000000000000e+02 1.754482684346762369e+02
3.820000000000000000e+02 2.588228425609240162e+02
3.830000000000000000e+02 -1.309810821259334546e+01
3.840000000000000000e+02 1.353826331903327116e+02
3.850000000000000000e+02 -4.359970905938975250e+01
3.860000000000000000e+02 7.837806956238412504e+00
3.870000000000000000e+02 1.688991677543524474e+02
3.880000000000000000e+02 -4.456316028472680557e+01
3.890000000000000000e+02 -2.856155478876910081e+01
3.900000000000000000e+02 -3.245883227528699422e+01
3.910000000000000000e+02 -1.063065348391971554e+02
3.920000000000000000e+02 -1.837579760491899208e+02
3.930000000000000000e+02 -1.234982990143600432e+02
3.940000000000000000e+02 2.863638281821776843e+01
3.950000000000000000e+02 1.887097510942782321e+02
3.960000000000000000e+02 7.475790876130089657e+01
3.970000000000000000e+02 -7.052257975907201626e+01
3.980000000000000000e+02 1.572695323753965795e+02
3.990000000000000000e+02 2.152002720981978143e+02
4.000000000000000000e+02 9.144110639953305508e+01
4.010000000000000000e+02 -1.057641474001199811e+01
4.020000000000000000e+02 -2.500804959901541622e+02
4.030000000000000000e+02 -7.779024374114860052e+01
4.040000000000000000e+02 -1.105276793991389042e+02
4.050000000000000000e+02 1.880542644640797505e+02
4.060000000000000000e+02 -3.432136920631353405e+01
4.070000000000000000e+02 -4.012229296703752368e+01
4.080000000000000000e+02 -5.024856012217462080e+02
4.090000000000000000e+02 -4.690798203621415041e+01
4.100000000000000000e+02 1.554033516629106373e+02
4.110000000000000000e+02 1.653513072593041784e+02
4.120000000000000000e+02 -6.888711257278814060e+00
4.130000000000000000e+02 -8.359001794355381776e+01
4.140000000000000000e+02 -1.007168407438719839e+02
4.150000000000000000e+02 -3.829622859552965508e+01
4.160000000000000000e+02 1.786995191003442471e+02
4.170000000000000000e+02 -6.664691055439810441e+01
4.180000000000000000e+02 -1.460762646439833823e+01
4.190000000000000000e+02 1.648303210621352832e+02
4.200000000000000000e+02 -3.845299791264308453e+01
4.210000000000000000e+02 2.451652798172650307e+02
4.220000000000000000e+02 9.429647621790810774e+01
4.230000000000000000e+02 -1.304373428203285812e+01
4.240000000000000000e+02 -8.787054802370835205e+01
4.250000000000000000e+02 -8.454382096626096654e+01
4.260000000000000000e+02 -2.361053343500707911e+02
4.270000000000000000e+02 -6.942185084409965157e+01
4.280000000000000000e+02 -2.504727796838032106e+01
4.290000000000000000e+02 -7.275940112778017976e+01
4.300000000000000000e+02 -5.638825345276895717e+01
4.310000000000000000e+02 -3.066771392404021412e+01
4.320000000000000000e+02 -2.962516421096546537e+01
4.330000000000000000e+02 2.618416573655696311e+02
4.340000000000000000e+02 -6.802645893267248312e+01
4.350000000000000000e+02 1.968269330979794773e+01
4.360000000000000000e+02 2.702270009739876286e+02
4.370000000000000000e+02 -2.572351318926757102e+01
4.380000000000000000e+02 2.245286813619701434e+02
4.390000000000000000e+02 -3.752577647225982105e+01
4.400000000000000000e+02 2.534421411431782758e+02
4.410000000000000000e+02 -3.244475485471760123e+01
4.420000000000000000e+02 -1.786954021531359160e+01
4.430000000000000000e+02 2.258787245836185775e+02
4.440000000000000000e+02 6.277942795683062371e+01
4.450000000000000000e+02 1.970332781050244080e+02
4.460000000000000000e+02 2.130118275245510233e+02
4.470000000000000000e+02 2.023326986735276591e+02
4.480000000000000000e+02 2.288223305727718753e+02
4.490000000000000000e+02 2.172288252801235444e+02
4.500000000000000000e+02 2.221203310177386925e+02
4.510000000000000000e+02 2.022461324227621162e+02
4.520000000000000000e+02 2.199014626560578733e+02
4.530000000000000000e+02 2.118831709918951560e+02
4.540000000000000000e+02 2.497552317541433240e+02
4.550000000000000000e+02 2.141467081637188699e+02
4.560000000000000000e+02 1.068508324965816172e+02
4.570000000000000000e+02 2.620810229542871639e+02
4.580000000000000000e+02 2.332356321538280213e+02
4.590000000000000000e+02 2.270127043328592720e+02
4.600000000000000000e+02 2.280586796489241692e+02
4.610000000000000000e+02 2.567706934527415115e+02
4.620000000000000000e+02 2.462259195872488249e+02
4.630000000000000000e+02 2.493966603641743518e+02
4.640000000000000000e+02 2.662034608566058296e+02
4.650000000000000000e+02 1.867640293940782499e+02
4.660000000000000000e+02 2.470324929315083295e+02
4.670000000000000000e+02 1.123725628273419659e+02
4.680000000000000000e+02 2.009160520710602214e+02
4.690000000000000000e+02 2.105453557204217816e+02
4.700000000000000000e+02 1.540491334815123992e+02
4.710000000000000000e+02 2.077883998706701050e+02
4.720000000000000000e+02 1.663645267821780180e+02
4.730000000000000000e+02 1.559569535915307767e+02
4.740000000000000000e+02 1.672495295478182129e+02
4.750000000000000000e+02 6.101909441426072789e+01
4.760000000000000000e+02 3.026175951973236167e+01
4.770000000000000000e+02 1.943908719581510240e+02
4.780000000000000000e+02 2.361312919326570920e+02
4.790000000000000000e+02 2.440847609484482064e+02
4.800000000000000000e+02 2.021865267966938973e+02
4.810000000000000000e+02 1.409537897178549883e+02
4.820000000000000000e+02 1.981346939663199862e+02
4.830000000000000000e+02 1.967081372275242757e+02
4.840000000000000000e+02 2.410930990203229953e+02
4.850000000000000000e+02 1.854033348181829695e+02
4.860000000000000000e+02 1.635078455094809442e+02
4.870000000000000000e+02 2.154855509796574324e+02
4.880000000000000000e+02 6.333496955799925665e+00
4.890000000000000000e+02 -5.507802034066749286e+00
4.900000000000000000e+02 -2.959057046767487620e+01
4.910000000000000000e+02 2.643489112306513107e+02
4.920000000000000000e+02 2.253070967139694005e+02
4.930000000000000000e+02 2.161640185760646773e+02
4.940000000000000000e+02 1.777013161289489744e+02
4.950000000000000000e+02 2.700331869812265495e+02
4.960000000000000000e+02 2.314841460723521038e+02
4.970000000000000000e+02 4.763563764339314943e+00
4.980000000000000000e+02 2.264699445840174405e+02
4.990000000000000000e+02 2.817336372767040302e+02
5.000000000000000000e+02 2.253839385045690733e+02
5.010000000000000000e+02 1.135393868234317161e+01
5.020000000000000000e+02 2.307522491443401123e+02
5.030000000000000000e+02 1.471275483373186148e+02
5.040000000000000000e+02 2.721904546132848282e+02
5.050000000000000000e+02 1.948649228293388376e+02
5.060000000000000000e+02 2.851146476186496557e+02
5.070000000000000000e+02 2.122578643121004234e+02
5.080000000000000000e+02 2.534370696075951628e+02
5.090000000000000000e+02 1.895702668631456049e+02
5.100000000000000000e+02 1.820020930692202228e+02
5.110000000000000000e+02 -4.135281640747112988e+02
5.120000000000000000e+02 1.965489972740192570e+02
5.130000000000000000e+02 -6.163223654480113112e+01
5.140000000000000000e+02 2.095803406056309939e+02
5.150000000000000000e+02 2.570732169459872694e+02
5.160000000000000000e+02 2.344786286007816898e+02
5.170000000000000000e+02 2.504586577515302110e+02
5.180000000000000000e+02 2.052622301585647051e+02
5.190000000000000000e+02 2.120635412017797989e+02
5.200000000000000000e+02 2.207687062494365193e+02
5.210000000000000000e+02 -2.212808193870251671e+03
5.220000000000000000e+02 2.184630810796697915e+02
5.230000000000000000e+02 2.095783656856115442e+02
5.240000000000000000e+02 2.622653293978675606e+02
5.250000000000000000e+02 2.065437186249973820e+02
5.260000000000000000e+02 2.149924609923253342e+02
5.270000000000000000e+02 2.314161220765177518e+02
5.280000000000000000e+02 -3.438884803677290591e+01
5.290000000000000000e+02 2.271360619152839320e+02
5.300000000000000000e+02 2.615505600266287729e+02
5.310000000000000000e+02 1.614887659615287703e+02
5.320000000000000000e+02 2.391437818485984508e+02
5.330000000000000000e+02 1.987250084701033472e+02
5.340000000000000000e+02 2.162536104524353675e+02
5.350000000000000000e+02 2.670151820760099213e+02
5.360000000000000000e+02 -1.644284771250386257e+02
5.370000000000000000e+02 2.848161372366248543e+02
5.380000000000000000e+02 2.791014717430158498e+02
5.390000000000000000e+02 -3.661468598777166790e+02
5.400000000000000000e+02 -6.027054548098391251e+00
5.410000000000000000e+02 2.564281491510232627e+02
5.420000000000000000e+02 2.403052850028338128e+02
5.430000000000000000e+02 2.627554580247569334e+02
5.440000000000000000e+02 -4.494895023175537290e+02
5.450000000000000000e+02 2.000085920136764628e+01
5.460000000000000000e+02 2.173349313343076119e+02
5.470000000000000000e+02 2.566900513421729215e+02
5.480000000000000000e+02 1.948112652284659703e+02
5.490000000000000000e+02 -7.880326773088610253e+02
5.500000000000000000e+02 -3.062448490090378073e+01
5.510000000000000000e+02 2.447859993233704756e+02
5.520000000000000000e+02 2.186634755866602688e+02
5.530000000000000000e+02 1.624743544949965326e+02
5.540000000000000000e+02 2.335763189144649061e+02
5.550000000000000000e+02 2.745134376927676954e+02
5.560000000000000000e+02 2.281082840564962737e+02
5.570000000000000000e+02 2.411893709456199986e+02
5.580000000000000000e+02 2.306787298793005334e+02
5.590000000000000000e+02 2.329811605361061879e+02
5.600000000000000000e+02 2.064125842265100346e+02
5.610000000000000000e+02 -2.950838122070891245e+01
5.620000000000000000e+02 1.575727017258507772e+02
5.630000000000000000e+02 4.082472492441377199e+01
5.640000000000000000e+02 1.652182698066707189e+02
5.650000000000000000e+02 2.297773134804567974e+02
5.660000000000000000e+02 2.246974127170665270e+02
5.670000000000000000e+02 -1.289936243615749589e+01
5.680000000000000000e+02 2.380700008493372195e+02
5.690000000000000000e+02 2.738667125371121074e+02
5.700000000000000000e+02 2.627501158463836077e+02
5.710000000000000000e+02 7.391238458809922918e+00
5.720000000000000000e+02 1.935350811052922495e+02
5.730000000000000000e+02 2.631464900613087821e+02
5.740000000000000000e+02 2.128879360950167268e+02
5.750000000000000000e+02 2.285991727049018039e+02
5.760000000000000000e+02 1.118634280144652848e+01
5.770000000000000000e+02 2.222689752002616785e+02
5.780000000000000000e+02 2.484936013990494814e+02
5.790000000000000000e+02 -9.031532236609595543e+01
5.800000000000000000e+02 1.625579794680930661e+02
5.810000000000000000e+02 2.432923106920766827e+02
5.820000000000000000e+02 -2.498875638256450316e+00
5.830000000000000000e+02 -9.987682401953909661e+00
5.840000000000000000e+02 2.875991325478056524e+02
5.850000000000000000e+02 2.651754788223265678e+02
5.860000000000000000e+02 1.918198830749201989e+02
5.870000000000000000e+02 2.331627388122916500e+02
5.880000000000000000e+02 2.410737187631108895e+02
5.890000000000000000e+02 2.089543974883841884e+02
5.900000000000000000e+02 2.174061632728915754e+02
5.910000000000000000e+02 2.054485585500571574e+02
5.920000000000000000e+02 -1.182429192852328725e+02
5.930000000000000000e+02 2.809946406481954000e+02
5.940000000000000000e+02 2.559480252635720205e+02
5.950000000000000000e+02 -3.758024071198295246e+02
5.960000000000000000e+02 -1.757173001075074126e-01
5.970000000000000000e+02 2.506813372878330028e+02
5.980000000000000000e+02 1.693050674538042983e+02
5.990000000000000000e+02 2.420971158845375726e+00
6.000000000000000000e+02 2.242558147099777557e+02
6.010000000000000000e+02 2.665727571219698575e+02
6.020000000000000000e+02 1.341965987599195103e+02
6.030000000000000000e+02 1.859681742557813493e+02
6.040000000000000000e+02 1.816702265387707484e+02
6.050000000000000000e+02 1.833183127523128633e+02
6.060000000000000000e+02 2.972882107298444225e+02
6.070000000000000000e+02 2.351879863677578442e+02
6.080000000000000000e+02 2.149547020872408325e+02
6.090000000000000000e+02 2.674175199215640646e+02
6.100000000000000000e+02 2.165940666158532792e+02
6.110000000000000000e+02 2.198423300519040708e+02
6.120000000000000000e+02 1.981387503163601309e+02
6.130000000000000000e+02 -1.863443968979703982e+02
6.140000000000000000e+02 2.524561148863023163e+02
6.150000000000000000e+02 2.510990669458369098e+02
6.160000000000000000e+02 1.886023488080460027e+02
6.170000000000000000e+02 2.270520640694633698e+02
6.180000000000000000e+02 2.465459914409262012e+02
6.190000000000000000e+02 1.827722163215991600e+02
6.200000000000000000e+02 1.778174056188390750e+02
6.210000000000000000e+02 6.443551636485253198e+01
6.220000000000000000e+02 2.450412392111267934e+02
6.230000000000000000e+02 2.430882127715661341e+02
6.240000000000000000e+02 2.283032716105428506e+02
6.250000000000000000e+02 -5.622631040395380353e+01
6.260000000000000000e+02 2.190577966392852147e+02
6.270000000000000000e+02 2.687172441671597767e+02
6.280000000000000000e+02 2.333179004705762907e+02
6.290000000000000000e+02 2.450388477548212904e+02
6.300000000000000000e+02 2.309354385171063200e+02
6.310000000000000000e+02 2.466451862270831441e+02
6.320000000000000000e+02 -1.220332819930715118e+01
6.330000000000000000e+02 2.513226462747394123e+02
6.340000000000000000e+02 2.251932074094586937e+02
6.350000000000000000e+02 2.562380078166923454e+02
6.360000000000000000e+02 2.408522818647469990e+02
6.370000000000000000e+02 1.763466088472114564e+02
6.380000000000000000e+02 2.338022184805496124e+02
6.390000000000000000e+02 2.177498680609197947e+02
6.400000000000000000e+02 2.040666345783329518e+02
6.410000000000000000e+02 -4.028615128485084540e+01
6.420000000000000000e+02 2.443097673029266730e+02
6.430000000000000000e+02 1.923308783270803133e+02
6.440000000000000000e+02 2.114518211429987673e+02
6.450000000000000000e+02 2.872680485033492914e+02
6.460000000000000000e+02 1.815179104630312850e+02
6.470000000000000000e+02 2.051315653051713923e+02
6.480000000000000000e+02 -5.627429178280362976e+01
6.490000000000000000e+02 2.084497694083323722e+02
6.500000000000000000e+02 -1.854605017430976091e+02
6.510000000000000000e+02 2.186646057773687346e+02
6.520000000000000000e+02 1.886765683358776755e+02
6.530000000000000000e+02 2.653808516972685538e+02
6.540000000000000000e+02 2.544874070414983578e+02
6.550000000000000000e+02 2.379928402269471519e+02
6.560000000000000000e+02 1.697178385905716311e+02
6.570000000000000000e+02 1.823895133749953459e+02
6.580000000000000000e+02 2.256306173736876985e+01
6.590000000000000000e+02 2.092074198168019166e+02
6.600000000000000000e+02 2.383486798125251767e+02
6.610000000000000000e+02 1.083358469616502333e+02
6.620000000000000000e+02 2.670742410787099743e+02
6.630000000000000000e+02 2.194457096638724352e+02
6.640000000000000000e+02 1.791153103892053196e+02
6.650000000000000000e+02 2.835665214725827354e+02
6.660000000000000000e+02 2.531759217240682176e+02
6.670000000000000000e+02 1.667092203875357370e+01
6.680000000000000000e+02 2.222965050581677815e+02
6.690000000000000000e+02 3.171192323566296523e+01
6.700000000000000000e+02 1.661475529766298678e+02
6.710000000000000000e+02 2.256535238436614748e+02
6.720000000000000000e+02 -5.868557381498015246e+01
6.730000000000000000e+02 2.846945642775283432e+02
6.740000000000000000e+02 -2.660371373387640404e+01
6.750000000000000000e+02 5.312710558268426553e+01
6.760000000000000000e+02 2.252771705966880518e+02
6.770000000000000000e+02 2.400804427380283528e+02
6.780000000000000000e+02 1.948455702825770857e+02
6.790000000000000000e+02 2.657137202268306737e+02
6.800000000000000000e+02 2.320206188338008531e+02
6.810000000000000000e+02 1.965227518428932285e+02
6.820000000000000000e+02 7.775058043636590810e+00
6.830000000000000000e+02 2.218994345687228815e+02
6.840000000000000000e+02 2.534800271596436119e+02
6.850000000000000000e+02 2.639309020329000077e+02
6.860000000000000000e+02 2.626147124407535216e+02
6.870000000000000000e+02 2.332284415634487118e+02
6.880000000000000000e+02 2.041179484105107065e+02
6.890000000000000000e+02 1.900805342486176812e+02
6.900000000000000000e+02 2.570837112173517767e+02
6.910000000000000000e+02 2.604906828474891540e+02
6.920000000000000000e+02 2.165715231436948898e+02
6.930000000000000000e+02 2.449071806555895705e+02
6.940000000000000000e+02 2.471807664380160077e+02
6.950000000000000000e+02 8.039155310198272275e+01
6.960000000000000000e+02 4.546084632445769103e+00
6.970000000000000000e+02 2.681956729393098158e+02
6.980000000000000000e+02 2.497169865714280093e+02
6.990000000000000000e+02 2.132473502857367578e+02
7.000000000000000000e+02 2.442584552794465935e+02
7.010000000000000000e+02 2.789646711788302014e+02
7.020000000000000000e+02 1.948941763325642569e+02
7.030000000000000000e+02 -3.819453237581234362e+01
7.040000000000000000e+02 2.159515736149477334e+02
7.050000000000000000e+02 1.716920988178148093e+02
7.060000000000000000e+02 2.038136237027599691e+02
7.070000000000000000e+02 2.181979432843927498e+02
7.080000000000000000e+02 1.990046029146867852e+02
7.090000000000000000e+02 2.606571191758744135e+02
7.100000000000000000e+02 2.553352113489386852e+02
7.110000000000000000e+02 2.739738894537745182e+02
7.120000000000000000e+02 2.575200529390774022e+02
7.130000000000000000e+02 2.387245724361733039e+02
7.140000000000000000e+02 2.681064033041029688e+02
7.150000000000000000e+02 2.856442262909867509e+02
7.160000000000000000e+02 2.291538444843749289e+02
7.170000000000000000e+02 2.331322124334232626e+02
7.180000000000000000e+02 2.683259527056527531e+02
7.190000000000000000e+02 2.558082605226245789e+02
7.200000000000000000e+02 2.389963228628107572e+02
7.210000000000000000e+02 3.020165479908982888e+02
7.220000000000000000e+02 2.304619652470072424e+02
7.230000000000000000e+02 3.380271561285826465e+01
7.240000000000000000e+02 2.825303069812960075e+02
7.250000000000000000e+02 2.269137547492778140e+02
7.260000000000000000e+02 2.783394477666352032e+02
7.270000000000000000e+02 2.820849554222039615e+02
7.280000000000000000e+02 2.948725453013636297e+02
7.290000000000000000e+02 2.593556956022206350e+02
7.300000000000000000e+02 2.825440847040457584e+02
7.310000000000000000e+02 2.191209346345691529e+02
7.320000000000000000e+02 2.305456335059545268e+02
7.330000000000000000e+02 2.256502779730460020e+02
7.340000000000000000e+02 2.679616450968765093e+02
7.350000000000000000e+02 2.295648884699246821e+02
7.360000000000000000e+02 -1.695028580956613382e+02
7.370000000000000000e+02 2.572921623201530679e+02
7.380000000000000000e+02 2.234207365999266415e+02
7.390000000000000000e+02 2.361162731553725678e+02
7.400000000000000000e+02 2.532907211289246163e+02
7.410000000000000000e+02 2.936576532175400871e+02
7.420000000000000000e+02 2.498605771337092563e+02
7.430000000000000000e+02 2.736359770699835963e+02
7.440000000000000000e+02 2.155444972096569245e+02
7.450000000000000000e+02 2.323166745246803089e+02
7.460000000000000000e+02 1.692463759823751559e+02
7.470000000000000000e+02 2.370026909016529260e+02
7.480000000000000000e+02 1.957086148684500984e+02
7.490000000000000000e+02 2.521878906511666401e+02
7.500000000000000000e+02 2.212829111099734121e+02
7.510000000000000000e+02 2.668513555471827203e+02
7.520000000000000000e+02 4.068010768929692489e+01
7.530000000000000000e+02 2.657338853998141985e+02
7.540000000000000000e+02 2.217606815262700479e+02
7.550000000000000000e+02 -2.582726636140549203e+01
7.560000000000000000e+02 2.116934123032806383e+02
7.570000000000000000e+02 2.089884207974622257e+02
7.580000000000000000e+02 2.740637561287342123e+02
7.590000000000000000e+02 2.192902402366738954e+02
7.600000000000000000e+02 -8.637374531754210238e+01
7.610000000000000000e+02 2.191052857810724674e+02
7.620000000000000000e+02 2.833871692488453959e+02
7.630000000000000000e+02 -2.689658754747277385e+02
7.640000000000000000e+02 2.661261727401893040e+02
7.650000000000000000e+02 1.822377701080585553e+02
7.660000000000000000e+02 -3.021858177949953870e+02
7.670000000000000000e+02 2.543889801193562050e+02
7.680000000000000000e+02 2.834283621987856350e+01
7.690000000000000000e+02 -6.258601708206072090e+00
7.700000000000000000e+02 2.259081564622527480e+02
7.710000000000000000e+02 -1.222722749673480251e+02
7.720000000000000000e+02 2.887858426655199082e+02
7.730000000000000000e+02 2.385542402667517194e+02
7.740000000000000000e+02 2.235292882986723555e+02
7.750000000000000000e+02 2.546983121061221880e+02
7.760000000000000000e+02 2.519329360053901041e+02
7.770000000000000000e+02 1.322843892165749402e+01
7.780000000000000000e+02 2.474096478957998215e+02
7.790000000000000000e+02 2.219931726621142332e+02
7.800000000000000000e+02 2.390989826938089493e+02
7.810000000000000000e+02 -1.813272403819642022e+02
7.820000000000000000e+02 2.159099518177180244e+02
7.830000000000000000e+02 -1.653562118969452399e+01
7.840000000000000000e+02 1.749558975281439075e+02
7.850000000000000000e+02 2.287581450867334922e+02
7.860000000000000000e+02 2.494555441837963485e+02
7.870000000000000000e+02 2.724794903869998848e+02
7.880000000000000000e+02 2.726409452668523272e+02
7.890000000000000000e+02 2.435535992327341432e+02
7.900000000000000000e+02 2.282438925184971765e+02
7.910000000000000000e+02 2.119486977761544608e+02
7.920000000000000000e+02 -5.276889133286360902e+02
7.930000000000000000e+02 2.888766355026305632e+01
7.940000000000000000e+02 2.338793014504008170e+02
7.950000000000000000e+02 2.834246278372085044e+02
7.960000000000000000e+02 2.433089076141945100e+02
7.970000000000000000e+02 2.073626977037131383e+02
7.980000000000000000e+02 2.751712493757709126e+02
7.990000000000000000e+02 2.506099962910624868e+02
8.000000000000000000e+02 2.261534118444840828e+02
8.010000000000000000e+02 2.670039062004809693e+02
8.020000000000000000e+02 1.523585413858828019e+01
8.030000000000000000e+02 -3.143473617185780995e+02
8.040000000000000000e+02 2.365150586484702728e+02
8.050000000000000000e+02 2.391700507411799776e+02
8.060000000000000000e+02 2.626363518757026441e+02
8.070000000000000000e+02 2.866706836475115665e+02
8.080000000000000000e+02 1.845336528620846934e+02
8.090000000000000000e+02 2.851046385334946081e+02
8.100000000000000000e+02 2.385933414335449072e+02
8.110000000000000000e+02 2.290691738686890062e+02
8.120000000000000000e+02 2.907159983639720053e+02
8.130000000000000000e+02 1.957546678582456252e+02
8.140000000000000000e+02 2.821999694045437082e+02
8.150000000000000000e+02 2.805245274171184633e+01
8.160000000000000000e+02 2.136968288672625249e+02
8.170000000000000000e+02 9.346290033072507697e+01
8.180000000000000000e+02 2.965802531066825054e+02
8.190000000000000000e+02 2.687815933485484265e+02
8.200000000000000000e+02 2.537121181530857825e+02
8.210000000000000000e+02 2.362453390642132831e+02
8.220000000000000000e+02 1.559436922586775154e+01
8.230000000000000000e+02 1.673828412672698107e+02
8.240000000000000000e+02 2.747832940681060450e+02
8.250000000000000000e+02 2.464734207810032274e+02
8.260000000000000000e+02 2.358875425430130406e+02
8.270000000000000000e+02 2.940009606649175566e+02
8.280000000000000000e+02 2.462488395947005415e+01
8.290000000000000000e+02 2.624209671784229840e+02
8.300000000000000000e+02 1.744076618372037046e+02
8.310000000000000000e+02 2.215437197180612543e+02
8.320000000000000000e+02 2.079174060548886018e+02
8.330000000000000000e+02 2.674892674118602827e+02
8.340000000000000000e+02 2.248660968723748965e+01
8.350000000000000000e+02 2.041352346342590636e+02
8.360000000000000000e+02 2.521122976035022418e+02
8.370000000000000000e+02 2.649765396810211087e+02
8.380000000000000000e+02 -8.363701204116289034e+01
8.390000000000000000e+02 2.641976255124041586e+02
8.400000000000000000e+02 2.186070653714599814e+02
8.410000000000000000e+02 2.140096288960421589e+02
8.420000000000000000e+02 7.264177639505703610e+00
8.430000000000000000e+02 2.462851111571082470e+02
8.440000000000000000e+02 2.455208455507860492e+02
8.450000000000000000e+02 -1.172008277426048011e+02
8.460000000000000000e+02 -4.508275249213946267e+01
8.470000000000000000e+02 -4.782260777527159945e+01
8.480000000000000000e+02 2.907268348300632397e+02
8.490000000000000000e+02 2.699505906823427495e+02
8.500000000000000000e+02 2.283249316692632647e+01
8.510000000000000000e+02 1.665749965597753146e+01
8.520000000000000000e+02 -2.219440984677619326e+02
8.530000000000000000e+02 2.559065223198610965e+02
8.540000000000000000e+02 -1.340444803372961360e+02
8.550000000000000000e+02 2.130737277809103034e+02
8.560000000000000000e+02 4.075610357768471026e+00
8.570000000000000000e+02 -1.641704822094270355e+01
8.580000000000000000e+02 -3.394030928508001352e+02
8.590000000000000000e+02 2.247879907914405635e+02
8.600000000000000000e+02 -2.530511953480162504e+02
8.610000000000000000e+02 2.246650638529810067e+02
8.620000000000000000e+02 -1.230726612609950621e+01
8.630000000000000000e+02 -3.596574513553928796e+02
8.640000000000000000e+02 -5.488399906432348416e+02
8.650000000000000000e+02 -5.008914963393961273e+01
8.660000000000000000e+02 -1.926476044504705101e+02
8.670000000000000000e+02 -1.102419296750679223e+01
8.680000000000000000e+02 -1.264662244449393569e+02
8.690000000000000000e+02 -3.344816691036904786e+02
8.700000000000000000e+02 -6.231665686547773930e+02
8.710000000000000000e+02 2.456455785450602605e+02
8.720000000000000000e+02 -3.785322263321383502e+02
8.730000000000000000e+02 -3.800959241817147358e+02
8.740000000000000000e+02 -3.154542960206257476e+02
8.750000000000000000e+02 -4.608377212679318404e+02
8.760000000000000000e+02 -5.529539912701316098e+02
8.770000000000000000e+02 1.741776227773625578e+02
8.780000000000000000e+02 -5.237152045201041801e+02
8.790000000000000000e+02 2.476622122688733327e+02
8.800000000000000000e+02 -1.819696888047721757e+02
8.810000000000000000e+02 -3.056902146570588457e+02
8.820000000000000000e+02 2.653863898410745605e+02
8.830000000000000000e+02 3.284312346709842245e+01
8.840000000000000000e+02 -4.532632481376126634e+02
8.850000000000000000e+02 2.955040976833113291e+02
8.860000000000000000e+02 2.296016296921030744e+02
8.870000000000000000e+02 1.829013464287636737e+02
8.880000000000000000e+02 2.116144205986610132e+02
8.890000000000000000e+02 -3.116586836421144540e+02
8.900000000000000000e+02 -5.667928362433799521e+02
8.910000000000000000e+02 1.623118365720140162e+02
8.920000000000000000e+02 2.771875988776149597e+02
8.930000000000000000e+02 2.611213061338297621e+02
8.940000000000000000e+02 2.933082223054192923e+02
8.950000000000000000e+02 2.768702616507233643e+02
8.960000000000000000e+02 2.241461331694773662e+02
8.970000000000000000e+02 -2.653323684292817006e+02
8.980000000000000000e+02 2.685989606440409148e+02
8.990000000000000000e+02 2.765268325004475400e+02
9.000000000000000000e+02 -9.313299663309277321e+01
9.010000000000000000e+02 2.485388317463051351e+02
9.020000000000000000e+02 2.595671041073034075e+02
9.030000000000000000e+02 2.401004390716128114e+02
9.040000000000000000e+02 2.255927242646922366e+02
9.050000000000000000e+02 2.396866579107807524e+02
9.060000000000000000e+02 2.332775083136450007e+02
9.070000000000000000e+02 2.726884766929859438e+01
9.080000000000000000e+02 2.810434125892068664e+02
9.090000000000000000e+02 2.683628076360793102e+02
9.100000000000000000e+02 -2.204851628822821397e+01
9.110000000000000000e+02 2.684462419776606907e+02
9.120000000000000000e+02 2.366635458925455850e+02
9.130000000000000000e+02 3.029592782818252203e+02
9.140000000000000000e+02 2.558150583959627511e+02
9.150000000000000000e+02 2.379032585375957467e+02
9.160000000000000000e+02 -2.413765172204410021e+02
9.170000000000000000e+02 2.485398925167623645e+02
9.180000000000000000e+02 3.126858484623556933e+02
9.190000000000000000e+02 2.561719610868516952e+02
9.200000000000000000e+02 8.744451540143671764e-01
9.210000000000000000e+02 2.887675306941063695e+02
9.220000000000000000e+02 -2.896675047007278181e+02
9.230000000000000000e+02 2.402594442619511881e+02
9.240000000000000000e+02 2.493597099750716097e+02
9.250000000000000000e+02 2.423729464438840751e+02
9.260000000000000000e+02 1.726349571199113484e+02
9.270000000000000000e+02 2.904618694824984004e+02
9.280000000000000000e+02 2.890942603380603941e+02
9.290000000000000000e+02 2.553299070745378003e+02
9.300000000000000000e+02 2.577818186294534257e+02
9.310000000000000000e+02 2.726584299069779149e+02
9.320000000000000000e+02 -1.186963478532266663e+03
9.330000000000000000e+02 2.515432195800228214e+02
9.340000000000000000e+02 -2.647893288793899842e+02
9.350000000000000000e+02 2.673761889334360831e+01
9.360000000000000000e+02 -5.262183999096691167e+01
9.370000000000000000e+02 2.421950224795671147e+02
9.380000000000000000e+02 2.686444223360720116e+02
9.390000000000000000e+02 1.190431953233790807e+01
9.400000000000000000e+02 2.579627116447410344e+02
9.410000000000000000e+02 -1.518351801576118874e+02
9.420000000000000000e+02 -1.903857918375178997e+02
9.430000000000000000e+02 -3.457647496227655211e+02
9.440000000000000000e+02 -7.662625299147379110e+00
9.450000000000000000e+02 2.480987555928437587e+02
9.460000000000000000e+02 -3.895142233791020203e+00
9.470000000000000000e+02 3.109161537589346835e+01
9.480000000000000000e+02 -1.055160294994467307e+02
9.490000000000000000e+02 4.818224308273514112e+01
9.500000000000000000e+02 2.617462358657989796e+01
9.510000000000000000e+02 2.101742975296954228e+02
9.520000000000000000e+02 -2.938086331709719445e+01
9.530000000000000000e+02 2.256388422607905682e+02
9.540000000000000000e+02 2.458213498345087089e+01
9.550000000000000000e+02 -5.510122761058866558e+01
9.560000000000000000e+02 1.682151129387424362e+02
9.570000000000000000e+02 2.581056464924233751e+02
9.580000000000000000e+02 -5.191184563690488858e+02
9.590000000000000000e+02 -3.992222881424000036e+01
9.600000000000000000e+02 1.810700500401152340e+02
9.610000000000000000e+02 2.179027129080886880e+02
9.620000000000000000e+02 -5.322818673072559932e+02
9.630000000000000000e+02 2.430568245258180013e+02
9.640000000000000000e+02 -3.266101225140145061e+02
9.650000000000000000e+02 2.475029607473489079e+02
9.660000000000000000e+02 -4.638083142945343411e+02
9.670000000000000000e+02 2.478317425033098687e+02
9.680000000000000000e+02 -3.329620926944506891e+02
9.690000000000000000e+02 -2.632459119186089538e+02
9.700000000000000000e+02 -3.469606911523530357e+02
9.710000000000000000e+02 -1.882658020271031205e+02
9.720000000000000000e+02 -2.406190956257768221e+01
9.730000000000000000e+02 -5.963953796415596287e+01
9.740000000000000000e+02 -5.367931694657927437e+02
9.750000000000000000e+02 -2.511975670691104483e+02
9.760000000000000000e+02 2.304327521437232349e+02
9.770000000000000000e+02 -4.023426381658136961e+02
9.780000000000000000e+02 -3.025863352346851798e+02
9.790000000000000000e+02 -2.185623749644777263e+02
9.800000000000000000e+02 -2.538877073566401066e+02
9.810000000000000000e+02 -6.988963691042768289e+01
9.820000000000000000e+02 -1.983386560329351198e+02
9.830000000000000000e+02 -7.128107757119778398e+01
9.840000000000000000e+02 -2.979088322679167504e+02
9.850000000000000000e+02 -2.691506917860407953e+02
9.860000000000000000e+02 -4.244887364516712580e+01
9.870000000000000000e+02 -2.542727822722756912e+02
9.880000000000000000e+02 -1.700239722802579081e+02
9.890000000000000000e+02 -2.768234295196982657e+02
9.900000000000000000e+02 -3.923714211609225799e+02
9.910000000000000000e+02 -1.116069994079535718e+03
9.920000000000000000e+02 -2.900253373982782819e+02
9.930000000000000000e+02 -1.441578474833179143e+03
9.940000000000000000e+02 -2.286636320558132240e+02
9.950000000000000000e+02 -3.273386153931176068e+02
9.960000000000000000e+02 -3.173640814623953474e+02
9.970000000000000000e+02 -5.652166872929331021e+02
9.980000000000000000e+02 -4.525188024152056414e+02
9.990000000000000000e+02 -1.847761684446050481e+02
