0.000000000000000000e+00 -3.769702662455953828e+02
1.000000000000000000e+00 -5.606972332493508020e+02
2.000000000000000000e+00 -3.948517044073308568e+01
3.000000000000000000e+00 -2.121820731956662200e+02
4.000000000000000000e+00 -4.864467146020751898e+02
5.000000000000000000e+00 -1.960814776884045330e+02
6.000000000000000000e+00 -6.215067532039793150e+02
7.000000000000000000e+00 -3.371824198773204557e+02
8.000000000000000000e+00 -4.992709292677009216e+02
9.000000000000000000e+00 -3.679880131173035238e+02
1.000000000000000000e+01 -4.003201457095700562e+02
1.100000000000000000e+01 -1.384133582664757682e+02
1.200000000000000000e+01 -1.114465746844078780e+02
1.300000000000000000e+01 -3.107807612799122694e+02
1.400000000000000000e+01 -6.535304729456073574e+02
1.500000000000000000e+01 -4.873498912373599978e+01
1.600000000000000000e+01 -2.443308965658027887e+02
1.700000000000000000e+01 1.533931030517405247e+01
1.800000000000000000e+01 -8.556338716865010952e+01
1.900000000000000000e+01 -2.759453057252272856e+02
2.000000000000000000e+01 -2.538485864591045811e+02
2.100000000000000000e+01 -1.443337465102443673e+01
2.200000000000000000e+01 -2.025172186199699240e+02
2.300000000000000000e+01 -3.578348078797787366e+02
2.400000000000000000e+01 -3.999106423042014171e+02
2.500000000000000000e+01 -4.864861385046616533e+02
2.600000000000000000e+01 -2.158730498132138678e+02
2.700000000000000000e+01 -2.447754217802417713e+02
2.800000000000000000e+01 -3.715457890590778902e+02
2.900000000000000000e+01 -3.017030428383790195e+02
3.000000000000000000e+01 -1.990649721266521510e+01
3.100000000000000000e+01 -4.974524197069267757e+02
3.200000000000000000e+01 -3.607250481865947336e+02
3.300000000000000000e+01 -1.397909974583060944e+02
3.400000000000000000e+01 -1.987688743632476189e+02
3.500000000000000000e+01 -3.855057811544448896e+02
3.600000000000000000e+01 -3.646045289583806266e+02
3.700000000000000000e+01 -3.228457626913736931e+02
3.800000000000000000e+01 -3.024185237424424599e+01
3.900000000000000000e+01 -3.996493618967647876e+02
4.000000000000000000e+01 -1.296304378416137411e+02
4.100000000000000000e+01 -3.353180355200964300e+02
4.200000000000000000e+01 -3.729070575309969513e+02
4.300000000000000000e+01 -3.473316121396490530e+02
4.400000000000000000e+01 -2.531621661936156897e+02
4.500000000000000000e+01 -3.043100120001327014e+02
4.600000000000000000e+01 -3.052419602171261204e+02
4.700000000000000000e+01 -1.688002936547202353e+02
4.800000000000000000e+01 -1.239700998251132660e+02
4.900000000000000000e+01 -3.087781747905165730e+01
5.000000000000000000e+01 -5.464677973223188019e+02
5.100000000000000000e+01 -2.764441504711525113e+02
5.200000000000000000e+01 -1.208545487598670434e+02
5.300000000000000000e+01 -2.430116142751529651e+02
5.400000000000000000e+01 -2.876574639273916887e+02
5.500000000000000000e+01 -2.704784205518057547e+02
5.600000000000000000e+01 -6.977730729626527761e+01
5.700000000000000000e+01 -2.154650545038822429e+02
5.800000000000000000e+01 -1.805857788722709074e+02
5.900000000000000000e+01 -3.767351587944148150e+00
6.000000000000000000e+01 -2.232944755051603920e+02
6.100000000000000000e+01 -4.722703088396991689e+01
6.200000000000000000e+01 -3.126793572454961350e+02
6.300000000000000000e+01 -3.279891936341660994e+02
6.400000000000000000e+01 -3.125703323067305064e+02
6.500000000000000000e+01 -1.122547946955034917e+02
6.600000000000000000e+01 -1.344856870815758612e+02
6.700000000000000000e+01 -2.234388750673186053e+02
6.800000000000000000e+01 -3.583727460060122780e+02
6.900000000000000000e+01 -1.128705514382812822e+02
7.000000000000000000e+01 5.016400446058980833e+00
7.100000000000000000e+01 -3.075109018909637371e+01
7.200000000000000000e+01 -1.109804250211254413e+02
7.300000000000000000e+01 1.050567717035832516e+01
7.400000000000000000e+01 -2.428841570530797469e+02
7.500000000000000000e+01 -5.550106410489247537e+02
7.600000000000000000e+01 -1.928866284829197184e+02
7.700000000000000000e+01 -1.698775361071147643e+02
7.800000000000000000e+01 -2.281452286289703579e+02
7.900000000000000000e+01 2.510456740643911644e+01
8.000000000000000000e+01 -2.319931609885100556e+02
8.100000000000000000e+01 -8.798147682847371698e+00
8.200000000000000000e+01 -3.273774536551368328e+02
8.300000000000000000e+01 -7.636142995418626356e+01
8.400000000000000000e+01 -2.890637574115619373e+02
8.500000000000000000e+01 -4.548195313981942718e+02
8.600000000000000000e+01 -8.308961611236091471e+01
8.700000000000000000e+01 3.690555643313757628e+01
8.800000000000000000e+01 -1.099820813433310747e+02
8.900000000000000000e+01 -1.174726316424506933e+01
9.000000000000000000e+01 -5.866738396034035929e+01
9.100000000000000000e+01 4.753573560196167591e+01
9.200000000000000000e+01 -3.680111004655332181e+02
9.300000000000000000e+01 6.045582567661338658e+01
9.400000000000000000e+01 -7.371371390692216607e+01
9.500000000000000000e+01 -2.343464347926665425e+01
9.600000000000000000e+01 -2.361083651519675186e+01
9.700000000000000000e+01 7.354927944898960845e+00
9.800000000000000000e+01 1.172444898396261692e+01
9.900000000000000000e+01 -1.141229433487211509e+00
1.000000000000000000e+02 -7.337950756581022915e+01
1.010000000000000000e+02 -2.466105162007050922e+01
1.020000000000000000e+02 -2.814892164149911196e+02
1.030000000000000000e+02 -1.508237389814401581e+02
1.040000000000000000e+02 -1.813953529771126227e+02
1.050000000000000000e+02 -1.828743756827207534e+01
1.060000000000000000e+02 -2.300104513037399840e+02
1.070000000000000000e+02 -1.894019311143903792e+02
1.080000000000000000e+02 -1.840835326768539559e+01
1.090000000000000000e+02 -1.398731503043181590e+01
1.100000000000000000e+02 -1.928424515247455133e+02
1.110000000000000000e+02 -2.541251784177501065e+02
1.120000000000000000e+02 1.929965318351787573e+01
1.130000000000000000e+02 -4.581904127722830822e+01
1.140000000000000000e+02 -3.756283425668372189e+01
1.150000000000000000e+02 -7.114020913925831735e+01
1.160000000000000000e+02 -4.099615763140805669e+00
1.170000000000000000e+02 -7.119886004296172644e+01
1.180000000000000000e+02 -7.748678099496832772e+01
1.190000000000000000e+02 3.047722267974792132e+01
1.200000000000000000e+02 -3.171661491053432869e+01
1.210000000000000000e+02 -5.489532160632874991e+01
1.220000000000000000e+02 5.690361773958851899e+01
1.230000000000000000e+02 7.584930279025495992e+00
1.240000000000000000e+02 -6.834373894491596957e+01
1.250000000000000000e+02 -5.279117487333743952e+01
1.260000000000000000e+02 3.586228045422512878e+01
1.270000000000000000e+02 4.492058051150598885e+01
1.280000000000000000e+02 4.110314146013678283e+00
1.290000000000000000e+02 9.276581431550404488e+00
1.300000000000000000e+02 3.376928313371276857e+00
1.310000000000000000e+02 5.229627697868623670e+01
1.320000000000000000e+02 3.165875869140356613e+01
1.330000000000000000e+02 5.091302871021900955e+01
1.340000000000000000e+02 -4.965878060198072319e+01
1.350000000000000000e+02 1.739158218200567418e+01
1.360000000000000000e+02 5.823452478665151233e+01
1.370000000000000000e+02 -2.982684730872412615e+01
1.380000000000000000e+02 -2.378129648828614506e+01
1.390000000000000000e+02 2.623677364425321912e+02
1.400000000000000000e+02 -1.615028196078696610e+01
1.410000000000000000e+02 3.186041305377490929e+01
1.420000000000000000e+02 1.258799186124799263e+01
1.430000000000000000e+02 2.671114256557542177e+01
1.440000000000000000e+02 6.068173456256253928e+01
1.450000000000000000e+02 3.015210889882767376e+01
1.460000000000000000e+02 6.299158801914614259e+01
1.470000000000000000e+02 6.639020623851718028e+01
1.480000000000000000e+02 5.890116228640081175e+01
1.490000000000000000e+02 8.229464106004444091e+01
1.500000000000000000e+02 2.843816468305684566e+02
1.510000000000000000e+02 8.765225131637939171e+01
1.520000000000000000e+02 1.135643610148487852e+02
1.530000000000000000e+02 8.693142692578172159e+01
1.540000000000000000e+02 8.928028206943741907e+01
1.550000000000000000e+02 1.149260806275037226e+02
1.560000000000000000e+02 2.346836252733685910e+02
1.570000000000000000e+02 -2.526853613282107744e+02
1.580000000000000000e+02 8.478634597595748801e+01
1.590000000000000000e+02 1.139509218568814397e+01
1.600000000000000000e+02 8.599074955360492822e+01
1.610000000000000000e+02 -1.824508068190723975e+01
1.620000000000000000e+02 -3.515682303740723000e+02
1.630000000000000000e+02 -2.905312087705295880e+02
1.640000000000000000e+02 1.969766832022439473e+02
1.650000000000000000e+02 5.646118844018968019e+00
1.660000000000000000e+02 2.383065165883326983e+02
1.670000000000000000e+02 2.416916343880872660e+02
1.680000000000000000e+02 2.047287788861196987e+02
1.690000000000000000e+02 2.933902109709042350e+01
1.700000000000000000e+02 4.923401472110944610e+01
1.710000000000000000e+02 2.999023187104052113e+01
1.720000000000000000e+02 5.536474149593873051e+01
1.730000000000000000e+02 2.083858858938602339e+02
1.740000000000000000e+02 6.100181175251898935e+01
1.750000000000000000e+02 2.169677571543298029e+02
1.760000000000000000e+02 1.792027356220372667e+02
1.770000000000000000e+02 2.332445518848616075e+02
1.780000000000000000e+02 -3.378375521848115568e+02
1.790000000000000000e+02 1.763434659597195520e+01
1.800000000000000000e+02 2.283356222383283978e+02
1.810000000000000000e+02 1.826535882605222980e+02
1.820000000000000000e+02 7.103208606268047731e+01
1.830000000000000000e+02 1.740857441349733108e+02
1.840000000000000000e+02 -2.578530118371950266e+02
1.850000000000000000e+02 1.722112539669879254e+02
1.860000000000000000e+02 2.518677253107202318e+02
1.870000000000000000e+02 -5.184965254631711673e+01
1.880000000000000000e+02 -6.044006730660649751e+00
1.890000000000000000e+02 6.907334430997607910e+01
1.900000000000000000e+02 -2.493805811797918466e+02
1.910000000000000000e+02 1.442185210463778162e+02
1.920000000000000000e+02 1.432647865705164349e+02
1.930000000000000000e+02 1.721564412573894174e+02
1.940000000000000000e+02 1.007185278138115194e+02
1.950000000000000000e+02 2.027788897229509075e+02
1.960000000000000000e+02 2.781273133271700431e+02
1.970000000000000000e+02 2.215528318141629995e+02
1.980000000000000000e+02 2.353489242292422716e+02
1.990000000000000000e+02 2.028789223878913788e+02
2.000000000000000000e+02 2.547900657139541920e+02
2.010000000000000000e+02 1.823040121858234741e+01
2.020000000000000000e+02 5.438446122029723995e+01
2.030000000000000000e+02 1.984266859853075289e+02
2.040000000000000000e+02 1.026780526541865726e+02
2.050000000000000000e+02 1.296738469442720145e+02
2.060000000000000000e+02 -1.033564609915901578e+01
2.070000000000000000e+02 8.035566270048742865e+01
2.080000000000000000e+02 2.803473615949158670e+02
2.090000000000000000e+02 2.814810022701460639e+02
2.100000000000000000e+02 2.206100706554710769e+02
2.110000000000000000e+02 2.275485988212337247e+02
2.120000000000000000e+02 1.705002685098179711e+02
2.130000000000000000e+02 2.294159393334881543e+02
2.140000000000000000e+02 2.416291353393345958e+02
2.150000000000000000e+02 2.603663554233294803e+02
2.160000000000000000e+02 2.422749911037718107e+02
2.170000000000000000e+02 2.324349453711149636e+02
2.180000000000000000e+02 2.367831429759109483e+02
2.190000000000000000e+02 2.555567283339134406e+02
2.200000000000000000e+02 2.500898708393512493e+02
2.210000000000000000e+02 2.368142034305506343e+02
2.220000000000000000e+02 1.363047287991651046e+02
2.230000000000000000e+02 1.958372662131377524e+02
2.240000000000000000e+02 -4.559150662944031041e+01
2.250000000000000000e+02 2.370670939254558789e+02
2.260000000000000000e+02 3.491467359783652746e+00
2.270000000000000000e+02 2.770912831655508626e+02
2.280000000000000000e+02 -1.373307341735639397e+02
2.290000000000000000e+02 2.359417994897132189e+02
2.300000000000000000e+02 -9.230832637838085475e+01
2.310000000000000000e+02 2.768451637218282713e+02
2.320000000000000000e+02 2.749785981632001040e+02
2.330000000000000000e+02 2.730687279371446721e+02
2.340000000000000000e+02 2.424519942824196903e+02
2.350000000000000000e+02 2.628093732599902523e+02
2.360000000000000000e+02 -2.374856945763577301e+02
2.370000000000000000e+02 2.375335816896098038e+02
2.380000000000000000e+02 2.717206202158678252e+02
2.390000000000000000e+02 1.735791040764316335e+02
2.400000000000000000e+02 2.259187525539719843e+02
2.410000000000000000e+02 1.472962601847914357e+02
2.420000000000000000e+02 2.890394711396721732e+02
2.430000000000000000e+02 -7.901122535726069884e+01
2.440000000000000000e+02 -4.232687946780254151e+01
2.450000000000000000e+02 2.531353450797978439e+02
2.460000000000000000e+02 1.989226950398310123e+02
2.470000000000000000e+02 2.299020475328931354e+02
2.480000000000000000e+02 2.565558466049507160e+02
2.490000000000000000e+02 2.048477229670713200e+02
2.500000000000000000e+02 2.275554446468568131e+02
2.510000000000000000e+02 2.355015540979264301e+02
2.520000000000000000e+02 2.525239393756072275e+02
2.530000000000000000e+02 -2.046755353974872094e+01
2.540000000000000000e+02 2.626170716541249703e+02
2.550000000000000000e+02 2.502702441759453222e+02
2.560000000000000000e+02 -2.530947154458758064e+01
2.570000000000000000e+02 2.527156528479891051e+02
2.580000000000000000e+02 2.494219855896085676e+02
2.590000000000000000e+02 2.540466552965317533e+02
2.600000000000000000e+02 2.902352907475459460e+02
2.610000000000000000e+02 2.464853889749364555e+02
2.620000000000000000e+02 2.515652847093352023e+02
2.630000000000000000e+02 2.500003131644484995e+02
2.640000000000000000e+02 2.661195267130210595e+02
2.650000000000000000e+02 2.509638056833112500e+02
2.660000000000000000e+02 2.144414309177621476e+02
2.670000000000000000e+02 6.946608842422939745e+01
2.680000000000000000e+02 8.145130046114947220e+01
2.690000000000000000e+02 2.577741621444157545e+02
2.700000000000000000e+02 2.537585239683818941e+02
2.710000000000000000e+02 3.939464194482740567e+01
2.720000000000000000e+02 2.358900300883536261e+02
2.730000000000000000e+02 2.795507134845415749e+02
2.740000000000000000e+02 2.471577796375629816e+02
2.750000000000000000e+02 2.391822477819760593e+02
2.760000000000000000e+02 1.888598180402100581e+02
2.770000000000000000e+02 3.048654297465211016e+02
2.780000000000000000e+02 2.058651786041293974e+01
2.790000000000000000e+02 3.065973920295001562e+02
2.800000000000000000e+02 2.846514818122687416e+02
2.810000000000000000e+02 2.393019184286275447e+02
2.820000000000000000e+02 -1.561318641716576394e+01
2.830000000000000000e+02 2.712057780216743481e+02
2.840000000000000000e+02 2.658442555616036316e+02
2.850000000000000000e+02 7.570841029934582878e+01
2.860000000000000000e+02 1.729469842873756420e+02
2.870000000000000000e+02 2.514171187360262536e+02
2.880000000000000000e+02 1.204099231637778367e+01
2.890000000000000000e+02 1.555106027256730954e+02
2.900000000000000000e+02 2.479459466369728773e+02
2.910000000000000000e+02 2.184108922157483335e+02
2.920000000000000000e+02 2.356198558856474961e+02
2.930000000000000000e+02 2.865927811578105775e+02
2.940000000000000000e+02 2.083132140940837758e+02
2.950000000000000000e+02 2.450390404657510715e+02
2.960000000000000000e+02 2.356435720886041167e+02
2.970000000000000000e+02 2.323507858354482210e+02
2.980000000000000000e+02 2.565049811337897836e+02
2.990000000000000000e+02 2.263501024963014459e+02
3.000000000000000000e+02 2.811062133158815755e+02
3.010000000000000000e+02 2.686598201059224493e+02
3.020000000000000000e+02 2.639909431367601087e+02
3.030000000000000000e+02 4.597559321694964751e+01
3.040000000000000000e+02 2.608177538101062396e+02
3.050000000000000000e+02 2.842501171085413034e+02
3.060000000000000000e+02 2.561427659135618455e+02
3.070000000000000000e+02 2.238743162286548909e+02
3.080000000000000000e+02 2.647867151816506066e+02
3.090000000000000000e+02 2.630209218455917153e+02
3.100000000000000000e+02 2.848653030539453539e+02
3.110000000000000000e+02 2.395834273580106810e+02
3.120000000000000000e+02 2.752258010456635020e+02
3.130000000000000000e+02 2.407430732832776528e+02
3.140000000000000000e+02 -3.154491003002701177e+01
3.150000000000000000e+02 1.908312945581338340e+02
3.160000000000000000e+02 3.100796779980063889e+02
3.170000000000000000e+02 2.332757019871198452e+02
3.180000000000000000e+02 2.337871407553327288e+02
3.190000000000000000e+02 2.416207797285607910e+02
3.200000000000000000e+02 -2.253175266479701122e+00
3.210000000000000000e+02 2.837644434071460182e+02
3.220000000000000000e+02 2.775553658161476847e+02
3.230000000000000000e+02 2.637968253142403228e+02
3.240000000000000000e+02 2.278953547104161430e+02
3.250000000000000000e+02 2.811536233389678614e+02
3.260000000000000000e+02 2.585191925439116858e+02
3.270000000000000000e+02 2.609905560979323127e+02
3.280000000000000000e+02 2.452234108062109215e+02
3.290000000000000000e+02 2.978821182030743557e+02
3.300000000000000000e+02 1.996482511698627604e+01
3.310000000000000000e+02 1.996036707195081306e+01
3.320000000000000000e+02 2.684890070589109428e+02
3.330000000000000000e+02 2.593906942908326130e+01
3.340000000000000000e+02 2.880988114053429854e+02
3.350000000000000000e+02 2.627981136885438218e+02
3.360000000000000000e+02 2.850290150747641178e+02
3.370000000000000000e+02 2.519782603848413487e+02
3.380000000000000000e+02 2.599625823714292210e+02
3.390000000000000000e+02 2.903126637038469084e+02
3.400000000000000000e+02 2.306835786474980523e+02
3.410000000000000000e+02 -6.500745212021763564e+01
3.420000000000000000e+02 -5.609304806370590057e+01
3.430000000000000000e+02 2.923370769348970271e+02
3.440000000000000000e+02 -2.671084697856468892e+01
3.450000000000000000e+02 2.604763180442350858e+02
3.460000000000000000e+02 2.766662554449147819e+02
3.470000000000000000e+02 2.809035170883748833e+02
3.480000000000000000e+02 3.096589456081471781e+02
3.490000000000000000e+02 2.799733912342012445e+02
3.500000000000000000e+02 2.550087225393250492e+02
3.510000000000000000e+02 2.484059459208258147e+02
3.520000000000000000e+02 2.390438523973114684e+02
3.530000000000000000e+02 2.838030811183311926e+02
3.540000000000000000e+02 2.496028089019336846e+02
3.550000000000000000e+02 2.728345215318730652e+02
3.560000000000000000e+02 -3.406625290373141013e+01
3.570000000000000000e+02 2.610274806185544776e+02
3.580000000000000000e+02 2.909409897285368061e+02
3.590000000000000000e+02 2.479481611512190682e+02
3.600000000000000000e+02 4.530344969820802703e+00
3.610000000000000000e+02 2.636061542709710466e+02
3.620000000000000000e+02 2.745166125418484739e+02
3.630000000000000000e+02 2.549992959111456798e+02
3.640000000000000000e+02 2.403932772408979588e+02
3.650000000000000000e+02 2.710696651476285979e+02
3.660000000000000000e+02 2.821537329450787297e+02
3.670000000000000000e+02 2.758160998577099008e+02
3.680000000000000000e+02 2.686429307444917072e+02
3.690000000000000000e+02 7.064456771325787088e+01
3.700000000000000000e+02 2.418633381953226547e+02
3.710000000000000000e+02 2.782454386559659270e+02
3.720000000000000000e+02 2.912941953812598967e+02
3.730000000000000000e+02 2.543707240980299389e+02
3.740000000000000000e+02 2.883990476864440780e+02
3.750000000000000000e+02 2.386522099280335851e+02
3.760000000000000000e+02 2.806361098346015979e+02
3.770000000000000000e+02 2.476979970879318103e+02
3.780000000000000000e+02 2.336284672867412269e+02
3.790000000000000000e+02 2.434254588819599121e+02
3.800000000000000000e+02 -2.076811030486706500e+01
3.810000000000000000e+02 2.637931332217861495e+02
3.820000000000000000e+02 2.576219449401968404e+02
3.830000000000000000e+02 3.056219664069154760e+02
3.840000000000000000e+02 2.511251155900735910e+02
3.850000000000000000e+02 2.230867110454260569e+02
3.860000000000000000e+02 2.751985784633213257e+02
3.870000000000000000e+02 2.777085995302788319e+02
3.880000000000000000e+02 2.504634425359208478e+02
3.890000000000000000e+02 2.413405178001401339e+02
3.900000000000000000e+02 2.577007313049104482e+02
3.910000000000000000e+02 2.888405880660220646e+02
3.920000000000000000e+02 2.192366894407135760e+02
3.930000000000000000e+02 2.936170880831161298e+02
3.940000000000000000e+02 2.603587419019218032e+02
3.950000000000000000e+02 2.629348049105161067e+02
3.960000000000000000e+02 2.546224311668757991e+02
3.970000000000000000e+02 9.265774878901655143e+01
3.980000000000000000e+02 3.003969330573547722e+02
3.990000000000000000e+02 9.051425286974860285e+01
4.000000000000000000e+02 2.745823938520271668e+02
4.010000000000000000e+02 3.303607947885365093e+01
4.020000000000000000e+02 2.972994771818886193e+02
4.030000000000000000e+02 2.588070520998926440e+02
4.040000000000000000e+02 2.775332268941621692e+02
4.050000000000000000e+02 2.699693940246170314e+02
4.060000000000000000e+02 2.503014919198636790e+02
4.070000000000000000e+02 2.368754135977117699e+02
4.080000000000000000e+02 2.509280711356818756e+02
4.090000000000000000e+02 2.805615537158968209e+02
4.100000000000000000e+02 2.577347310883283171e+02
4.110000000000000000e+02 2.474782182556356247e+02
4.120000000000000000e+02 2.318918277707889501e+02
4.130000000000000000e+02 1.044559061392615718e+01
4.140000000000000000e+02 2.447923484454064749e+02
4.150000000000000000e+02 2.306731835295668986e+02
4.160000000000000000e+02 2.863595787190427018e+02
4.170000000000000000e+02 2.450911934289744920e+02
4.180000000000000000e+02 2.827571580884011837e+02
4.190000000000000000e+02 2.618823254590647593e+02
4.200000000000000000e+02 2.831963077860905287e+02
4.210000000000000000e+02 2.597693035248305478e+02
4.220000000000000000e+02 4.186768797328667802e+00
4.230000000000000000e+02 -2.735773476517707081e+00
4.240000000000000000e+02 2.620947031101547964e+02
4.250000000000000000e+02 2.770902783089633203e+02
4.260000000000000000e+02 2.514574046139594543e+02
4.270000000000000000e+02 2.356805615313558633e+02
4.280000000000000000e+02 2.516169076593643581e+02
4.290000000000000000e+02 2.774048611776314601e+02
4.300000000000000000e+02 -4.619682966842077576e+00
4.310000000000000000e+02 2.506160331111430537e+02
4.320000000000000000e+02 2.994632491031884456e+02
4.330000000000000000e+02 2.537659763626456879e+02
4.340000000000000000e+02 2.485649565706679880e+02
4.350000000000000000e+02 2.454649438093930200e+02
4.360000000000000000e+02 2.821031016626340033e+02
4.370000000000000000e+02 2.434037168004118143e+02
4.380000000000000000e+02 2.436975997108633010e+02
4.390000000000000000e+02 2.763946467078712885e+02
4.400000000000000000e+02 2.679277916302463041e+02
4.410000000000000000e+02 2.544763749835213673e+01
4.420000000000000000e+02 2.971246378662046936e+02
4.430000000000000000e+02 2.440032328340068375e+02
4.440000000000000000e+02 2.842416095006685168e+02
4.450000000000000000e+02 2.525945677934445541e+02
4.460000000000000000e+02 2.510599600531484725e+02
4.470000000000000000e+02 2.605820916805683964e+02
4.480000000000000000e+02 2.921804617245056761e+02
4.490000000000000000e+02 3.077376752556979795e+02
4.500000000000000000e+02 2.866045501132827553e+02
4.510000000000000000e+02 2.475801608711492463e+02
4.520000000000000000e+02 2.863925311962997284e+02
4.530000000000000000e+02 2.794593061223586119e+02
4.540000000000000000e+02 2.348995536430393258e+02
4.550000000000000000e+02 2.664085622725455096e+02
4.560000000000000000e+02 2.635572324738687371e+02
4.570000000000000000e+02 2.944884685467293366e+02
4.580000000000000000e+02 4.925498403810516379e+01
4.590000000000000000e+02 2.905719569896763232e+02
4.600000000000000000e+02 -7.264777111971253021e+01
4.610000000000000000e+02 2.496226137184152378e+02
4.620000000000000000e+02 2.936740246788986042e+01
4.630000000000000000e+02 -3.706467183781954304e+02
4.640000000000000000e+02 2.957634606254872551e+02
4.650000000000000000e+02 2.692730987735480994e+02
4.660000000000000000e+02 2.738379933865178373e+02
4.670000000000000000e+02 2.604511081145066669e+02
4.680000000000000000e+02 2.503400103933057324e+02
4.690000000000000000e+02 2.259593660768769610e+02
4.700000000000000000e+02 2.579988397502476118e+02
4.710000000000000000e+02 2.751575684449127266e+02
4.720000000000000000e+02 2.812446768286004612e+02
4.730000000000000000e+02 2.748699846270985176e+02
4.740000000000000000e+02 2.546494720351863066e+02
4.750000000000000000e+02 2.526524121265743474e+02
4.760000000000000000e+02 -4.062119336891331045e+01
4.770000000000000000e+02 2.882557113395636748e+02
4.780000000000000000e+02 2.572947998191640409e+02
4.790000000000000000e+02 1.391789831660264554e+01
4.800000000000000000e+02 2.475898274159282266e+02
4.810000000000000000e+02 2.641138018577082676e+02
4.820000000000000000e+02 2.266009581337862642e+02
4.830000000000000000e+02 2.676235972319801704e+02
4.840000000000000000e+02 2.688875016384843093e+02
4.850000000000000000e+02 2.560903340268810098e+02
4.860000000000000000e+02 2.763719318740076005e+02
4.870000000000000000e+02 2.586565541182116021e+02
4.880000000000000000e+02 2.941864175760503599e+02
4.890000000000000000e+02 2.645558222236720667e+02
4.900000000000000000e+02 2.993068184460104817e+02
4.910000000000000000e+02 2.691557098827688606e+02
4.920000000000000000e+02 2.467354172831889514e+02
4.930000000000000000e+02 2.510605476177976243e+02
4.940000000000000000e+02 2.578139702035344385e+02
4.950000000000000000e+02 2.936488246467429235e+02
4.960000000000000000e+02 2.696417207819138184e+02
4.970000000000000000e+02 9.083310449779503415e+00
4.980000000000000000e+02 2.402456801568797005e+02
4.990000000000000000e+02 2.654940939721186055e+00
5.000000000000000000e+02 2.822416476370758005e+02
5.010000000000000000e+02 2.755733173126982365e+02
5.020000000000000000e+02 2.490131587369387489e+02
5.030000000000000000e+02 2.918672542878915692e+02
5.040000000000000000e+02 5.666935565696093136e+01
5.050000000000000000e+02 2.528194822409670337e+02
5.060000000000000000e+02 2.341278094334177240e+02
5.070000000000000000e+02 2.966404300086621788e+02
5.080000000000000000e+02 2.194155888033287454e+02
5.090000000000000000e+02 2.756372616826056401e+02
5.100000000000000000e+02 2.761589821546234589e+02
5.110000000000000000e+02 2.610480797163543230e+02
5.120000000000000000e+02 3.160295231656013470e+02
5.130000000000000000e+02 1.612734063790666141e+02
5.140000000000000000e+02 2.841010599504821243e+02
5.150000000000000000e+02 2.937463318842605986e+02
5.160000000000000000e+02 2.907878060334826387e+02
5.170000000000000000e+02 2.676076841826316013e+02
5.180000000000000000e+02 2.745017708010969386e+02
5.190000000000000000e+02 3.638678561378767995e+01
5.200000000000000000e+02 2.778674293529126089e+02
5.210000000000000000e+02 1.715346887988094693e+01
5.220000000000000000e+02 2.069424176317068884e+02
5.230000000000000000e+02 2.743139775003132854e+02
5.240000000000000000e+02 2.590404173657090041e+02
5.250000000000000000e+02 2.655992627000759967e+02
5.260000000000000000e+02 -2.006995276405784523e+01
5.270000000000000000e+02 2.891709581738322754e+01
5.280000000000000000e+02 -8.684245042429336081e+01
5.290000000000000000e+02 2.754357031599410561e+02
5.300000000000000000e+02 2.415312304252013007e+02
5.310000000000000000e+02 2.481783815840463205e+02
5.320000000000000000e+02 2.662602782233388439e+02
5.330000000000000000e+02 2.892168764468483459e+02
5.340000000000000000e+02 2.453790081175285707e+02
5.350000000000000000e+02 2.780825109774716566e+02
5.360000000000000000e+02 2.952677966668472891e+02
5.370000000000000000e+02 2.805989747608728067e+02
5.380000000000000000e+02 1.223441300670144898e+02
5.390000000000000000e+02 2.500909029339782421e+02
5.400000000000000000e+02 2.885467197055390898e+02
5.410000000000000000e+02 2.767172092958463736e+02
5.420000000000000000e+02 2.472239861533933833e+02
5.430000000000000000e+02 2.600991629539109908e+02
5.440000000000000000e+02 2.699393434425626879e+02
5.450000000000000000e+02 2.204089202073130309e+02
5.460000000000000000e+02 -1.624559555638853681e-01
5.470000000000000000e+02 2.507840697971265627e+02
5.480000000000000000e+02 2.608613214749277631e+02
5.490000000000000000e+02 2.623150438577614523e+02
5.500000000000000000e+02 2.899956629622014361e+02
5.510000000000000000e+02 7.368230626515645554e+01
5.520000000000000000e+02 2.532186607536702923e+02
5.530000000000000000e+02 2.489106880334459220e+02
5.540000000000000000e+02 2.543156505313581306e+02
5.550000000000000000e+02 2.818678993588547428e+02
5.560000000000000000e+02 1.725598093856582693e+02
5.570000000000000000e+02 2.886558505125549345e+02
5.580000000000000000e+02 2.638830817157348179e+02
5.590000000000000000e+02 2.350249836794647535e+02
5.600000000000000000e+02 2.486545681217537549e+02
5.610000000000000000e+02 2.787972882336521252e+02
5.620000000000000000e+02 2.386356730792195151e+02
5.630000000000000000e+02 4.962924317859392431e+01
5.640000000000000000e+02 2.550999781208236072e+02
5.650000000000000000e+02 2.649046649874768491e+02
5.660000000000000000e+02 2.176656194309184116e+02
5.670000000000000000e+02 2.802236427127508023e+02
5.680000000000000000e+02 2.135037228880041766e+02
5.690000000000000000e+02 2.700753711102355510e+02
5.700000000000000000e+02 2.803530684813525795e+02
5.710000000000000000e+02 2.468754034244001048e+02
5.720000000000000000e+02 -6.504677056198087826e+01
5.730000000000000000e+02 2.406073600874770477e+02
5.740000000000000000e+02 2.848403989059078185e+02
5.750000000000000000e+02 2.566635900724036219e+02
5.760000000000000000e+02 2.882244664198668715e+02
5.770000000000000000e+02 2.577079694184479877e+02
5.780000000000000000e+02 4.738971383291340089e+01
5.790000000000000000e+02 2.370462774316162040e+02
5.800000000000000000e+02 2.815839480094639384e+02
5.810000000000000000e+02 1.659624178145661233e+02
5.820000000000000000e+02 2.643079715288978377e+02
5.830000000000000000e+02 2.876543520158601268e+02
5.840000000000000000e+02 2.517739455727287634e+02
5.850000000000000000e+02 -1.755538883207345080e+00
5.860000000000000000e+02 2.937627505458516453e+02
5.870000000000000000e+02 2.715895856070894752e+02
5.880000000000000000e+02 -4.290445153193454075e+01
5.890000000000000000e+02 2.926977886514939655e+02
5.900000000000000000e+02 2.673831780204217239e+02
5.910000000000000000e+02 -8.065206719639846256e+01
5.920000000000000000e+02 -4.788534329330472872e+01
5.930000000000000000e+02 2.484442618616286325e+02
5.940000000000000000e+02 2.582772556885208246e+02
5.950000000000000000e+02 2.493697338508144696e+02
5.960000000000000000e+02 2.521404063157028759e+02
5.970000000000000000e+02 2.390772037601971363e+02
5.980000000000000000e+02 -2.865198971164168995e+01
5.990000000000000000e+02 2.576697292850249141e+02
6.000000000000000000e+02 2.383356992805193499e+02
6.010000000000000000e+02 -2.366035980938698913e+01
6.020000000000000000e+02 2.722988549350574203e+02
6.030000000000000000e+02 2.704892179281054041e+02
6.040000000000000000e+02 2.800029407456771651e+02
6.050000000000000000e+02 2.520683937569077386e+02
6.060000000000000000e+02 2.678768617001110215e+02
6.070000000000000000e+02 2.882588755264090423e+02
6.080000000000000000e+02 1.770509315771164438e+01
6.090000000000000000e+02 2.461991534254042620e+02
6.100000000000000000e+02 2.589645496932848232e+02
6.110000000000000000e+02 -4.051587147702511515e+01
6.120000000000000000e+02 -3.073613533713191259e+01
6.130000000000000000e+02 2.457111671175620131e+02
6.140000000000000000e+02 2.922867503598372423e+02
6.150000000000000000e+02 2.868313362265917021e+02
6.160000000000000000e+02 -1.078048503102209423e+02
6.170000000000000000e+02 2.456992285710434203e+02
6.180000000000000000e+02 2.781173569846085911e+02
6.190000000000000000e+02 -1.174834137706981494e+02
6.200000000000000000e+02 4.092291808131625430e+01
6.210000000000000000e+02 -9.052242268422787674e-01
6.220000000000000000e+02 -4.015982571873789198e+01
6.230000000000000000e+02 2.292846208045886556e+02
6.240000000000000000e+02 -1.207335051635290455e+02
6.250000000000000000e+02 -5.003015753888476524e+01
6.260000000000000000e+02 -3.614067660288531556e+02
6.270000000000000000e+02 2.490817581091517638e+02
6.280000000000000000e+02 1.024585830306702690e+02
6.290000000000000000e+02 2.727944563100306823e+02
6.300000000000000000e+02 2.389732282503339889e+02
6.310000000000000000e+02 2.649118227894662141e+02
6.320000000000000000e+02 2.331324886587311767e+02
6.330000000000000000e+02 2.763206063975618463e+02
6.340000000000000000e+02 1.187510559146245726e+01
6.350000000000000000e+02 2.829398455529047851e+02
6.360000000000000000e+02 2.499005254152691009e+02
6.370000000000000000e+02 2.722689675907118954e+02
6.380000000000000000e+02 -4.214453703251949150e+02
6.390000000000000000e+02 1.504491723869871578e+01
6.400000000000000000e+02 -9.015721835790762384e+01
6.410000000000000000e+02 2.891332972640930166e+02
6.420000000000000000e+02 2.378557441477935299e+02
6.430000000000000000e+02 2.734417559612839455e+02
6.440000000000000000e+02 2.565435688752662031e+02
6.450000000000000000e+02 2.429638537577039585e+02
6.460000000000000000e+02 2.532783512527680614e+02
6.470000000000000000e+02 2.583423693141265858e+02
6.480000000000000000e+02 2.715972001810316669e+02
6.490000000000000000e+02 2.534911820688918169e+02
6.500000000000000000e+02 -2.621683631466266888e+02
6.510000000000000000e+02 -4.497233280317846607e+02
6.520000000000000000e+02 2.783516420126877051e+02
6.530000000000000000e+02 1.308115987910760225e+01
6.540000000000000000e+02 6.771686042681142226e+01
6.550000000000000000e+02 2.080315575199029468e+02
6.560000000000000000e+02 2.468303494987304134e+02
6.570000000000000000e+02 -2.360935883800307522e+01
6.580000000000000000e+02 2.750036539830711035e+02
6.590000000000000000e+02 2.518709611210477988e+02
6.600000000000000000e+02 2.675690310541797317e+02
6.610000000000000000e+02 -6.230727343259935935e+01
6.620000000000000000e+02 -1.037865347181814002e+01
6.630000000000000000e+02 2.457803165346389278e+02
6.640000000000000000e+02 2.340484402151542724e+02
6.650000000000000000e+02 -2.954441231240082288e+02
6.660000000000000000e+02 2.109841256726834047e+02
6.670000000000000000e+02 2.509904826395806481e+02
6.680000000000000000e+02 2.831288255975008497e+02
6.690000000000000000e+02 2.742435134351337638e+02
6.700000000000000000e+02 2.313184000439770500e+02
6.710000000000000000e+02 2.506957513522055763e+02
6.720000000000000000e+02 2.629191182645363369e+02
6.730000000000000000e+02 2.826619314034045374e+02
6.740000000000000000e+02 2.726102782260418280e+02
6.750000000000000000e+02 2.969926870688875056e+02
6.760000000000000000e+02 -5.210029864515436770e+01
6.770000000000000000e+02 2.551971692767970410e+02
6.780000000000000000e+02 -1.896835758765526521e+02
6.790000000000000000e+02 2.284112541146672868e+02
6.800000000000000000e+02 2.193456983726417775e+02
6.810000000000000000e+02 2.131076718911139096e+02
6.820000000000000000e+02 3.101735271073675335e+02
6.830000000000000000e+02 -3.993475482010167354e+01
6.840000000000000000e+02 2.459954924393059628e+02
6.850000000000000000e+02 2.689638381214424498e+02
6.860000000000000000e+02 1.924246818151683840e+02
6.870000000000000000e+02 2.321962593059728022e+02
6.880000000000000000e+02 2.491737096828407516e+02
6.890000000000000000e+02 -2.379880036788127597e+02
6.900000000000000000e+02 2.893218237300511078e+02
6.910000000000000000e+02 2.765733005969868827e+02
6.920000000000000000e+02 3.001024810749307790e+02
6.930000000000000000e+02 2.041555544768568211e+02
6.940000000000000000e+02 2.352474620520824828e+02
6.950000000000000000e+02 -9.482364027506164916e+00
6.960000000000000000e+02 2.597751838103705495e+02
6.970000000000000000e+02 2.580922708756623933e+02
6.980000000000000000e+02 2.645621631176643405e+02
6.990000000000000000e+02 -1.169658395371880033e+02
7.000000000000000000e+02 -1.811131200403444268e+02
7.010000000000000000e+02 -1.524519473673739185e+02
7.020000000000000000e+02 2.723361139218724247e+02
7.030000000000000000e+02 -1.202251117339545914e+02
7.040000000000000000e+02 2.278855368239943004e+02
7.050000000000000000e+02 2.533303046025018261e+02
7.060000000000000000e+02 -1.090646858229736864e+02
7.070000000000000000e+02 2.136710664351029436e+02
7.080000000000000000e+02 2.584276835215769097e+02
7.090000000000000000e+02 1.422244416056458931e+02
7.100000000000000000e+02 2.618230936830019573e+02
7.110000000000000000e+02 2.446324109001772342e+02
7.120000000000000000e+02 2.696163249489775353e+02
7.130000000000000000e+02 2.706652227618664028e+02
7.140000000000000000e+02 2.561873759904738108e+02
7.150000000000000000e+02 2.563345227175102536e+02
7.160000000000000000e+02 1.996681399830264070e+01
7.170000000000000000e+02 2.456686079422811986e+02
7.180000000000000000e+02 2.972948601655624543e+02
7.190000000000000000e+02 2.517301618767590128e+02
7.200000000000000000e+02 2.697358132846075591e+02
7.210000000000000000e+02 2.498689557940109012e+02
7.220000000000000000e+02 2.501112115717658355e+02
7.230000000000000000e+02 2.732332285949108837e+02
7.240000000000000000e+02 2.722321206306697832e+02
7.250000000000000000e+02 2.891179822197748877e+02
7.260000000000000000e+02 2.293533456026374608e+02
7.270000000000000000e+02 2.293620031322972750e+02
7.280000000000000000e+02 2.939058069319989954e+02
7.290000000000000000e+02 2.170786809150281442e+02
7.300000000000000000e+02 1.798632912581991263e+02
7.310000000000000000e+02 2.561655465262895177e+02
7.320000000000000000e+02 2.988964823178454253e+02
7.330000000000000000e+02 1.931322948307322349e+02
7.340000000000000000e+02 2.668605453777811363e+02
7.350000000000000000e+02 2.854524653585311853e+02
7.360000000000000000e+02 2.688567241343148453e+02
7.370000000000000000e+02 2.845386523267908387e+02
7.380000000000000000e+02 2.510309923425815555e+02
7.390000000000000000e+02 1.891175316819657723e+02
7.400000000000000000e+02 2.758615670209334212e+02
7.410000000000000000e+02 2.922170358647646822e+02
7.420000000000000000e+02 3.043109099715288721e+02
7.430000000000000000e+02 1.027936477960801653e+02
7.440000000000000000e+02 2.847684756719845609e+02
7.450000000000000000e+02 2.239913340613241246e+02
7.460000000000000000e+02 2.580140806263352715e+02
7.470000000000000000e+02 2.447038029176742384e+02
7.480000000000000000e+02 2.798270352950866027e+02
7.490000000000000000e+02 2.558388682487629069e+02
7.500000000000000000e+02 8.412060866391696834e+01
7.510000000000000000e+02 2.933602000030958834e+02
7.520000000000000000e+02 2.881019003100573173e+02
7.530000000000000000e+02 2.586062094657962120e+02
7.540000000000000000e+02 2.812430489951419759e+02
7.550000000000000000e+02 -2.729266490932657518e+01
7.560000000000000000e+02 2.505778315790077215e+02
7.570000000000000000e+02 2.718101254389065389e+02
7.580000000000000000e+02 2.424323445067534522e+02
7.590000000000000000e+02 2.428999679932609865e+02
7.600000000000000000e+02 2.498830606127694978e+02
7.610000000000000000e+02 2.607381252952666273e+02
7.620000000000000000e+02 2.293434920798057419e+02
7.630000000000000000e+02 2.527697025557021675e+02
7.640000000000000000e+02 2.902588496520912713e+02
7.650000000000000000e+02 2.679144163215440813e+02
7.660000000000000000e+02 2.446899086227034275e+02
7.670000000000000000e+02 2.539444017505335012e+02
7.680000000000000000e+02 2.775098461794739251e+02
7.690000000000000000e+02 2.046955452197901764e+02
7.700000000000000000e+02 2.957285596733044599e+02
7.710000000000000000e+02 2.894328413325844167e+02
7.720000000000000000e+02 3.038514439664606925e+02
7.730000000000000000e+02 4.833207399651028169e+01
7.740000000000000000e+02 1.214435997898233524e+02
7.750000000000000000e+02 2.711926098495305268e+02
7.760000000000000000e+02 2.764744669242961663e+02
7.770000000000000000e+02 2.755083706185599794e+02
7.780000000000000000e+02 2.511576287516694492e+02
7.790000000000000000e+02 2.694034747674835444e+02
7.800000000000000000e+02 2.368164138425940450e+02
7.810000000000000000e+02 5.577755621241763606e+01
7.820000000000000000e+02 2.947096786616164081e+02
7.830000000000000000e+02 2.621868607160885176e+02
7.840000000000000000e+02 2.695640302857268580e+02
7.850000000000000000e+02 3.009003460320616341e+02
7.860000000000000000e+02 4.800646718966348203e+01
7.870000000000000000e+02 2.698483302038408169e+02
7.880000000000000000e+02 2.522840708039464630e+02
7.890000000000000000e+02 2.780155397146956489e+02
7.900000000000000000e+02 2.497627407796825025e+02
7.910000000000000000e+02 2.554979525053385885e+02
7.920000000000000000e+02 2.598492796659626265e+02
7.930000000000000000e+02 2.530920764819825308e+02
7.940000000000000000e+02 2.548759095233911864e+02
7.950000000000000000e+02 2.852263657843981264e+02
7.960000000000000000e+02 2.761269845942069878e+02
7.970000000000000000e+02 2.774854511856340196e+02
7.980000000000000000e+02 2.821814056703628921e+02
7.990000000000000000e+02 2.871004468064330695e+02
8.000000000000000000e+02 2.332776212234378193e+02
8.010000000000000000e+02 2.694399898322005811e+02
8.020000000000000000e+02 2.634540386151483062e+02
8.030000000000000000e+02 6.313844735165841371e+01
8.040000000000000000e+02 2.263436714914252548e+02
8.050000000000000000e+02 2.486725873888512979e+02
8.060000000000000000e+02 2.750353426752893711e+02
8.070000000000000000e+02 -2.273349800473819187e+02
8.080000000000000000e+02 2.397618435112639474e+02
8.090000000000000000e+02 2.932575565442359675e+02
8.100000000000000000e+02 2.737343110236417942e+02
8.110000000000000000e+02 2.901705665251689652e+02
8.120000000000000000e+02 -2.225999004960345076e+02
8.130000000000000000e+02 2.454048384779329126e+02
8.140000000000000000e+02 2.154094364682051150e+02
8.150000000000000000e+02 2.352497693376132304e+02
8.160000000000000000e+02 2.546508371766926473e+02
8.170000000000000000e+02 2.735956362341748900e+02
8.180000000000000000e+02 2.341881572473665187e+02
8.190000000000000000e+02 2.370926333021719472e+02
8.200000000000000000e+02 2.721677488124325919e+02
8.210000000000000000e+02 1.430727259879683686e+02
8.220000000000000000e+02 2.506651726463622083e+02
8.230000000000000000e+02 2.616099774064571193e+02
8.240000000000000000e+02 3.060616593503979175e+02
8.250000000000000000e+02 2.773114985683876625e+02
8.260000000000000000e+02 2.714064901547781687e+02
8.270000000000000000e+02 2.702126564005712908e+02
8.280000000000000000e+02 2.379707662260435086e+02
8.290000000000000000e+02 2.999566764372525540e+02
8.300000000000000000e+02 2.900046963302471568e+02
8.310000000000000000e+02 2.731885746436777822e+02
8.320000000000000000e+02 2.739446445278560986e+02
8.330000000000000000e+02 2.947858800986664392e+02
8.340000000000000000e+02 2.833447513949523682e+02
8.350000000000000000e+02 2.478017724631502290e+02
8.360000000000000000e+02 2.596130942219086819e+02
8.370000000000000000e+02 2.935921135466832084e+02
8.380000000000000000e+02 2.986419405070700464e+02
8.390000000000000000e+02 2.630893940246173770e+02
8.400000000000000000e+02 2.821804228160862635e+02
8.410000000000000000e+02 2.661919393458280183e+02
8.420000000000000000e+02 3.080188689676703007e+02
8.430000000000000000e+02 2.263660743938706901e+02
8.440000000000000000e+02 2.466468784775991594e+02
8.450000000000000000e+02 3.053815028846124733e+02
8.460000000000000000e+02 2.570688074183501044e+02
8.470000000000000000e+02 3.203547859513633398e+02
8.480000000000000000e+02 3.058614300846610377e+02
8.490000000000000000e+02 2.632162747045476863e+02
8.500000000000000000e+02 2.819316518738697823e+02
8.510000000000000000e+02 2.585323813287583334e+02
8.520000000000000000e+02 2.688750479412009327e+02
8.530000000000000000e+02 4.408751072253548386e+01
8.540000000000000000e+02 2.754502231126027141e+02
8.550000000000000000e+02 2.709547632669242603e+02
8.560000000000000000e+02 2.656589047552479883e+02
8.570000000000000000e+02 2.561001869706396405e+02
8.580000000000000000e+02 2.354501710456607668e+02
8.590000000000000000e+02 2.845265848922035161e+02
8.600000000000000000e+02 2.860174103286758509e+02
8.610000000000000000e+02 2.170522172887998238e+02
8.620000000000000000e+02 2.682385710344738072e+02
8.630000000000000000e+02 2.711879755867079211e+02
8.640000000000000000e+02 2.397754050610637933e+02
8.650000000000000000e+02 1.714064167428589087e+02
8.660000000000000000e+02 2.312493015738311612e+02
8.670000000000000000e+02 2.587901510945907830e+02
8.680000000000000000e+02 2.797110173547262093e+02
8.690000000000000000e+02 2.583080449259825855e+02
8.700000000000000000e+02 2.687608307285559022e+02
8.710000000000000000e+02 2.343974476306102588e+02
8.720000000000000000e+02 1.501470615493401439e+01
8.730000000000000000e+02 2.567033148863138763e+02
8.740000000000000000e+02 2.459947621990575612e+02
8.750000000000000000e+02 2.538457986635699228e+02
8.760000000000000000e+02 2.751153319268752284e+02
8.770000000000000000e+02 2.457586242182381113e+02
8.780000000000000000e+02 3.071195050274575920e+02
8.790000000000000000e+02 2.732613039856419164e+02
8.800000000000000000e+02 3.004524447402578176e+02
8.810000000000000000e+02 3.073078162864836713e+02
8.820000000000000000e+02 2.876909548296008552e+02
8.830000000000000000e+02 2.753175158525502297e+02
8.840000000000000000e+02 2.940391295534072924e+01
8.850000000000000000e+02 2.370777689552446077e+02
8.860000000000000000e+02 -3.362369002872801502e+02
8.870000000000000000e+02 2.817960079272644407e+02
8.880000000000000000e+02 2.759861450061557662e+02
8.890000000000000000e+02 3.846554787143662679e+01
8.900000000000000000e+02 4.266392723974459500e+01
8.910000000000000000e+02 2.448234364587661958e+02
8.920000000000000000e+02 2.357168616521863669e+02
8.930000000000000000e+02 2.458465087056863467e+02
8.940000000000000000e+02 2.821446586437623409e+02
8.950000000000000000e+02 2.786573041339503334e+02
8.960000000000000000e+02 2.823135475758599000e+02
8.970000000000000000e+02 2.714576360771708892e+02
8.980000000000000000e+02 2.543117307834556584e+02
8.990000000000000000e+02 2.667814130619913158e+02
9.000000000000000000e+02 2.662517662676223154e+02
9.010000000000000000e+02 2.557403641396201124e+02
9.020000000000000000e+02 2.818773655347748672e+02
9.030000000000000000e+02 4.282553266202600639e+01
9.040000000000000000e+02 2.799337380968419211e+02
9.050000000000000000e+02 2.742757183422303342e+02
9.060000000000000000e+02 2.399903752192761317e+02
9.070000000000000000e+02 2.991610324597468207e+02
9.080000000000000000e+02 2.668801383393582682e+02
9.090000000000000000e+02 2.452239262168623952e+02
9.100000000000000000e+02 3.040149828923106270e+02
9.110000000000000000e+02 3.174470426525458606e+02
9.120000000000000000e+02 2.720990110100065067e+02
9.130000000000000000e+02 2.552507995367035107e+02
9.140000000000000000e+02 2.800051168462674696e+02
9.150000000000000000e+02 -3.908229170473499607e+02
9.160000000000000000e+02 2.297633823352078366e+02
9.170000000000000000e+02 2.150289714387484423e+02
9.180000000000000000e+02 2.428678986333840726e+02
9.190000000000000000e+02 2.576403756901257793e+02
9.200000000000000000e+02 3.118181514651033126e+02
9.210000000000000000e+02 2.389838470964207033e+02
9.220000000000000000e+02 2.961532160417501700e+02
9.230000000000000000e+02 2.340779877881909101e+02
9.240000000000000000e+02 2.265918924833591177e+02
9.250000000000000000e+02 9.593774013971122372e+01
9.260000000000000000e+02 2.627932499014664245e+02
9.270000000000000000e+02 2.181233767977142861e+02
9.280000000000000000e+02 2.494019563617111146e+02
9.290000000000000000e+02 2.655181340194724271e+02
9.300000000000000000e+02 2.859331927317171562e+02
9.310000000000000000e+02 2.451368903676509206e+02
9.320000000000000000e+02 2.639395024252672215e+02
9.330000000000000000e+02 2.465553689114869087e+02
9.340000000000000000e+02 1.245584033017759111e+02
9.350000000000000000e+02 2.751380366446983317e+02
9.360000000000000000e+02 2.690784244493895017e+02
9.370000000000000000e+02 2.460457393009070870e+02
9.380000000000000000e+02 3.162583654557258797e+02
9.390000000000000000e+02 2.706004054634667568e+02
9.400000000000000000e+02 2.564786692784841762e+02
9.410000000000000000e+02 2.559949822408482873e+02
9.420000000000000000e+02 2.187756057896491484e+02
9.430000000000000000e+02 2.568099804689182974e+02
9.440000000000000000e+02 2.301513623036152012e+02
9.450000000000000000e+02 2.861947071616821177e+02
9.460000000000000000e+02 2.510427521264119548e+02
9.470000000000000000e+02 2.797157060829554212e+02
9.480000000000000000e+02 2.678834363174139526e+02
9.490000000000000000e+02 2.636441927925872051e+02
9.500000000000000000e+02 2.811154981194193851e+02
9.510000000000000000e+02 2.773871456796994153e+02
9.520000000000000000e+02 2.509692469726935258e+02
9.530000000000000000e+02 4.917808299736933009e+01
9.540000000000000000e+02 2.557223625663185089e+02
9.550000000000000000e+02 2.552519051651596556e+02
9.560000000000000000e+02 5.299275931770171155e+01
9.570000000000000000e+02 2.841516735010976618e+02
9.580000000000000000e+02 1.918610402286051908e+02
9.590000000000000000e+02 -4.741631495575740018e+01
9.600000000000000000e+02 2.720966569149529732e+02
9.610000000000000000e+02 4.595044980579299931e+01
9.620000000000000000e+02 2.701868190400573440e+02
9.630000000000000000e+02 2.976391486718380293e+02
9.640000000000000000e+02 2.645398900600020511e+02
9.650000000000000000e+02 1.978030919630739390e+02
9.660000000000000000e+02 2.571337219074780478e+02
9.670000000000000000e+02 3.128110099571260889e+02
9.680000000000000000e+02 2.132334365175151447e+02
9.690000000000000000e+02 2.767066377863733351e+02
9.700000000000000000e+02 3.061904863371922829e+02
9.710000000000000000e+02 1.622571292531007714e+01
9.720000000000000000e+02 2.818106492262181746e+02
9.730000000000000000e+02 2.323206840405140952e+02
9.740000000000000000e+02 2.726630461415344371e+02
9.750000000000000000e+02 1.989669277248739263e+02
9.760000000000000000e+02 2.787726858237538181e+02
9.770000000000000000e+02 -2.919282190063796634e+02
9.780000000000000000e+02 2.956978334142087306e+02
9.790000000000000000e+02 2.578240570395229838e+02
9.800000000000000000e+02 2.981691024428721448e+02
9.810000000000000000e+02 2.270229117396892775e+02
9.820000000000000000e+02 2.551875381948147492e+02
9.830000000000000000e+02 2.613542229790427882e+02
9.840000000000000000e+02 -1.924220061490990190e+02
9.850000000000000000e+02 2.774492813585154067e+02
9.860000000000000000e+02 -6.620963457472950608e+01
9.870000000000000000e+02 2.906118934937264271e+02
9.880000000000000000e+02 -1.900245636279342420e+01
9.890000000000000000e+02 2.498410297754917906e+02
9.900000000000000000e+02 2.549057041201918423e+02
9.910000000000000000e+02 2.460287193856389933e+02
9.920000000000000000e+02 2.494799707628029637e+02
9.930000000000000000e+02 2.450499863663025053e+02
9.940000000000000000e+02 2.642511877258780828e+02
9.950000000000000000e+02 2.926409152458526250e+02
9.960000000000000000e+02 2.645603550951145735e+02
9.970000000000000000e+02 2.584254145165396039e+02
9.980000000000000000e+02 2.702367143676879095e+02
9.990000000000000000e+02 2.861966159817533253e+02
