0.000000000000000000e+00 -6.090372353213398782e+01
1.000000000000000000e+00 -7.781334246717412384e+01
2.000000000000000000e+00 -6.136131286067354296e+01
3.000000000000000000e+00 -4.849184378815119203e+02
4.000000000000000000e+00 -3.518127472519219054e+02
5.000000000000000000e+00 -4.479618027515844005e+02
6.000000000000000000e+00 -9.705274383835065066e+01
7.000000000000000000e+00 -1.615846069681954589e+02
8.000000000000000000e+00 -4.795834465375474451e+02
9.000000000000000000e+00 -3.873150325392776381e+02
1.000000000000000000e+01 -5.586858411754207054e+02
1.100000000000000000e+01 -3.860800630211718953e+02
1.200000000000000000e+01 -5.723423832823601742e+01
1.300000000000000000e+01 -3.647763783384402245e+02
1.400000000000000000e+01 -5.031076298112237737e+02
1.500000000000000000e+01 -3.057432804692593891e+02
1.600000000000000000e+01 -2.905838140748395517e+02
1.700000000000000000e+01 -5.268122961299405915e+02
1.800000000000000000e+01 -5.130370523480828524e+02
1.900000000000000000e+01 -6.585714229544771570e+02
2.000000000000000000e+01 -1.453489909970406302e+02
2.100000000000000000e+01 -2.722851396608507457e+01
2.200000000000000000e+01 -3.394930531110519496e+02
2.300000000000000000e+01 -9.248889234593154640e+01
2.400000000000000000e+01 -2.649671275525096235e+02
2.500000000000000000e+01 -2.621460956378974743e+02
2.600000000000000000e+01 -2.193798574845034750e+02
2.700000000000000000e+01 -2.966888191057769291e+02
2.800000000000000000e+01 -1.863136363334053272e+02
2.900000000000000000e+01 -4.490887713201158249e+02
3.000000000000000000e+01 -3.433827390886491457e+02
3.100000000000000000e+01 -6.073188551586040376e+02
3.200000000000000000e+01 -5.367540604434854004e+02
3.300000000000000000e+01 -4.838666315424094932e+02
3.400000000000000000e+01 -2.660894913536769764e+02
3.500000000000000000e+01 -1.467082219749518117e+02
3.600000000000000000e+01 -3.844949932681770974e+02
3.700000000000000000e+01 -6.370552553695897302e+01
3.800000000000000000e+01 -2.239773227706696730e+02
3.900000000000000000e+01 -4.495007086086334311e+02
4.000000000000000000e+01 -5.215579328255483915e+02
4.100000000000000000e+01 -1.981612864713279407e+02
4.200000000000000000e+01 -1.420886142042577944e+02
4.300000000000000000e+01 -3.433121956116921183e+02
4.400000000000000000e+01 -7.850595510781786857e+01
4.500000000000000000e+01 -4.366936762968888388e+02
4.600000000000000000e+01 -4.280761572386153375e+02
4.700000000000000000e+01 -3.446934654630679802e+02
4.800000000000000000e+01 -3.417975249196462073e+02
4.900000000000000000e+01 -5.260676451815149903e+02
5.000000000000000000e+01 -3.881022578987041243e+02
5.100000000000000000e+01 -5.246685207244782987e+02
5.200000000000000000e+01 -3.461406461377917481e+02
5.300000000000000000e+01 -3.946023034029773271e+02
5.400000000000000000e+01 -3.434134918311449383e+02
5.500000000000000000e+01 -3.239116916503021457e+02
5.600000000000000000e+01 -4.919641138657867145e+02
5.700000000000000000e+01 -3.395236216864959147e+02
5.800000000000000000e+01 -4.280947155231492616e+02
5.900000000000000000e+01 -3.086477890245967046e+02
6.000000000000000000e+01 -3.968118745751954179e+02
6.100000000000000000e+01 -4.861392563686895869e+02
6.200000000000000000e+01 -1.114513067483938329e+02
6.300000000000000000e+01 -4.150898351156956210e+02
6.400000000000000000e+01 -1.623414875125162098e+02
6.500000000000000000e+01 -2.400092711594779473e+02
6.600000000000000000e+01 -2.155975470753424474e+02
6.700000000000000000e+01 -2.252416926810934683e+01
6.800000000000000000e+01 -2.200348353778748560e+02
6.900000000000000000e+01 -6.325858448956415714e+02
7.000000000000000000e+01 -2.054040373605559466e+00
7.100000000000000000e+01 -1.451908679590518432e+02
7.200000000000000000e+01 -2.127797013076850874e+01
7.300000000000000000e+01 -3.722759836123834702e+02
7.400000000000000000e+01 -1.360418367728974260e+02
7.500000000000000000e+01 -8.261548082721846242e+01
7.600000000000000000e+01 -4.936676841829953446e+02
7.700000000000000000e+01 -1.954807156193388096e+02
7.800000000000000000e+01 -2.260576409365875179e+02
7.900000000000000000e+01 -1.169701514319968396e+02
8.000000000000000000e+01 -5.383072733391836664e+02
8.100000000000000000e+01 -3.049974668401072790e+02
8.200000000000000000e+01 -3.921160642206598368e+02
8.300000000000000000e+01 -3.833575660195585897e+02
8.400000000000000000e+01 -4.092893395194941490e+02
8.500000000000000000e+01 -6.528335117019575762e+01
8.600000000000000000e+01 -5.676671072156476328e+01
8.700000000000000000e+01 -5.977306807302607012e+02
8.800000000000000000e+01 -3.420830418074492627e+02
8.900000000000000000e+01 -3.956167794133435223e+02
9.000000000000000000e+01 -2.386717133483405462e+02
9.100000000000000000e+01 -1.226447307478774462e+02
9.200000000000000000e+01 -4.404928529230003846e+02
9.300000000000000000e+01 -2.156181255069930671e+02
9.400000000000000000e+01 -3.728744458766577736e+02
9.500000000000000000e+01 -3.064147354397350682e+02
9.600000000000000000e+01 -8.669840301700553198e+01
9.700000000000000000e+01 -3.443738085644794751e+02
9.800000000000000000e+01 -5.713561386949525058e+02
9.900000000000000000e+01 -1.655983160222662036e+02
1.000000000000000000e+02 -1.422022300799067693e+02
1.010000000000000000e+02 -3.607911816057108467e+02
1.020000000000000000e+02 -5.723724455734878802e+01
1.030000000000000000e+02 -3.592528260808917366e+02
1.040000000000000000e+02 -2.650404992905450854e+02
1.050000000000000000e+02 -5.306753790585522665e+02
1.060000000000000000e+02 -3.874016703452223851e+02
1.070000000000000000e+02 -4.457590727715451635e+02
1.080000000000000000e+02 -4.712790733020186735e+02
1.090000000000000000e+02 -2.873957010009303303e+02
1.100000000000000000e+02 -2.159901257675726356e+02
1.110000000000000000e+02 -5.966649374525427163e+01
1.120000000000000000e+02 -2.642130952624529527e+02
1.130000000000000000e+02 -2.997797421950351691e+02
1.140000000000000000e+02 -1.468925701047052712e+02
1.150000000000000000e+02 -2.217283915241909540e+02
1.160000000000000000e+02 -3.804299585491922358e+02
1.170000000000000000e+02 -3.908489660391366556e+02
1.180000000000000000e+02 -3.600475727665025829e+02
1.190000000000000000e+02 -1.848847438534511980e+02
1.200000000000000000e+02 -4.366229633978492757e+02
1.210000000000000000e+02 -2.640916739473041730e+02
1.220000000000000000e+02 -1.559045686869413032e+02
1.230000000000000000e+02 -2.203136299984167863e+02
1.240000000000000000e+02 -1.170242840898480239e+02
1.250000000000000000e+02 -3.998474315035530253e+02
1.260000000000000000e+02 -5.165225124213529284e+01
1.270000000000000000e+02 -3.068681816812561465e+02
1.280000000000000000e+02 -3.247666589775798229e+02
1.290000000000000000e+02 -2.011594062516670078e+02
1.300000000000000000e+02 -2.721091086139931576e+02
1.310000000000000000e+02 -4.233337398519175849e+02
1.320000000000000000e+02 -5.847204327064844165e+02
1.330000000000000000e+02 -4.020860622894579137e+02
1.340000000000000000e+02 -1.492138530408466579e+02
1.350000000000000000e+02 -3.086814660010779789e+02
1.360000000000000000e+02 -7.373917749908657981e+01
1.370000000000000000e+02 -3.803190599711706454e+01
1.380000000000000000e+02 -2.297078370395378499e+02
1.390000000000000000e+02 -3.901757511119092783e+02
1.400000000000000000e+02 -2.531839115640776186e+02
1.410000000000000000e+02 -7.521318450587173743e+01
1.420000000000000000e+02 -4.401524229259334220e+02
1.430000000000000000e+02 -3.042858975141829205e+02
1.440000000000000000e+02 -3.806808302177108772e+02
1.450000000000000000e+02 -9.714498127905670799e+01
1.460000000000000000e+02 -1.696873174777081488e+02
1.470000000000000000e+02 -4.373954076639772666e+02
1.480000000000000000e+02 -9.741615599991838792e+01
1.490000000000000000e+02 -3.962854278933011187e+02
1.500000000000000000e+02 -2.689140337935041316e+02
1.510000000000000000e+02 -3.198974904375546657e+00
1.520000000000000000e+02 -2.363001601989866742e+02
1.530000000000000000e+02 -3.130477085561248600e+02
1.540000000000000000e+02 -7.165957786934258422e+01
1.550000000000000000e+02 -9.023511269503785570e+01
1.560000000000000000e+02 -4.429820035174262927e+01
1.570000000000000000e+02 -3.647459211747712402e+02
1.580000000000000000e+02 -3.606791687302815603e+02
1.590000000000000000e+02 -2.443430087686571994e+02
1.600000000000000000e+02 -2.764525810879295022e+02
1.610000000000000000e+02 -2.216183044452374133e+02
1.620000000000000000e+02 -2.975598515913832784e+02
1.630000000000000000e+02 -1.439834773944666608e+02
1.640000000000000000e+02 -3.214537235256124177e+02
1.650000000000000000e+02 -1.637859212678006884e+02
1.660000000000000000e+02 -2.392008143240879576e+02
1.670000000000000000e+02 -2.508471472885038622e+01
1.680000000000000000e+02 -2.952515198652470190e+02
1.690000000000000000e+02 -2.262465811042894757e+02
1.700000000000000000e+02 -3.557942836716924830e+02
1.710000000000000000e+02 -9.863580195547487506e+01
1.720000000000000000e+02 -3.335904507117876960e+01
1.730000000000000000e+02 -2.237528375867528041e+02
1.740000000000000000e+02 -6.691488056268168805e+01
1.750000000000000000e+02 -2.984691245380722648e+02
1.760000000000000000e+02 -3.375730659561239690e+02
1.770000000000000000e+02 -2.471403729567445851e+02
1.780000000000000000e+02 -2.151857814966949718e+02
1.790000000000000000e+02 -3.450972847250885707e+02
1.800000000000000000e+02 -9.888380591567563727e+01
1.810000000000000000e+02 -4.069279341105421963e+02
1.820000000000000000e+02 -2.156889012287968512e+02
1.830000000000000000e+02 -1.692215795332368202e+02
1.840000000000000000e+02 -1.755513283792394077e+02
1.850000000000000000e+02 -1.005684269676213916e+02
1.860000000000000000e+02 -2.586168272773891204e+02
1.870000000000000000e+02 -3.480489256593306209e+02
1.880000000000000000e+02 -2.092174431405107953e+02
1.890000000000000000e+02 -6.234571278715128528e+01
1.900000000000000000e+02 -2.262394428379110707e+02
1.910000000000000000e+02 -4.487031312473632028e+01
1.920000000000000000e+02 -5.915100701308844577e+01
1.930000000000000000e+02 -8.606635922632806057e+01
1.940000000000000000e+02 -4.768423834523234461e+01
1.950000000000000000e+02 -4.433260742299030710e+01
1.960000000000000000e+02 -7.910793305795623098e+01
1.970000000000000000e+02 -7.638183974125514908e+01
1.980000000000000000e+02 -3.999834534820431742e+01
1.990000000000000000e+02 -3.030236312090199391e+01
2.000000000000000000e+02 -4.216151420882506784e+01
2.010000000000000000e+02 -4.907209280413945152e+01
2.020000000000000000e+02 -2.813492791550406125e+01
2.030000000000000000e+02 -1.157731812207632061e+02
2.040000000000000000e+02 -2.548421707918362955e+01
2.050000000000000000e+02 -1.311858591775194895e+02
2.060000000000000000e+02 -1.799589337975450576e+02
2.070000000000000000e+02 -5.503144123116834407e+01
2.080000000000000000e+02 -2.937297001345884837e+02
2.090000000000000000e+02 -8.644463147173760831e+01
2.100000000000000000e+02 -3.202366497585228444e+01
2.110000000000000000e+02 -9.960859945972092078e+01
2.120000000000000000e+02 -1.052185674195977469e+02
2.130000000000000000e+02 -3.847364820423651111e+01
2.140000000000000000e+02 -8.186258022240861010e+01
2.150000000000000000e+02 -4.255579883460805490e+01
2.160000000000000000e+02 -9.480629848948889560e+01
2.170000000000000000e+02 -4.235006213038618483e+01
2.180000000000000000e+02 -2.981556740103901149e+01
2.190000000000000000e+02 -7.409571730758017338e+02
2.200000000000000000e+02 -7.883675191050409126e+01
2.210000000000000000e+02 -5.212924658931995054e+02
2.220000000000000000e+02 -3.584575963503615981e+01
2.230000000000000000e+02 1.230896914113267826e+01
2.240000000000000000e+02 1.187452573500766917e+01
2.250000000000000000e+02 -1.377697308677839771e+01
2.260000000000000000e+02 -2.452233201429975473e+00
2.270000000000000000e+02 -1.876202305762927267e+02
2.280000000000000000e+02 -1.993345392090206758e+01
2.290000000000000000e+02 -3.516277126589935165e+02
2.300000000000000000e+02 4.246583851983152158e+01
2.310000000000000000e+02 1.323537813320893086e+01
2.320000000000000000e+02 -2.973315058040341228e+02
2.330000000000000000e+02 -4.703926705312890135e+02
2.340000000000000000e+02 -4.253451689556888482e+01
2.350000000000000000e+02 9.861130560513366561e+00
2.360000000000000000e+02 -5.232450881744248505e+01
2.370000000000000000e+02 -2.625661288536370819e+01
2.380000000000000000e+02 -3.426918437219816838e+01
2.390000000000000000e+02 -2.410271605935515282e+01
2.400000000000000000e+02 -2.663894152917534797e+01
2.410000000000000000e+02 1.695124247179646915e+01
2.420000000000000000e+02 -3.629944851828965824e+01
2.430000000000000000e+02 2.063242392469311781e+01
2.440000000000000000e+02 -8.712399382354762523e+00
2.450000000000000000e+02 -1.617596569122019190e+01
2.460000000000000000e+02 -2.071649158404089519e+01
2.470000000000000000e+02 5.680475253382950562e+00
2.480000000000000000e+02 -2.518680100071615584e+02
2.490000000000000000e+02 -4.750703288263416368e+01
2.500000000000000000e+02 -9.499908331429831776e+01
2.510000000000000000e+02 -1.317919997486381760e+02
2.520000000000000000e+02 -3.415182528198896961e+01
2.530000000000000000e+02 -8.628227268110670423e+01
2.540000000000000000e+02 -1.810587261037255047e+01
2.550000000000000000e+02 -3.545719932432329529e+02
2.560000000000000000e+02 -2.755921160024191963e+00
2.570000000000000000e+02 -2.168548498514018377e+02
2.580000000000000000e+02 -4.037279103604527677e+02
2.590000000000000000e+02 -7.040546073990071818e+01
2.600000000000000000e+02 -2.696967104612041908e+02
2.610000000000000000e+02 -1.376483240413510316e+02
2.620000000000000000e+02 -5.173407125537969478e+02
2.630000000000000000e+02 -4.830632599361190387e+02
2.640000000000000000e+02 -3.289627165603361618e+02
2.650000000000000000e+02 3.401037485447376696e+01
2.660000000000000000e+02 -1.419027001559103596e+01
2.670000000000000000e+02 1.109487987640956419e+01
2.680000000000000000e+02 -2.502822739134316965e+00
2.690000000000000000e+02 -2.132394094487002079e+01
2.700000000000000000e+02 -6.362629484691018433e+01
2.710000000000000000e+02 -3.759971319280153068e+01
2.720000000000000000e+02 9.190158499755018973e-01
2.730000000000000000e+02 2.150838928792740035e+01
2.740000000000000000e+02 2.149810083247553649e+01
2.750000000000000000e+02 1.397130617786785578e+01
2.760000000000000000e+02 6.227955763610848017e+00
2.770000000000000000e+02 -5.414803981852720227e+01
2.780000000000000000e+02 1.896152810301848746e+01
2.790000000000000000e+02 1.830852815040994130e+01
2.800000000000000000e+02 1.605898994831841264e+02
2.810000000000000000e+02 1.370740738610655285e+02
2.820000000000000000e+02 3.518902230895838557e+01
2.830000000000000000e+02 3.514190242840116696e+01
2.840000000000000000e+02 3.139127923735701486e+00
2.850000000000000000e+02 -2.312201760245249318e+02
2.860000000000000000e+02 2.058643333665613113e+02
2.870000000000000000e+02 7.452651447538160667e+00
2.880000000000000000e+02 -2.556978382415354076e+02
2.890000000000000000e+02 -2.281969367587996942e+02
2.900000000000000000e+02 -2.815059375259368153e+02
2.910000000000000000e+02 -3.269856101995771951e+02
2.920000000000000000e+02 -2.777850828466514486e+02
2.930000000000000000e+02 2.397968478610914644e+01
2.940000000000000000e+02 -3.719568596883329548e+01
2.950000000000000000e+02 -2.251750049940386873e+02
2.960000000000000000e+02 -1.735403737458848639e+02
2.970000000000000000e+02 -4.422381476410713219e+01
2.980000000000000000e+02 -2.435862165759560583e+02
2.990000000000000000e+02 -2.660298504382845977e+02
3.000000000000000000e+02 1.693222122811523604e+02
3.010000000000000000e+02 1.980045457330333250e+02
3.020000000000000000e+02 -3.085685745294579618e+01
3.030000000000000000e+02 -1.691146884487119451e+01
3.040000000000000000e+02 -2.689482216984543470e+02
3.050000000000000000e+02 1.517592743748977568e+02
3.060000000000000000e+02 -1.844470528677817640e+02
3.070000000000000000e+02 -5.963575194764462140e+01
3.080000000000000000e+02 -1.950804686007054727e+02
3.090000000000000000e+02 -3.814140233066761425e+02
3.100000000000000000e+02 -5.722957425430823264e+01
3.110000000000000000e+02 -1.679697652284103171e+00
3.120000000000000000e+02 1.554654390712709642e+02
3.130000000000000000e+02 1.780494794449326434e+02
3.140000000000000000e+02 1.886794794033959306e+02
3.150000000000000000e+02 1.645068551680144253e+02
3.160000000000000000e+02 5.701671769932002576e+01
3.170000000000000000e+02 2.670585137197839742e+01
3.180000000000000000e+02 2.267525642850627321e+02
3.190000000000000000e+02 1.320169050714036132e+02
3.200000000000000000e+02 2.258767455775683288e+02
3.210000000000000000e+02 2.202056714337008430e+02
3.220000000000000000e+02 2.458128083907263317e+02
3.230000000000000000e+02 -3.325732856306494796e+02
3.240000000000000000e+02 1.938408160873249813e+02
3.250000000000000000e+02 -3.769683383397442071e+02
3.260000000000000000e+02 2.097832510484412865e+02
3.270000000000000000e+02 1.765460222631825218e+02
3.280000000000000000e+02 2.584334881719595387e+02
3.290000000000000000e+02 -3.613022017914208277e+02
3.300000000000000000e+02 -5.154674956495227178e+01
3.310000000000000000e+02 1.903834322698263861e+02
3.320000000000000000e+02 -2.092827368667563093e+01
3.330000000000000000e+02 1.734636603122378062e+02
3.340000000000000000e+02 -7.969415392981574087e+01
3.350000000000000000e+02 1.468447690696337986e+02
3.360000000000000000e+02 -4.467520049019337591e+01
3.370000000000000000e+02 9.806596941692129121e+01
3.380000000000000000e+02 -6.876806899534323065e+02
3.390000000000000000e+02 -3.307571736359148673e+01
3.400000000000000000e+02 -8.141688713703274516e+01
3.410000000000000000e+02 -1.968360660259162387e+02
3.420000000000000000e+02 -6.971993252495356330e+01
3.430000000000000000e+02 1.237169471949879096e+01
3.440000000000000000e+02 -8.949493055382446016e+01
3.450000000000000000e+02 -5.584086481108757880e+02
3.460000000000000000e+02 -6.767596335813726682e+01
3.470000000000000000e+02 -6.596149528741382255e+02
3.480000000000000000e+02 1.624459188727116157e+02
3.490000000000000000e+02 1.184446308419194054e+02
3.500000000000000000e+02 3.003406101212191537e+00
3.510000000000000000e+02 1.356802935336542646e+02
3.520000000000000000e+02 -2.113620318043662678e+02
3.530000000000000000e+02 1.009007904303119574e+02
3.540000000000000000e+02 -2.736449395626241881e+02
3.550000000000000000e+02 -4.243105366339034958e+02
3.560000000000000000e+02 -4.194863448665115584e+02
3.570000000000000000e+02 -4.426904771256178606e+02
3.580000000000000000e+02 -4.254608026150303886e+02
3.590000000000000000e+02 -3.521089821778317059e+02
3.600000000000000000e+02 -2.648894836997206994e+02
3.610000000000000000e+02 -3.539534922741215723e+02
3.620000000000000000e+02 -2.206912382298177704e+02
3.630000000000000000e+02 -3.350533946695642271e+02
3.640000000000000000e+02 -3.310304820823292857e+02
3.650000000000000000e+02 -2.794207718728036411e+02
3.660000000000000000e+02 -2.510167502450087227e+02
3.670000000000000000e+02 -1.675433661835476187e+02
3.680000000000000000e+02 -2.423230759605710318e+02
3.690000000000000000e+02 -1.475157064835153449e+02
3.700000000000000000e+02 1.591377038911063302e+01
3.710000000000000000e+02 -2.940753343833970490e+01
3.720000000000000000e+02 4.023877079962534964e+01
3.730000000000000000e+02 -4.997749829816991962e+01
3.740000000000000000e+02 -6.632542444308135998e+01
3.750000000000000000e+02 1.290452148569908957e+02
3.760000000000000000e+02 -8.672458421471453960e+01
3.770000000000000000e+02 -1.457483054574474011e+02
3.780000000000000000e+02 -2.550069865271404126e+02
3.790000000000000000e+02 -1.317094732403202215e+02
3.800000000000000000e+02 -2.780301217033764374e+02
3.810000000000000000e+02 -2.608806663338349381e+02
3.820000000000000000e+02 -2.915271838908699351e+02
3.830000000000000000e+02 -1.842654533903204594e+02
3.840000000000000000e+02 -2.452957683402377711e+02
3.850000000000000000e+02 -3.043540932323617199e+02
3.860000000000000000e+02 -2.442082149415385288e+02
3.870000000000000000e+02 -2.386026919970420295e+02
3.880000000000000000e+02 -2.410390633041730837e+02
3.890000000000000000e+02 1.559152572597925257e+02
3.900000000000000000e+02 -1.015944381109569150e+02
3.910000000000000000e+02 2.475595599184310345e+02
3.920000000000000000e+02 2.177861174210705144e+02
3.930000000000000000e+02 2.313938423097936266e+02
3.940000000000000000e+02 2.311572044959402206e+02
3.950000000000000000e+02 2.424383500155984450e+02
3.960000000000000000e+02 2.526777821521665714e+02
3.970000000000000000e+02 2.409349817486005634e+02
3.980000000000000000e+02 2.485424433689311456e+02
3.990000000000000000e+02 2.529558883365621398e+02
4.000000000000000000e+02 2.429115720808288188e+02
4.010000000000000000e+02 2.458207679195054709e+02
4.020000000000000000e+02 2.717182200043570219e+02
4.030000000000000000e+02 2.073524406347308400e+02
4.040000000000000000e+02 2.259230111080299821e+02
4.050000000000000000e+02 1.590729649460340056e+02
4.060000000000000000e+02 1.665363644993693129e+02
4.070000000000000000e+02 4.439258484080026790e+01
4.080000000000000000e+02 2.270746681135779284e+02
4.090000000000000000e+02 2.169274391769473596e+02
4.100000000000000000e+02 1.909144514489948392e+02
4.110000000000000000e+02 1.616563151091897339e+02
4.120000000000000000e+02 1.327635012739630156e+02
4.130000000000000000e+02 1.879755060714492174e+02
4.140000000000000000e+02 -4.179146502746328906e+01
4.150000000000000000e+02 -7.180310169193563752e+01
4.160000000000000000e+02 -8.225219564086842183e+00
4.170000000000000000e+02 2.163715180464013201e+02
4.180000000000000000e+02 2.127327120544790660e+02
4.190000000000000000e+02 1.927238952157465803e+02
4.200000000000000000e+02 -4.886019849890679723e+01
4.210000000000000000e+02 2.626796977847991457e+02
4.220000000000000000e+02 2.071942178728183137e+02
4.230000000000000000e+02 2.909780044297608583e+02
4.240000000000000000e+02 2.353218899263995638e+02
4.250000000000000000e+02 2.101861612649959454e+02
4.260000000000000000e+02 2.397838831431336928e+02
4.270000000000000000e+02 1.944486979083182518e+02
4.280000000000000000e+02 1.922027916737940245e+02
4.290000000000000000e+02 2.599954206460049591e+02
4.300000000000000000e+02 2.507197506841356471e+02
4.310000000000000000e+02 2.793808533057225532e+02
4.320000000000000000e+02 2.185688670118870789e+02
4.330000000000000000e+02 1.965828055706249700e+02
4.340000000000000000e+02 -1.302442924234298971e+00
4.350000000000000000e+02 2.009451349967887381e+02
4.360000000000000000e+02 2.655277221987317944e+02
4.370000000000000000e+02 2.602038140074462262e+02
4.380000000000000000e+02 2.269080527625870047e+02
4.390000000000000000e+02 2.289793304363847426e+02
4.400000000000000000e+02 1.688976949668819998e+02
4.410000000000000000e+02 2.690466552344472575e+02
4.420000000000000000e+02 2.617548174337712794e+02
4.430000000000000000e+02 1.994823132825549123e+02
4.440000000000000000e+02 2.346541549702763518e+02
4.450000000000000000e+02 -4.212172933271336888e+02
4.460000000000000000e+02 2.322543907539078702e+02
4.470000000000000000e+02 2.265528410125500045e+02
4.480000000000000000e+02 2.078229177427322725e+02
4.490000000000000000e+02 -1.318355540599929441e+02
4.500000000000000000e+02 2.544131511425964050e+02
4.510000000000000000e+02 7.097371804290522945e+00
4.520000000000000000e+02 2.417621840616819782e+02
4.530000000000000000e+02 1.901844943792971492e+02
4.540000000000000000e+02 2.295252644869200367e+02
4.550000000000000000e+02 5.741626184068167049e-01
4.560000000000000000e+02 2.412580337689307157e+02
4.570000000000000000e+02 2.517764763149796750e+02
4.580000000000000000e+02 -8.225146190153280656e+01
4.590000000000000000e+02 -3.604480335544245406e+00
4.600000000000000000e+02 1.986638401515514829e+01
4.610000000000000000e+02 2.314908642639532559e+02
4.620000000000000000e+02 5.924512499473524940e+01
4.630000000000000000e+02 -2.591633241753412875e+01
4.640000000000000000e+02 1.807913946656711914e+02
4.650000000000000000e+02 2.369084462825710204e+02
4.660000000000000000e+02 2.167077997162959377e+02
4.670000000000000000e+02 2.527859161891030340e+02
4.680000000000000000e+02 2.213322336623846525e+02
4.690000000000000000e+02 2.675148719815013010e+02
4.700000000000000000e+02 2.299409417019348609e+02
4.710000000000000000e+02 2.428024037011165319e+02
4.720000000000000000e+02 2.436205742767131142e+02
4.730000000000000000e+02 -1.283447605916229861e+01
4.740000000000000000e+02 -8.963603992670888942e+01
4.750000000000000000e+02 1.919724307674997021e+00
4.760000000000000000e+02 2.117768976336722631e+02
4.770000000000000000e+02 2.465285897132963271e+02
4.780000000000000000e+02 2.532147553366925194e+02
4.790000000000000000e+02 2.212150475319846237e+02
4.800000000000000000e+02 2.407807565223367590e+02
4.810000000000000000e+02 2.438564613514745929e+02
4.820000000000000000e+02 5.284773237032823090e+01
4.830000000000000000e+02 2.292555727810716064e+02
4.840000000000000000e+02 2.515681182153113014e+02
4.850000000000000000e+02 2.264700555759702070e+02
4.860000000000000000e+02 2.664295706915748951e+02
4.870000000000000000e+02 2.433159188691779775e+02
4.880000000000000000e+02 2.399874420534992510e+02
4.890000000000000000e+02 2.393365067794325398e+02
4.900000000000000000e+02 2.226532526356559742e+02
4.910000000000000000e+02 2.912205806425569676e+02
4.920000000000000000e+02 2.759234947495122583e+02
4.930000000000000000e+02 1.962702163628090091e+01
4.940000000000000000e+02 2.994972016416903102e+02
4.950000000000000000e+02 2.977677002067351850e+02
4.960000000000000000e+02 2.924211610038767049e+02
4.970000000000000000e+02 2.727741691013138166e+02
4.980000000000000000e+02 2.759055409758746009e+02
4.990000000000000000e+02 2.650736477182348381e+02
5.000000000000000000e+02 2.272005693113108862e+02
5.010000000000000000e+02 1.878191941355969448e+02
5.020000000000000000e+02 2.474239158109969878e+02
5.030000000000000000e+02 -5.881884861237952578e+01
5.040000000000000000e+02 2.408248951539567599e+02
5.050000000000000000e+02 2.172138436587387957e+02
5.060000000000000000e+02 -2.883692404924255470e+01
5.070000000000000000e+02 2.663286948627272750e+02
5.080000000000000000e+02 -2.970577159608681939e+01
5.090000000000000000e+02 2.449679993178420716e+02
5.100000000000000000e+02 2.699813408496341935e+02
5.110000000000000000e+02 2.436543901243006189e+02
5.120000000000000000e+02 2.360148166580840723e+02
5.130000000000000000e+02 1.579454518360592772e+02
5.140000000000000000e+02 2.857173867694347678e+02
5.150000000000000000e+02 2.564080114871380829e+02
5.160000000000000000e+02 2.637792427090978435e+02
5.170000000000000000e+02 2.308403359905409218e+02
5.180000000000000000e+02 2.137327621274037028e+02
5.190000000000000000e+02 -6.166601933734836649e+01
5.200000000000000000e+02 2.821116027585102870e+02
5.210000000000000000e+02 -1.737450426766208125e+02
5.220000000000000000e+02 -8.089536905545610068e+01
5.230000000000000000e+02 2.395363425974682912e+02
5.240000000000000000e+02 -3.261219248393173586e+01
5.250000000000000000e+02 2.581545682406534752e+02
5.260000000000000000e+02 -4.192554895195694087e+01
5.270000000000000000e+02 2.361840477814483279e+02
5.280000000000000000e+02 2.559313562892068887e+02
5.290000000000000000e+02 2.466956365747194866e+02
5.300000000000000000e+02 -4.391585751725641984e+01
5.310000000000000000e+02 2.322570847781129260e+02
5.320000000000000000e+02 2.543977786716141622e+02
5.330000000000000000e+02 2.275944539816105134e+02
5.340000000000000000e+02 2.461874377125854494e+02
5.350000000000000000e+02 2.265941434039825424e+02
5.360000000000000000e+02 3.834885904804536949e+00
5.370000000000000000e+02 2.315868576454526533e+02
5.380000000000000000e+02 2.278119452894633810e+02
5.390000000000000000e+02 2.244720167231568553e+02
5.400000000000000000e+02 2.729778588817236482e+02
5.410000000000000000e+02 2.286823334720213836e+02
5.420000000000000000e+02 2.291957564278453674e+02
5.430000000000000000e+02 2.104607029827963913e+02
5.440000000000000000e+02 2.723904712561776478e+02
5.450000000000000000e+02 2.042857770272969447e+02
5.460000000000000000e+02 2.032749494840261946e+02
5.470000000000000000e+02 2.447598759631693497e+02
5.480000000000000000e+02 1.615755467100965745e+02
5.490000000000000000e+02 2.147819955446679216e+02
5.500000000000000000e+02 2.007369394689785622e+02
5.510000000000000000e+02 1.426488561237395061e+02
5.520000000000000000e+02 1.300623878333805692e+02
5.530000000000000000e+02 2.105906437387153289e+02
5.540000000000000000e+02 2.583681556496887879e+02
5.550000000000000000e+02 2.401823455941633370e+02
5.560000000000000000e+02 1.929743671510138086e+02
5.570000000000000000e+02 2.251628798820328825e+02
5.580000000000000000e+02 2.086465158287972201e+02
5.590000000000000000e+02 2.275858312364547942e+02
5.600000000000000000e+02 2.156751619827861077e+02
5.610000000000000000e+02 2.462575877437396912e+02
5.620000000000000000e+02 2.441846791209899834e+02
5.630000000000000000e+02 2.086006626053768400e+02
5.640000000000000000e+02 2.382177811031201031e+02
5.650000000000000000e+02 1.979100917162497808e+02
5.660000000000000000e+02 2.307427649407063370e+02
5.670000000000000000e+02 2.026149218779584942e+02
5.680000000000000000e+02 2.171440355239304836e+02
5.690000000000000000e+02 2.198331348408782162e+02
5.700000000000000000e+02 1.947977230814530571e+02
5.710000000000000000e+02 2.070711891858063041e+02
5.720000000000000000e+02 2.708279058512901543e+02
5.730000000000000000e+02 1.936927618157106963e+02
5.740000000000000000e+02 2.235203323264455264e+02
5.750000000000000000e+02 2.028411177543472945e+02
5.760000000000000000e+02 1.002581696027887972e+02
5.770000000000000000e+02 2.451353877314954843e+02
5.780000000000000000e+02 2.179919330621327731e+02
5.790000000000000000e+02 2.557579146094737439e+02
5.800000000000000000e+02 2.147492292880689320e+02
5.810000000000000000e+02 2.370311865026486657e+02
5.820000000000000000e+02 2.635416107401753152e+02
5.830000000000000000e+02 1.959629531254520316e+02
5.840000000000000000e+02 2.883849029148653926e+02
5.850000000000000000e+02 2.413549307088296985e+02
5.860000000000000000e+02 2.570702956395028878e+02
5.870000000000000000e+02 2.566400707583797498e+02
5.880000000000000000e+02 2.809026065255048934e+02
5.890000000000000000e+02 2.467362903035213719e+02
5.900000000000000000e+02 2.515800875898071354e+02
5.910000000000000000e+02 2.374060899424372622e+02
5.920000000000000000e+02 1.868071746574916006e+02
5.930000000000000000e+02 2.306794492897153646e+02
5.940000000000000000e+02 2.548288984922147051e+02
5.950000000000000000e+02 1.221054108912605898e+02
5.960000000000000000e+02 2.326506017863258933e+02
5.970000000000000000e+02 2.755223622626122619e+02
5.980000000000000000e+02 2.309275029795443004e+02
5.990000000000000000e+02 2.610276890657976310e+02
6.000000000000000000e+02 2.408268710776815738e+02
6.010000000000000000e+02 2.900052437063400248e+02
6.020000000000000000e+02 2.450858230760166805e+02
6.030000000000000000e+02 2.298195819618919415e+02
6.040000000000000000e+02 2.584468764400097598e+02
6.050000000000000000e+02 2.420090580984914936e+02
6.060000000000000000e+02 2.535890853661457527e+02
6.070000000000000000e+02 2.773681663122010832e+02
6.080000000000000000e+02 2.452310894228585312e+02
6.090000000000000000e+02 2.410328258332425833e+02
6.100000000000000000e+02 2.589314106669302191e+02
6.110000000000000000e+02 2.727039776719776683e+02
6.120000000000000000e+02 -1.667852470018395650e+01
6.130000000000000000e+02 2.695055922239646975e+02
6.140000000000000000e+02 2.496579923446163320e+02
6.150000000000000000e+02 2.847181742807883325e+02
6.160000000000000000e+02 2.460102468213557643e+02
6.170000000000000000e+02 2.207136184781473105e+02
6.180000000000000000e+02 2.547040217684015602e+02
6.190000000000000000e+02 2.449485472306998588e+02
6.200000000000000000e+02 2.584722563664567474e+02
6.210000000000000000e+02 1.676241361423384433e+02
6.220000000000000000e+02 2.699864388651851641e+02
6.230000000000000000e+02 2.608421684739112152e+02
6.240000000000000000e+02 -1.882538775804560771e+01
6.250000000000000000e+02 2.540225416140638401e+02
6.260000000000000000e+02 2.355431430403234287e+02
6.270000000000000000e+02 5.926883330479157053e+00
6.280000000000000000e+02 2.956075857654448100e+02
6.290000000000000000e+02 2.222453706419382797e+02
6.300000000000000000e+02 2.164153264688505942e+02
6.310000000000000000e+02 2.823266493589310357e+02
6.320000000000000000e+02 2.633087447391626483e+02
6.330000000000000000e+02 2.784136593077886914e+02
6.340000000000000000e+02 1.047383172702398895e+02
6.350000000000000000e+02 2.923557481199033532e+02
6.360000000000000000e+02 2.787624621653718577e+02
6.370000000000000000e+02 2.693654846598949462e+02
6.380000000000000000e+02 2.209782637998309269e+02
6.390000000000000000e+02 2.712050013909712334e+02
6.400000000000000000e+02 2.599336128510527715e+02
6.410000000000000000e+02 2.612306016988367219e+02
6.420000000000000000e+02 2.296474966652268677e+02
6.430000000000000000e+02 2.848241806856531184e+02
6.440000000000000000e+02 3.589488249581503965e+01
6.450000000000000000e+02 2.778248839098763483e+02
6.460000000000000000e+02 1.289785532016207696e+02
6.470000000000000000e+02 2.321205076337206208e+02
6.480000000000000000e+02 2.372477701488197397e+02
6.490000000000000000e+02 2.713753112647095804e+02
6.500000000000000000e+02 2.893818121571189295e+02
6.510000000000000000e+02 2.106309824519448171e+02
6.520000000000000000e+02 2.188885782746029918e+02
6.530000000000000000e+02 2.852871339800071837e+02
6.540000000000000000e+02 2.720123770359062974e+02
6.550000000000000000e+02 1.190333230425013085e+02
6.560000000000000000e+02 2.394205160411591464e+02
6.570000000000000000e+02 2.541540564900492996e+02
6.580000000000000000e+02 2.564134029608846390e+02
6.590000000000000000e+02 -1.892758691346892874e+01
6.600000000000000000e+02 2.810066103966169067e+02
6.610000000000000000e+02 3.051742024614694628e+02
6.620000000000000000e+02 2.698511155983686649e+02
6.630000000000000000e+02 2.860651473595091829e+02
6.640000000000000000e+02 2.769237576899987516e+02
6.650000000000000000e+02 2.858039731254538083e+02
6.660000000000000000e+02 2.737365079770075909e+02
6.670000000000000000e+02 1.451305856660828510e+02
6.680000000000000000e+02 2.611469995640935053e+02
6.690000000000000000e+02 2.535620015659960416e+02
6.700000000000000000e+02 2.761572872594663295e+02
6.710000000000000000e+02 2.626933448772672364e+02
6.720000000000000000e+02 2.827620538072462750e+02
6.730000000000000000e+02 2.602133541335668951e+02
6.740000000000000000e+02 2.508036916818161615e+02
6.750000000000000000e+02 2.840534089066301249e+02
6.760000000000000000e+02 2.771808669984898756e+02
6.770000000000000000e+02 2.651764155056972641e+02
6.780000000000000000e+02 2.346906641259997173e+02
6.790000000000000000e+02 2.642038598461633683e+02
6.800000000000000000e+02 1.431719489138292545e+02
6.810000000000000000e+02 2.331823804515118184e+02
6.820000000000000000e+02 2.141537748523226696e+02
6.830000000000000000e+02 2.413365483076111957e+02
6.840000000000000000e+02 2.221097995446922369e+02
6.850000000000000000e+02 2.535685372804448434e+02
6.860000000000000000e+02 2.724492488337324403e+02
6.870000000000000000e+02 1.889914380851934084e+02
6.880000000000000000e+02 -7.823843191641338990e+01
6.890000000000000000e+02 2.266416740986439606e+02
6.900000000000000000e+02 2.016620509758055277e+02
6.910000000000000000e+02 -1.735597506828311509e+01
6.920000000000000000e+02 2.561770369870333752e+02
6.930000000000000000e+02 2.249388385791231144e+02
6.940000000000000000e+02 2.532546143479871432e+02
6.950000000000000000e+02 2.057866818842712746e+02
6.960000000000000000e+02 2.529257890465276830e+02
6.970000000000000000e+02 2.478579814920721844e+02
6.980000000000000000e+02 2.316713748114727025e+02
6.990000000000000000e+02 2.315773728682677586e+02
7.000000000000000000e+02 2.250833334246150912e+02
7.010000000000000000e+02 2.393516632188452604e+02
7.020000000000000000e+02 1.635601226811321567e+02
7.030000000000000000e+02 2.061030352924317697e+02
7.040000000000000000e+02 2.155802183828947989e+02
7.050000000000000000e+02 2.444514307500210748e+02
7.060000000000000000e+02 1.377881524614318778e+02
7.070000000000000000e+02 2.739919918422313572e+02
7.080000000000000000e+02 2.646106246483027462e+02
7.090000000000000000e+02 6.431270246708633920e+01
7.100000000000000000e+02 2.719456104656593425e+02
7.110000000000000000e+02 3.863292238375382226e+01
7.120000000000000000e+02 2.462790524201057849e+02
7.130000000000000000e+02 2.251332548885429219e+02
7.140000000000000000e+02 1.835566872071106843e+02
7.150000000000000000e+02 2.573838476511537010e+02
7.160000000000000000e+02 2.618987008147284996e+02
7.170000000000000000e+02 1.770195826180209338e+02
7.180000000000000000e+02 2.501337330801728456e+02
7.190000000000000000e+02 2.317707904648191288e+02
7.200000000000000000e+02 1.837233880340643282e+02
7.210000000000000000e+02 -4.373532962893133345e+02
7.220000000000000000e+02 -3.043651521548358687e+02
7.230000000000000000e+02 2.384571348695237418e+02
7.240000000000000000e+02 2.737399777592725059e+02
7.250000000000000000e+02 -6.675398526124098453e+00
7.260000000000000000e+02 2.234632590703617439e+02
7.270000000000000000e+02 -1.576784776305972571e+02
7.280000000000000000e+02 2.978042756041512007e+01
7.290000000000000000e+02 2.386418059840229944e+02
7.300000000000000000e+02 2.683723781258317445e+02
7.310000000000000000e+02 2.483053725927896949e+02
7.320000000000000000e+02 2.773185462656382470e+02
7.330000000000000000e+02 2.543834911199443809e+02
7.340000000000000000e+02 2.748757100618978484e+02
7.350000000000000000e+02 1.777329609934784571e+02
7.360000000000000000e+02 2.315837818810037732e+02
7.370000000000000000e+02 2.740332927334657143e+02
7.380000000000000000e+02 2.188455590112679374e+02
7.390000000000000000e+02 2.002478597567950942e+02
7.400000000000000000e+02 -3.601352212069523375e+02
7.410000000000000000e+02 -3.626069733964489927e+01
7.420000000000000000e+02 1.170543685809207091e+01
7.430000000000000000e+02 2.617788854433329675e+02
7.440000000000000000e+02 2.421074555003500564e+02
7.450000000000000000e+02 -3.777148606283101628e+01
7.460000000000000000e+02 -3.311307190914058083e+02
7.470000000000000000e+02 2.152751359857915645e+02
7.480000000000000000e+02 2.858666934077607493e+02
7.490000000000000000e+02 -3.146879738905815671e+01
7.500000000000000000e+02 2.583105229538790582e+02
7.510000000000000000e+02 -1.346968216870527044e+02
7.520000000000000000e+02 2.617295588113194071e+02
7.530000000000000000e+02 2.544396113758385241e+02
7.540000000000000000e+02 2.405798930561284976e+02
7.550000000000000000e+02 2.617596219023866979e+02
7.560000000000000000e+02 -3.756408408546727173e+01
7.570000000000000000e+02 2.665007855613686729e+02
7.580000000000000000e+02 -1.301658716159411142e+02
7.590000000000000000e+02 2.731626739529615406e+02
7.600000000000000000e+02 2.377447821539203687e+02
7.610000000000000000e+02 2.564750126233311676e+02
7.620000000000000000e+02 2.084796112452471277e+02
7.630000000000000000e+02 3.151012220120269802e+01
7.640000000000000000e+02 2.566611955238530527e+02
7.650000000000000000e+02 1.239098059082025429e+02
7.660000000000000000e+02 2.843150653814955149e+02
7.670000000000000000e+02 2.179701623138674904e+02
7.680000000000000000e+02 2.476318565006685617e+02
7.690000000000000000e+02 2.534348735319254615e+02
7.700000000000000000e+02 1.815869618314329443e+02
7.710000000000000000e+02 2.268032330124995042e+02
7.720000000000000000e+02 2.341271626962229959e+02
7.730000000000000000e+02 2.065472856409564599e+02
7.740000000000000000e+02 1.490970333387350593e+02
7.750000000000000000e+02 2.160191976653943300e+02
7.760000000000000000e+02 1.568452730223555989e+02
7.770000000000000000e+02 2.117866781729600234e+02
7.780000000000000000e+02 1.945481352801887169e+02
7.790000000000000000e+02 2.780210284863770198e+02
7.800000000000000000e+02 1.389512902704140345e+02
7.810000000000000000e+02 2.512382597028025089e+02
7.820000000000000000e+02 2.407608338880320673e+02
7.830000000000000000e+02 2.623673777473611608e+02
7.840000000000000000e+02 -6.098388737149785754e+01
7.850000000000000000e+02 -6.918343847863565088e+01
7.860000000000000000e+02 2.378601834970382924e+02
7.870000000000000000e+02 1.720487003479581460e+02
7.880000000000000000e+02 2.253920674913774747e+02
7.890000000000000000e+02 5.993838405612848419e+01
7.900000000000000000e+02 5.890768304632615582e+00
7.910000000000000000e+02 2.409292978347216376e+02
7.920000000000000000e+02 2.588569906820884512e+02
7.930000000000000000e+02 2.327687347507418281e+02
7.940000000000000000e+02 7.635326322190384474e+01
7.950000000000000000e+02 2.060918620921542868e+02
7.960000000000000000e+02 2.248933500478667042e+02
7.970000000000000000e+02 2.223070032303357948e+02
7.980000000000000000e+02 1.930377634725879830e+02
7.990000000000000000e+02 5.176153868092822563e+01
8.000000000000000000e+02 2.374655474812583122e+01
8.010000000000000000e+02 2.250939075955076873e+02
8.020000000000000000e+02 3.932524284517384672e+01
8.030000000000000000e+02 3.748096501272439696e+01
8.040000000000000000e+02 -1.926670538956855694e+00
8.050000000000000000e+02 2.271195966603050920e+02
8.060000000000000000e+02 2.258016642306761810e+02
8.070000000000000000e+02 2.817391654736428563e+02
8.080000000000000000e+02 -1.112110731011616593e+02
8.090000000000000000e+02 1.218195148745090250e+01
8.100000000000000000e+02 1.823974907657620292e+02
8.110000000000000000e+02 -7.672701870743591712e+01
8.120000000000000000e+02 2.242019835069796159e+02
8.130000000000000000e+02 -3.002709435058573035e+02
8.140000000000000000e+02 7.735165024558723701e+01
8.150000000000000000e+02 7.622666458404329148e+01
8.160000000000000000e+02 -2.879925593114376170e+01
8.170000000000000000e+02 2.360917446867438798e+02
8.180000000000000000e+02 1.476844010390081507e+00
8.190000000000000000e+02 1.093787708716092482e+02
8.200000000000000000e+02 2.617659145478738765e+02
8.210000000000000000e+02 3.448421609265210463e+01
8.220000000000000000e+02 -3.164883613875402091e+01
8.230000000000000000e+02 2.534939568207303182e+02
8.240000000000000000e+02 -2.343623782210283935e+01
8.250000000000000000e+02 1.987064232284723175e+02
8.260000000000000000e+02 2.269976457810829800e+02
8.270000000000000000e+02 2.181125118075927958e+02
8.280000000000000000e+02 2.616795354584650113e+02
8.290000000000000000e+02 2.805623779084162948e+02
8.300000000000000000e+02 2.458088981284665238e+02
8.310000000000000000e+02 2.742716564194517446e+02
8.320000000000000000e+02 2.410572599013556783e+02
8.330000000000000000e+02 2.744473678744358836e+02
8.340000000000000000e+02 2.829166963739495486e+02
8.350000000000000000e+02 2.296632043562280501e+02
8.360000000000000000e+02 2.595218045897486263e+02
8.370000000000000000e+02 2.534448999021903433e+02
8.380000000000000000e+02 2.302135780636934896e+02
8.390000000000000000e+02 2.657146012931066252e+02
8.400000000000000000e+02 2.348234273805826717e+02
8.410000000000000000e+02 3.026115979143304457e+01
8.420000000000000000e+02 2.512752969202807662e+02
8.430000000000000000e+02 2.577995068519931010e+02
8.440000000000000000e+02 2.604800377856258820e+02
8.450000000000000000e+02 2.762176026675999765e+02
8.460000000000000000e+02 2.696131798793165899e+02
8.470000000000000000e+02 2.730346489500129792e+02
8.480000000000000000e+02 2.674681284942743105e+02
8.490000000000000000e+02 2.508502335638372074e+02
8.500000000000000000e+02 2.174171885673785312e+02
8.510000000000000000e+02 2.602763297808370453e+02
8.520000000000000000e+02 2.587221474845492821e+02
8.530000000000000000e+02 2.873535480822067143e+02
8.540000000000000000e+02 2.148008322838741151e+02
8.550000000000000000e+02 2.806196767987290173e+02
8.560000000000000000e+02 2.567427454398215900e+02
8.570000000000000000e+02 2.928419142625783707e+02
8.580000000000000000e+02 2.808598322107169452e+02
8.590000000000000000e+02 1.977629907662629876e+02
8.600000000000000000e+02 2.694310417775037649e+02
8.610000000000000000e+02 2.248689152489275784e+02
8.620000000000000000e+02 2.197146520944776853e+02
8.630000000000000000e+02 2.630486583750706586e+02
8.640000000000000000e+02 2.376222526077819737e+02
8.650000000000000000e+02 2.586817187064332302e+02
8.660000000000000000e+02 2.557879006874367747e+02
8.670000000000000000e+02 2.301909684145811923e+02
8.680000000000000000e+02 2.555048590331320213e+02
8.690000000000000000e+02 2.229748985125933132e+02
8.700000000000000000e+02 2.710190784778956186e+02
8.710000000000000000e+02 2.504801122133800106e+02
8.720000000000000000e+02 2.554013407164849809e+02
8.730000000000000000e+02 2.205524657251790472e+02
8.740000000000000000e+02 2.421888139179890800e+02
8.750000000000000000e+02 2.398209288224902025e+02
8.760000000000000000e+02 2.406709539247032126e+02
8.770000000000000000e+02 2.488417335743404522e+02
8.780000000000000000e+02 2.407478519051748265e+02
8.790000000000000000e+02 2.442407654832041430e+02
8.800000000000000000e+02 2.575095333663761608e+02
8.810000000000000000e+02 2.605403820817414271e+02
8.820000000000000000e+02 2.825394227678904144e+02
8.830000000000000000e+02 2.845373270402212711e+02
8.840000000000000000e+02 2.411353575775621039e+02
8.850000000000000000e+02 2.534043889831998797e+02
8.860000000000000000e+02 2.611744870130136746e+02
8.870000000000000000e+02 -7.531097619567773904e+01
8.880000000000000000e+02 2.299939469936348644e+02
8.890000000000000000e+02 2.891475984781304760e+02
8.900000000000000000e+02 2.735012384618055421e+02
8.910000000000000000e+02 2.104998544305131531e+02
8.920000000000000000e+02 2.673859311867535098e+02
8.930000000000000000e+02 2.559080704405227777e+02
8.940000000000000000e+02 2.432218231770166312e+02
8.950000000000000000e+02 2.436346654785396595e+02
8.960000000000000000e+02 2.204471358365129277e+02
8.970000000000000000e+02 2.278523526204601239e+02
8.980000000000000000e+02 2.561022667768150995e+02
8.990000000000000000e+02 2.437396964114543607e+02
9.000000000000000000e+02 2.755417059503711812e+02
9.010000000000000000e+02 2.605525094152097267e+02
9.020000000000000000e+02 2.756862632632476107e+02
9.030000000000000000e+02 2.367386493512892116e+02
9.040000000000000000e+02 2.727995516871370683e+02
9.050000000000000000e+02 2.604788032773757891e+02
9.060000000000000000e+02 2.290157137257010049e+02
9.070000000000000000e+02 2.515702772935701717e+02
9.080000000000000000e+02 2.879613877638668100e+02
9.090000000000000000e+02 3.065879493973223475e+02
9.100000000000000000e+02 -6.592434282549913860e+02
9.110000000000000000e+02 2.640216415686147684e+02
9.120000000000000000e+02 2.462085133944656832e+02
9.130000000000000000e+02 2.257398349631523615e+02
9.140000000000000000e+02 2.004328048556458270e+02
9.150000000000000000e+02 2.413782857173139291e+02
9.160000000000000000e+02 -6.787958516086513328e+01
9.170000000000000000e+02 2.671769216029748577e+02
9.180000000000000000e+02 2.787399272941934782e+02
9.190000000000000000e+02 2.504914832618407274e+02
9.200000000000000000e+02 2.902971415441902536e+02
9.210000000000000000e+02 2.472562607056088950e+02
9.220000000000000000e+02 2.235285885436109652e+02
9.230000000000000000e+02 2.327422278807226519e+02
9.240000000000000000e+02 2.130614636067978722e+02
9.250000000000000000e+02 2.483011359702458094e+02
9.260000000000000000e+02 2.399579441507633533e+02
9.270000000000000000e+02 2.595808395299808922e+02
9.280000000000000000e+02 -6.426442125685870224e+02
9.290000000000000000e+02 2.543978689296582161e+02
9.300000000000000000e+02 2.761525528763503985e+02
9.310000000000000000e+02 2.116372879940774112e+02
9.320000000000000000e+02 2.099257682796435347e+02
9.330000000000000000e+02 1.981225590381333177e+02
9.340000000000000000e+02 2.394653917263318590e+02
9.350000000000000000e+02 -2.440058218847816988e+03
9.360000000000000000e+02 2.613050069579827550e+02
9.370000000000000000e+02 2.474531945493084777e+02
9.380000000000000000e+02 2.644188662951751780e+02
9.390000000000000000e+02 2.692971333272537322e+02
9.400000000000000000e+02 2.597870861809153666e+02
9.410000000000000000e+02 2.462416128171944365e+02
9.420000000000000000e+02 2.159811986385848286e+02
9.430000000000000000e+02 2.697824743071876128e+02
9.440000000000000000e+02 2.323364922489171818e+02
9.450000000000000000e+02 1.815267474628520858e+02
9.460000000000000000e+02 2.532417635811985406e+02
9.470000000000000000e+02 2.531706299513445515e+02
9.480000000000000000e+02 -4.696611046625892527e+02
9.490000000000000000e+02 -5.136891583504979053e+02
9.500000000000000000e+02 -3.941418793815171853e+02
9.510000000000000000e+02 1.776558800922068428e+02
9.520000000000000000e+02 -9.371968771803697109e+02
9.530000000000000000e+02 -3.959551291994823146e+02
9.540000000000000000e+02 -3.655718966807090169e+02
9.550000000000000000e+02 -4.066542190045851157e+02
9.560000000000000000e+02 -3.868245016737222386e+02
9.570000000000000000e+02 2.306925403378579915e+02
9.580000000000000000e+02 -7.896280270769088929e+02
9.590000000000000000e+02 -3.794630443636320365e+02
9.600000000000000000e+02 -4.325205598065630852e+02
9.610000000000000000e+02 2.667956838515176514e+02
9.620000000000000000e+02 -4.132287325633516843e+02
9.630000000000000000e+02 -1.677545481779266652e+02
9.640000000000000000e+02 -4.285728244420614601e+02
9.650000000000000000e+02 -3.693976772870240097e+02
9.660000000000000000e+02 -4.303743714626873498e+02
9.670000000000000000e+02 -4.918260975306416753e+02
9.680000000000000000e+02 -5.097456938118473317e+02
9.690000000000000000e+02 2.264185814159958454e+02
9.700000000000000000e+02 -4.734052734058894316e+02
9.710000000000000000e+02 -2.527176999689353920e+02
9.720000000000000000e+02 -4.938829500373357178e+02
9.730000000000000000e+02 2.724478565967294799e+02
9.740000000000000000e+02 -8.406849481169060709e+02
9.750000000000000000e+02 -5.218414689784325446e+02
9.760000000000000000e+02 -2.855286884087951762e+02
9.770000000000000000e+02 -7.056203319602182091e+02
9.780000000000000000e+02 -5.172353521847264801e+02
9.790000000000000000e+02 -4.382854766306409715e+02
9.800000000000000000e+02 -5.724329382036133893e+02
9.810000000000000000e+02 -8.762604462018642835e+02
9.820000000000000000e+02 -5.648347930993029422e+02
9.830000000000000000e+02 -1.920037943552597881e+03
9.840000000000000000e+02 -6.006560026749912140e+02
9.850000000000000000e+02 -1.186358659602502257e+03
9.860000000000000000e+02 -1.303077080644895887e+03
9.870000000000000000e+02 -3.527420815393769544e+02
9.880000000000000000e+02 -8.301302645529058282e+02
9.890000000000000000e+02 -5.421270314835840054e+02
9.900000000000000000e+02 -9.097481828254927905e+02
9.910000000000000000e+02 -2.130406280207621705e+02
9.920000000000000000e+02 -2.364127663672884694e+02
9.930000000000000000e+02 -4.773051869316068405e+02
9.940000000000000000e+02 -3.494520860618202391e+02
9.950000000000000000e+02 -1.741138903517067433e+02
9.960000000000000000e+02 -3.182100351171041552e+02
9.970000000000000000e+02 -3.318959769493251883e+02
9.980000000000000000e+02 -3.958563723922989652e+02
9.990000000000000000e+02 -4.603035406983477742e+02
