0.000000000000000000e+00 -6.778447640705637411e+01
1.000000000000000000e+00 -2.340126838594273693e+02
2.000000000000000000e+00 -6.160155771141157857e+02
3.000000000000000000e+00 -1.635722675766842258e+02
4.000000000000000000e+00 -3.473552152929937051e+02
5.000000000000000000e+00 -4.331381212027325205e+02
6.000000000000000000e+00 -3.583592571925332777e+02
7.000000000000000000e+00 -2.966896479928093413e+02
8.000000000000000000e+00 -1.557843734707333567e+02
9.000000000000000000e+00 -4.276507031472924609e+02
1.000000000000000000e+01 -4.684579846800571090e+02
1.100000000000000000e+01 -3.472443647666333391e+02
1.200000000000000000e+01 -3.158817548177606795e+02
1.300000000000000000e+01 -3.869188127396516848e+02
1.400000000000000000e+01 -2.309258397874655486e+02
1.500000000000000000e+01 -4.679343209313727812e+02
1.600000000000000000e+01 -5.951368861040818103e+01
1.700000000000000000e+01 -3.016529521019485571e+01
1.800000000000000000e+01 -1.252540977475695740e+02
1.900000000000000000e+01 -2.434026263571165032e+02
2.000000000000000000e+01 -2.782559261302383220e+02
2.100000000000000000e+01 -5.374559066453944922e+01
2.200000000000000000e+01 -3.599209161521567921e+02
2.300000000000000000e+01 -5.383276807945167093e+02
2.400000000000000000e+01 -1.084297567957551109e+02
2.500000000000000000e+01 -5.056065670963955085e+02
2.600000000000000000e+01 -1.934186146054582878e+01
2.700000000000000000e+01 -4.369091378229057909e+02
2.800000000000000000e+01 -3.825943267586918637e+02
2.900000000000000000e+01 -3.347822059744158878e+02
3.000000000000000000e+01 -2.947762329572708495e+02
3.100000000000000000e+01 -5.939980714594472033e+01
3.200000000000000000e+01 -1.873262889931907580e+02
3.300000000000000000e+01 -1.105409136564770733e+01
3.400000000000000000e+01 -3.830284136313448471e+02
3.500000000000000000e+01 -4.403230656075852494e+02
3.600000000000000000e+01 -2.411146788569857620e+02
3.700000000000000000e+01 -1.086732400750119751e+02
3.800000000000000000e+01 -5.587730210403606179e+02
3.900000000000000000e+01 -2.435218686574893638e+02
4.000000000000000000e+01 -1.624436956252825439e+02
4.100000000000000000e+01 -5.485943299531909361e+02
4.200000000000000000e+01 -5.437077256760903765e+02
4.300000000000000000e+01 -2.438784529083221173e+02
4.400000000000000000e+01 -4.053983546746001139e+02
4.500000000000000000e+01 -4.742704730924783689e+02
4.600000000000000000e+01 -1.356911543418566168e+01
4.700000000000000000e+01 -5.918027307170665381e+02
4.800000000000000000e+01 -3.065526274520935317e+02
4.900000000000000000e+01 -1.049176474644158930e+02
5.000000000000000000e+01 1.179728984188898266e+00
5.100000000000000000e+01 -3.698105642294362383e+02
5.200000000000000000e+01 -1.306051934838070849e+02
5.300000000000000000e+01 -4.435569274150893193e+01
5.400000000000000000e+01 -2.676688499403467745e+02
5.500000000000000000e+01 -3.269744440878388332e+02
5.600000000000000000e+01 -2.312895003966326612e+01
5.700000000000000000e+01 -2.187503070695948395e+02
5.800000000000000000e+01 -1.715711783628564433e+02
5.900000000000000000e+01 -4.738284310324974058e+02
6.000000000000000000e+01 -1.824704189883326535e+02
6.100000000000000000e+01 -1.723754519201206108e+02
6.200000000000000000e+01 -3.037874356707753805e+02
6.300000000000000000e+01 -6.058280912830658593e+01
6.400000000000000000e+01 -8.781201480043910124e+01
6.500000000000000000e+01 -1.094891128288895885e+02
6.600000000000000000e+01 -3.731561959436948541e+02
6.700000000000000000e+01 -4.368317711081893862e+01
6.800000000000000000e+01 -6.550750293818782666e+01
6.900000000000000000e+01 -2.132606183135302444e+02
7.000000000000000000e+01 -4.039623366603123031e+02
7.100000000000000000e+01 -2.664045106400512282e+02
7.200000000000000000e+01 -5.953460401161891014e+01
7.300000000000000000e+01 -2.381809471155476388e+02
7.400000000000000000e+01 -3.028098671001799858e+02
7.500000000000000000e+01 -2.660094769744230234e+02
7.600000000000000000e+01 -5.167975353175805253e+00
7.700000000000000000e+01 -1.283268077868107753e+02
7.800000000000000000e+01 -3.373277833411681286e+02
7.900000000000000000e+01 -7.637858214912134258e+01
8.000000000000000000e+01 -2.156505477911590560e+02
8.100000000000000000e+01 -8.055857429806556524e+01
8.200000000000000000e+01 -1.723250672412552262e+02
8.300000000000000000e+01 -4.813892047502204008e+01
8.400000000000000000e+01 -1.621648219571193863e+02
8.500000000000000000e+01 -7.197705751193585400e+01
8.600000000000000000e+01 5.558832655665099765e+01
8.700000000000000000e+01 -1.155350151561894450e+02
8.800000000000000000e+01 5.409844221037758416e-01
8.900000000000000000e+01 -7.062334015922766639e+01
9.000000000000000000e+01 -7.268132387137033845e+01
9.100000000000000000e+01 -2.339296510132588764e+02
9.200000000000000000e+01 -2.200920389633796503e+02
9.300000000000000000e+01 1.262418480159084311e-01
9.400000000000000000e+01 -3.083086558566249096e+02
9.500000000000000000e+01 -4.547891577639743943e+00
9.600000000000000000e+01 -2.183365302438145932e+02
9.700000000000000000e+01 -2.850361895164817270e+02
9.800000000000000000e+01 -5.976951149613822167e+01
9.900000000000000000e+01 -1.548410079418123075e+01
1.000000000000000000e+02 -1.450724486492280789e+02
1.010000000000000000e+02 -1.248642651045185374e+02
1.020000000000000000e+02 -3.280455244005845117e+01
1.030000000000000000e+02 -3.049113108469788358e+01
1.040000000000000000e+02 -2.204319686714544346e+01
1.050000000000000000e+02 -1.705190707020971104e+02
1.060000000000000000e+02 -3.823324122188213892e+01
1.070000000000000000e+02 -7.185468107309898755e+01
1.080000000000000000e+02 -8.782548116283940942e+01
1.090000000000000000e+02 -1.488258264940707818e+02
1.100000000000000000e+02 -1.094652702035317446e+02
1.110000000000000000e+02 -1.798420961277253127e+02
1.120000000000000000e+02 -6.040279072934935556e+01
1.130000000000000000e+02 -9.474913857284501262e+01
1.140000000000000000e+02 2.610618148135409911e+01
1.150000000000000000e+02 -4.845744737065637509e+01
1.160000000000000000e+02 3.974146424055880544e+01
1.170000000000000000e+02 -6.263930173621613307e+00
1.180000000000000000e+02 2.326895999235466661e+01
1.190000000000000000e+02 -2.938781548720316295e+01
1.200000000000000000e+02 1.221829141394962370e+01
1.210000000000000000e+02 -5.701991911383275990e+00
1.220000000000000000e+02 -3.329792314444115959e+02
1.230000000000000000e+02 -1.632873212090741077e+01
1.240000000000000000e+02 -1.219438699887897570e+01
1.250000000000000000e+02 2.373836153374525182e+01
1.260000000000000000e+02 3.292410142812212825e+01
1.270000000000000000e+02 -7.577251760520023538e+01
1.280000000000000000e+02 -3.199985053369459109e+01
1.290000000000000000e+02 -2.936588554260038819e+01
1.300000000000000000e+02 -6.259735486261243409e+01
1.310000000000000000e+02 -2.894275104078367917e+02
1.320000000000000000e+02 -7.891007120426800725e+01
1.330000000000000000e+02 -1.210746346862128853e+01
1.340000000000000000e+02 -1.190542478292011097e+00
1.350000000000000000e+02 2.854019960726870586e+00
1.360000000000000000e+02 -1.481771271678647111e+02
1.370000000000000000e+02 -3.705916226154871396e+01
1.380000000000000000e+02 9.433020112475663410e+00
1.390000000000000000e+02 -3.417176612217245975e+02
1.400000000000000000e+02 -1.997042334035118074e+02
1.410000000000000000e+02 -1.562635129051072909e+02
1.420000000000000000e+02 -1.178865820789227143e+02
1.430000000000000000e+02 -2.116308065696505025e+01
1.440000000000000000e+02 -2.513506566627866619e+02
1.450000000000000000e+02 -2.254607178055132266e+01
1.460000000000000000e+02 -1.904461039729761040e+01
1.470000000000000000e+02 -6.295196281182261799e+01
1.480000000000000000e+02 -7.425158140644997218e+01
1.490000000000000000e+02 4.702277455545948115e+00
1.500000000000000000e+02 1.838582076693597500e+01
1.510000000000000000e+02 -4.464520617920933176e+01
1.520000000000000000e+02 -2.439645675718799822e+01
1.530000000000000000e+02 -8.843077022543187837e+00
1.540000000000000000e+02 -3.111780541870833616e+01
1.550000000000000000e+02 -5.756749021774128039e+01
1.560000000000000000e+02 -2.152518240009821682e+01
1.570000000000000000e+02 -1.341910755146561485e+02
1.580000000000000000e+02 2.410785704373018064e+02
1.590000000000000000e+02 3.059072993540608110e+01
1.600000000000000000e+02 7.512958434277861031e+00
1.610000000000000000e+02 -4.376265009148001184e+01
1.620000000000000000e+02 -1.387249058656102818e+02
1.630000000000000000e+02 -1.247362117953311582e+02
1.640000000000000000e+02 1.638412381793719419e+01
1.650000000000000000e+02 2.297121808810895800e+02
1.660000000000000000e+02 -1.719930396559435906e+02
1.670000000000000000e+02 -4.345581169311532932e+01
1.680000000000000000e+02 -3.211718831647877437e+02
1.690000000000000000e+02 -1.760784124581030028e+02
1.700000000000000000e+02 -1.311721304389861302e+02
1.710000000000000000e+02 -2.307934780223108078e+02
1.720000000000000000e+02 -8.488559188405608325e+01
1.730000000000000000e+02 -1.919669765344143570e+02
1.740000000000000000e+02 -2.305498149494757598e+01
1.750000000000000000e+02 4.439756157223970945e+01
1.760000000000000000e+02 -1.280825198566352618e+01
1.770000000000000000e+02 4.799583798368588816e+01
1.780000000000000000e+02 -1.542818310012781069e+02
1.790000000000000000e+02 -8.325771873103816745e+01
1.800000000000000000e+02 5.807645276742851337e+01
1.810000000000000000e+02 5.143619448757187484e+01
1.820000000000000000e+02 -3.284273310941988200e+01
1.830000000000000000e+02 1.404827536301100395e+02
1.840000000000000000e+02 7.066626499897634517e+01
1.850000000000000000e+02 2.189942979776886318e+02
1.860000000000000000e+02 3.971526096317854382e+01
1.870000000000000000e+02 -1.567433678701238193e+02
1.880000000000000000e+02 1.805327265171114561e+02
1.890000000000000000e+02 -1.190660306335466743e+02
1.900000000000000000e+02 -2.406284964663228720e+02
1.910000000000000000e+02 3.701762518781784195e+01
1.920000000000000000e+02 -4.064574543270933304e+01
1.930000000000000000e+02 -2.142650563599817701e+02
1.940000000000000000e+02 -7.322100831543382071e+01
1.950000000000000000e+02 -1.842469699100103497e+01
1.960000000000000000e+02 -1.376340811134189721e+02
1.970000000000000000e+02 -2.911751670798328746e+02
1.980000000000000000e+02 -1.484628366695837656e+02
1.990000000000000000e+02 -6.679646992408808615e+01
2.000000000000000000e+02 -7.316457990104075293e+01
2.010000000000000000e+02 1.463493111590463798e+02
2.020000000000000000e+02 -1.583821427682562444e+02
2.030000000000000000e+02 -8.505204327495701477e+01
2.040000000000000000e+02 -1.088797203352408900e+02
2.050000000000000000e+02 9.306892953853116879e+00
2.060000000000000000e+02 7.308571962418278645e+01
2.070000000000000000e+02 -6.968211581071554406e+01
2.080000000000000000e+02 -1.982272355764895337e+02
2.090000000000000000e+02 2.091502166586112423e+02
2.100000000000000000e+02 2.118458879805030222e+02
2.110000000000000000e+02 2.643306028206180827e+02
2.120000000000000000e+02 2.771141694134590807e+02
2.130000000000000000e+02 1.868382602084089399e+02
2.140000000000000000e+02 1.414996336086941824e+02
2.150000000000000000e+02 -1.766903347660900181e+02
2.160000000000000000e+02 1.636198060755885706e+02
2.170000000000000000e+02 -1.027516103218382426e+02
2.180000000000000000e+02 1.916775275769831524e+02
2.190000000000000000e+02 1.201134199533181288e+02
2.200000000000000000e+02 2.280975356264227685e+02
2.210000000000000000e+02 2.906314273113906665e+02
2.220000000000000000e+02 2.021582367674241993e+02
2.230000000000000000e+02 2.648594115040604038e+02
2.240000000000000000e+02 1.471116412770526551e+02
2.250000000000000000e+02 1.766153279119625097e+02
2.260000000000000000e+02 -2.623382196556178769e+01
2.270000000000000000e+02 2.598368460342640560e+02
2.280000000000000000e+02 2.014762986071433772e+02
2.290000000000000000e+02 2.734723577436357118e+02
2.300000000000000000e+02 2.332914176446632837e+02
2.310000000000000000e+02 1.577611769460749542e+02
2.320000000000000000e+02 1.833177468560006105e+02
2.330000000000000000e+02 1.808898675292598455e+02
2.340000000000000000e+02 -1.856090696183446482e+02
2.350000000000000000e+02 2.183985756584730780e+02
2.360000000000000000e+02 2.629497641925095763e+02
2.370000000000000000e+02 1.757908536035650968e+02
2.380000000000000000e+02 1.295116741737506061e+02
2.390000000000000000e+02 2.401234742234230453e+02
2.400000000000000000e+02 3.038223404241667254e+02
2.410000000000000000e+02 -1.044847314754910457e+02
2.420000000000000000e+02 2.129596977810342082e+02
2.430000000000000000e+02 1.297004723393995391e+02
2.440000000000000000e+02 2.301515768045802020e+02
2.450000000000000000e+02 1.467634002933629347e+02
2.460000000000000000e+02 1.411720076948955409e+02
2.470000000000000000e+02 2.180166313567565339e+02
2.480000000000000000e+02 2.828694471587409112e+02
2.490000000000000000e+02 1.230240507715742808e+02
2.500000000000000000e+02 1.713962553931876585e+02
2.510000000000000000e+02 2.625469092349495668e+02
2.520000000000000000e+02 -8.266699224147836844e+01
2.530000000000000000e+02 1.692029763766322503e+02
2.540000000000000000e+02 2.052438195273015822e+02
2.550000000000000000e+02 1.820813089474750086e+02
2.560000000000000000e+02 2.048320982440807825e+02
2.570000000000000000e+02 -2.354924156962977975e+02
2.580000000000000000e+02 1.679892384072873881e+02
2.590000000000000000e+02 1.688317147139931933e+02
2.600000000000000000e+02 1.386070820307677138e+02
2.610000000000000000e+02 1.718980479891807818e+02
2.620000000000000000e+02 1.700322299512691586e+02
2.630000000000000000e+02 1.853465117015514352e+02
2.640000000000000000e+02 1.940123557658736786e+02
2.650000000000000000e+02 2.163736162780609789e+02
2.660000000000000000e+02 2.788492073768472892e+02
2.670000000000000000e+02 2.700118566991874332e+02
2.680000000000000000e+02 1.718745169756622317e+02
2.690000000000000000e+02 3.015835952571369489e+02
2.700000000000000000e+02 1.466364305783818907e+02
2.710000000000000000e+02 1.482709055711400765e+02
2.720000000000000000e+02 1.837005164475964136e+02
2.730000000000000000e+02 2.865091323337211406e+02
2.740000000000000000e+02 3.054975258320417879e+02
2.750000000000000000e+02 2.801713909759522494e+02
2.760000000000000000e+02 2.941462934200313839e+02
2.770000000000000000e+02 2.834847707823441851e+02
2.780000000000000000e+02 2.603417133445861396e+02
2.790000000000000000e+02 2.896282841744181269e+02
2.800000000000000000e+02 2.138280172573670370e+02
2.810000000000000000e+02 1.806302374889929183e+02
2.820000000000000000e+02 1.500351541343586916e+02
2.830000000000000000e+02 2.101929270027687267e+02
2.840000000000000000e+02 2.498934583042693589e+02
2.850000000000000000e+02 2.384544855909414309e+02
2.860000000000000000e+02 1.801937751604756670e+02
2.870000000000000000e+02 8.127785886545333938e+01
2.880000000000000000e+02 2.387158728821637510e+02
2.890000000000000000e+02 2.829036520663751162e+02
2.900000000000000000e+02 2.872063060338784339e+02
2.910000000000000000e+02 2.860077655787307549e+02
2.920000000000000000e+02 3.204991787077328809e+02
2.930000000000000000e+02 2.903908765861785355e+02
2.940000000000000000e+02 2.754029755770331462e+02
2.950000000000000000e+02 2.726808963834512269e+02
2.960000000000000000e+02 1.819733953874135182e+02
2.970000000000000000e+02 -2.100723439602523115e+02
2.980000000000000000e+02 2.882932108879825819e+02
2.990000000000000000e+02 1.031100829275416118e+02
3.000000000000000000e+02 2.649786465479929802e+02
3.010000000000000000e+02 -1.929720103823015265e+01
3.020000000000000000e+02 1.445443231889712479e+02
3.030000000000000000e+02 1.988172133042248788e+02
3.040000000000000000e+02 2.519037271991695377e+02
3.050000000000000000e+02 2.487811526863903566e+02
3.060000000000000000e+02 2.795860805925758541e+02
3.070000000000000000e+02 3.064448797197399585e+02
3.080000000000000000e+02 2.692634676589939886e+02
3.090000000000000000e+02 1.924981291430707415e+02
3.100000000000000000e+02 2.897188657727920145e+02
3.110000000000000000e+02 1.746151523891145416e+02
3.120000000000000000e+02 1.563904479551522115e+02
3.130000000000000000e+02 2.613466790172635683e+02
3.140000000000000000e+02 2.929907163756911359e+02
3.150000000000000000e+02 2.538179852114169819e+02
3.160000000000000000e+02 1.176862376894494275e+02
3.170000000000000000e+02 2.309367914420213594e+02
3.180000000000000000e+02 2.217496822568659809e+02
3.190000000000000000e+02 2.089313706577461858e+02
3.200000000000000000e+02 2.307370035050317938e+02
3.210000000000000000e+02 1.067688819712148245e+02
3.220000000000000000e+02 -3.817812825582856817e+02
3.230000000000000000e+02 2.768763808073114774e+02
3.240000000000000000e+02 2.596902388356413667e+02
3.250000000000000000e+02 2.445048354672391895e+02
3.260000000000000000e+02 2.850895941958851836e+02
3.270000000000000000e+02 2.623580273081656742e+02
3.280000000000000000e+02 2.461673972307745544e+02
3.290000000000000000e+02 2.348663442592951469e+02
3.300000000000000000e+02 1.539240703309374680e+01
3.310000000000000000e+02 2.748421693259980430e+02
3.320000000000000000e+02 2.451502684628096063e+02
3.330000000000000000e+02 2.347520621555009939e+02
3.340000000000000000e+02 3.086046671261344727e+02
3.350000000000000000e+02 2.341672424755157635e+02
3.360000000000000000e+02 2.267355352625875184e+02
3.370000000000000000e+02 2.681314655781179113e+02
3.380000000000000000e+02 2.607442708386816435e+02
3.390000000000000000e+02 1.511092725298213963e+02
3.400000000000000000e+02 2.925044320621138922e+02
3.410000000000000000e+02 2.416816391796055541e+02
3.420000000000000000e+02 2.480473320384798797e+02
3.430000000000000000e+02 2.331809061376436887e+02
3.440000000000000000e+02 2.282310875750444836e+02
3.450000000000000000e+02 1.197077433708834633e+02
3.460000000000000000e+02 1.960534391407452972e+02
3.470000000000000000e+02 2.246791673450785538e+02
3.480000000000000000e+02 2.556219589758129871e+02
3.490000000000000000e+02 2.725389154079662148e+02
3.500000000000000000e+02 2.344586447966990761e+02
3.510000000000000000e+02 2.769917657963380861e+02
3.520000000000000000e+02 2.490352751729539875e+02
3.530000000000000000e+02 2.333119710787803740e+02
3.540000000000000000e+02 1.157311345623284069e+02
3.550000000000000000e+02 2.252213528095848574e+02
3.560000000000000000e+02 2.772447955005185349e+02
3.570000000000000000e+02 2.551060032571891441e+02
3.580000000000000000e+02 2.503355945316823181e+02
3.590000000000000000e+02 2.566895799483749556e+02
3.600000000000000000e+02 2.574593042305363042e+02
3.610000000000000000e+02 2.637572841756003186e+02
3.620000000000000000e+02 2.536338132948175428e+02
3.630000000000000000e+02 2.373086711342179740e+02
3.640000000000000000e+02 2.855515747853371522e+02
3.650000000000000000e+02 -3.123028962026857869e+01
3.660000000000000000e+02 2.505456524511166947e+02
3.670000000000000000e+02 2.999829304027138619e+02
3.680000000000000000e+02 6.261344289225277748e+01
3.690000000000000000e+02 2.303682373276644739e+02
3.700000000000000000e+02 2.605064189923550657e+02
3.710000000000000000e+02 2.440303684826237145e+02
3.720000000000000000e+02 2.628140781854385750e+02
3.730000000000000000e+02 3.141458403054059545e+02
3.740000000000000000e+02 2.891240784481615265e+02
3.750000000000000000e+02 3.090125766456775409e+02
3.760000000000000000e+02 2.629286600443250563e+02
3.770000000000000000e+02 -7.649152303365994499e+00
3.780000000000000000e+02 2.376223309682600302e+02
3.790000000000000000e+02 2.676444185185325750e+02
3.800000000000000000e+02 2.551012061597211584e+02
3.810000000000000000e+02 2.691651861932404017e+02
3.820000000000000000e+02 2.443606104996749195e+02
3.830000000000000000e+02 2.789469979704138609e+02
3.840000000000000000e+02 1.689143064255224544e+02
3.850000000000000000e+02 1.774806524463423045e+02
3.860000000000000000e+02 3.025633970582770189e+02
3.870000000000000000e+02 2.234032063003394342e+01
3.880000000000000000e+02 2.470125860189892819e+02
3.890000000000000000e+02 2.425962412050859882e+02
3.900000000000000000e+02 2.684939020540441561e+02
3.910000000000000000e+02 2.803891510746761924e+02
3.920000000000000000e+02 2.981340576330313183e+02
3.930000000000000000e+02 2.806189953410356566e+02
3.940000000000000000e+02 2.539458526423139801e+02
3.950000000000000000e+02 2.910238803662986129e+02
3.960000000000000000e+02 2.740150400183283068e+02
3.970000000000000000e+02 2.565323712828669613e+02
3.980000000000000000e+02 2.706720731724497568e+02
3.990000000000000000e+02 2.145070235749823269e+02
4.000000000000000000e+02 2.036792849615662817e+02
4.010000000000000000e+02 2.331302754444199081e+02
4.020000000000000000e+02 2.584898819268510124e+02
4.030000000000000000e+02 2.538296571651087277e+02
4.040000000000000000e+02 2.300699645685576797e+02
4.050000000000000000e+02 2.750891054282257073e+02
4.060000000000000000e+02 2.950929157930809197e+02
4.070000000000000000e+02 2.909804475485561284e+02
4.080000000000000000e+02 2.752109520217624095e+02
4.090000000000000000e+02 2.802868971552920812e+02
4.100000000000000000e+02 2.461533163869532359e+02
4.110000000000000000e+02 2.794006326758344585e+02
4.120000000000000000e+02 2.899782939972956797e+02
4.130000000000000000e+02 2.351114613598834922e+02
4.140000000000000000e+02 3.162865929352980743e+02
4.150000000000000000e+02 1.998587714477906161e+02
4.160000000000000000e+02 2.623175023422930394e+02
4.170000000000000000e+02 2.571357026045877774e+02
4.180000000000000000e+02 2.442263671208377218e+02
4.190000000000000000e+02 2.360761299204850729e+02
4.200000000000000000e+02 1.269015350498728196e+02
4.210000000000000000e+02 2.838319036368536104e+02
4.220000000000000000e+02 2.698783520593792673e+02
4.230000000000000000e+02 2.556531215708040463e+02
4.240000000000000000e+02 2.489735381548308908e+02
4.250000000000000000e+02 2.524264693281506311e+02
4.260000000000000000e+02 2.345496438112224382e+02
4.270000000000000000e+02 2.664894349286557826e+02
4.280000000000000000e+02 2.971409743449474945e+02
4.290000000000000000e+02 2.532698236052781056e+02
4.300000000000000000e+02 2.944364870499098288e+02
4.310000000000000000e+02 2.362974155989521989e+02
4.320000000000000000e+02 2.477798178117560042e+02
4.330000000000000000e+02 2.016969370582340844e+02
4.340000000000000000e+02 2.621641609408555951e+02
4.350000000000000000e+02 1.976061280884061375e+02
4.360000000000000000e+02 2.570627162908725722e+02
4.370000000000000000e+02 2.682467838682574666e+02
4.380000000000000000e+02 2.472727547184041157e+02
4.390000000000000000e+02 1.692001569346210204e+02
4.400000000000000000e+02 2.885215788177888498e+02
4.410000000000000000e+02 2.138514764445328638e+02
4.420000000000000000e+02 2.225894207009848742e+02
4.430000000000000000e+02 2.649552045992647891e+02
4.440000000000000000e+02 2.745155558151806190e+02
4.450000000000000000e+02 2.504830141700812192e+02
4.460000000000000000e+02 2.596719651425881921e+02
4.470000000000000000e+02 2.997790182322449937e+02
4.480000000000000000e+02 2.970797067309588328e+02
4.490000000000000000e+02 2.648834480222278671e+02
4.500000000000000000e+02 2.300124185422848484e+02
4.510000000000000000e+02 2.561017939254990097e+02
4.520000000000000000e+02 2.448181053250170010e+02
4.530000000000000000e+02 2.162455357613661135e+02
4.540000000000000000e+02 -1.281123329326874227e+01
4.550000000000000000e+02 2.280289795277492715e+02
4.560000000000000000e+02 2.935104690819194388e+02
4.570000000000000000e+02 -2.678793442983524642e+01
4.580000000000000000e+02 3.040665785582820604e+02
4.590000000000000000e+02 2.685642698487755524e+02
4.600000000000000000e+02 2.431265688393928883e+02
4.610000000000000000e+02 2.737684958871141134e+02
4.620000000000000000e+02 2.546335943373882174e+02
4.630000000000000000e+02 2.580572052089262343e+02
4.640000000000000000e+02 2.534318701170114423e+02
4.650000000000000000e+02 2.736996815345693221e+02
4.660000000000000000e+02 2.475684028783379063e+02
4.670000000000000000e+02 2.107022788701334832e+02
4.680000000000000000e+02 2.452847795187612689e+02
4.690000000000000000e+02 2.483750235904097678e+02
4.700000000000000000e+02 2.231930217130415315e+02
4.710000000000000000e+02 2.133879341609896017e+02
4.720000000000000000e+02 2.799786643072360448e+02
4.730000000000000000e+02 2.263099373357372315e+02
4.740000000000000000e+02 2.664489983190482008e+02
4.750000000000000000e+02 2.641900767361163389e+02
4.760000000000000000e+02 2.737280386583235554e+02
4.770000000000000000e+02 2.755706112780068224e+02
4.780000000000000000e+02 2.639176669537774842e+02
4.790000000000000000e+02 2.436105659167539557e+02
4.800000000000000000e+02 2.500409338814074260e+02
4.810000000000000000e+02 2.254327539052283669e+02
4.820000000000000000e+02 2.765359373219010877e+02
4.830000000000000000e+02 2.626887502058821156e+02
4.840000000000000000e+02 2.673568098278076377e+02
4.850000000000000000e+02 2.865493208817823643e+02
4.860000000000000000e+02 6.837037226627458608e+00
4.870000000000000000e+02 2.276591541718197220e+02
4.880000000000000000e+02 2.964745463955953824e+02
4.890000000000000000e+02 2.548180004286799658e+02
4.900000000000000000e+02 2.159404709053968077e+02
4.910000000000000000e+02 2.485251180055012128e+02
4.920000000000000000e+02 -6.694683307960019647e+00
4.930000000000000000e+02 2.789947489313698270e+02
4.940000000000000000e+02 2.491099691084736776e+02
4.950000000000000000e+02 2.588479875231971050e+02
4.960000000000000000e+02 2.152081348819779123e+02
4.970000000000000000e+02 2.395548231218083401e+02
4.980000000000000000e+02 1.397093832278503100e+01
4.990000000000000000e+02 2.751917750720032245e+02
5.000000000000000000e+02 2.682391331684580109e+02
5.010000000000000000e+02 2.880260815374115282e+02
5.020000000000000000e+02 7.931691351323550521e+00
5.030000000000000000e+02 2.332484682183500695e+02
5.040000000000000000e+02 2.701704985195996187e+02
5.050000000000000000e+02 2.258196891884678337e+02
5.060000000000000000e+02 -8.477815867034105679e+01
5.070000000000000000e+02 1.838141093078090762e+02
5.080000000000000000e+02 2.421608257222380587e+02
5.090000000000000000e+02 -6.552659667035177904e+01
5.100000000000000000e+02 2.896169671405813801e+02
5.110000000000000000e+02 3.833044620373857470e+01
5.120000000000000000e+02 2.751120680305170367e+02
5.130000000000000000e+02 2.663855277016322134e+02
5.140000000000000000e+02 -1.188538787816072215e+02
5.150000000000000000e+02 2.650216118171740618e+02
5.160000000000000000e+02 2.850315000945617498e+02
5.170000000000000000e+02 2.573786885391513692e+02
5.180000000000000000e+02 2.768286080035026089e+02
5.190000000000000000e+02 2.890301541743526741e+02
5.200000000000000000e+02 2.351959891400945253e+02
5.210000000000000000e+02 2.616421985792821943e+02
5.220000000000000000e+02 2.733316387597627681e+02
5.230000000000000000e+02 2.928520594143923290e+02
5.240000000000000000e+02 2.561720427798291553e+02
5.250000000000000000e+02 2.472797751412208527e+02
5.260000000000000000e+02 2.268234351469578201e+02
5.270000000000000000e+02 2.697901834184603445e+02
5.280000000000000000e+02 2.900202039498616386e+02
5.290000000000000000e+02 2.790249287167416696e+02
5.300000000000000000e+02 2.368214153177084427e+02
5.310000000000000000e+02 2.985533677385078590e+02
5.320000000000000000e+02 2.689595088442954989e+02
5.330000000000000000e+02 2.732799856738091648e+02
5.340000000000000000e+02 2.134726124624720285e+02
5.350000000000000000e+02 2.928367616111766552e+02
5.360000000000000000e+02 2.540981809077787830e+02
5.370000000000000000e+02 2.353591637573964590e+02
5.380000000000000000e+02 2.578209975331199075e+02
5.390000000000000000e+02 2.490322978914914529e+02
5.400000000000000000e+02 2.601577434360755205e+02
5.410000000000000000e+02 2.658214946640449625e+02
5.420000000000000000e+02 1.173934967947699164e+02
5.430000000000000000e+02 2.665373809218074257e+02
5.440000000000000000e+02 2.905755346720290504e+02
5.450000000000000000e+02 2.626697512319682914e+02
5.460000000000000000e+02 2.535064190348873296e+02
5.470000000000000000e+02 3.048464709170050924e+02
5.480000000000000000e+02 2.761180176118864438e+02
5.490000000000000000e+02 2.834093809540735265e+02
5.500000000000000000e+02 2.680886039344891287e+02
5.510000000000000000e+02 2.593779667201409893e+02
5.520000000000000000e+02 2.935697987455967564e+02
5.530000000000000000e+02 2.847858431932880308e+02
5.540000000000000000e+02 2.405781346781776051e+02
5.550000000000000000e+02 2.589172938238072561e+02
5.560000000000000000e+02 2.901943896461363011e+02
5.570000000000000000e+02 2.960561963984782210e+02
5.580000000000000000e+02 2.351327187953848750e+02
5.590000000000000000e+02 2.790110405655414638e+02
5.600000000000000000e+02 2.817509908230189239e+02
5.610000000000000000e+02 2.696004010287057326e+02
5.620000000000000000e+02 2.560242480890981369e+02
5.630000000000000000e+02 2.854156391123910907e+02
5.640000000000000000e+02 2.263719158747109645e+02
5.650000000000000000e+02 2.565229438396306136e+02
5.660000000000000000e+02 2.560494785819606705e+02
5.670000000000000000e+02 1.740757500100875745e+02
5.680000000000000000e+02 2.675133667016606296e+02
5.690000000000000000e+02 3.021226768007339274e+02
5.700000000000000000e+02 2.721794449908164779e+02
5.710000000000000000e+02 2.110396868655102480e+02
5.720000000000000000e+02 2.903435006476822764e+02
5.730000000000000000e+02 2.998341820420775434e+02
5.740000000000000000e+02 2.470712671490352363e+02
5.750000000000000000e+02 2.197196488658578915e+02
5.760000000000000000e+02 2.796772505468776444e+02
5.770000000000000000e+02 2.517614095590383840e+02
5.780000000000000000e+02 2.396071790170725251e+02
5.790000000000000000e+02 2.631433686510303573e+02
5.800000000000000000e+02 2.487568016235807704e+02
5.810000000000000000e+02 2.803959958239468051e+02
5.820000000000000000e+02 2.419200058783351892e+02
5.830000000000000000e+02 2.584595471194595575e+02
5.840000000000000000e+02 2.795725547906002930e+02
5.850000000000000000e+02 2.435941624695861094e+02
5.860000000000000000e+02 2.662333228219029024e+02
5.870000000000000000e+02 6.831469073138930526e+01
5.880000000000000000e+02 2.405498226291780099e+02
5.890000000000000000e+02 2.965834947674007935e+02
5.900000000000000000e+02 2.470351426903126821e+02
5.910000000000000000e+02 2.498024424030236332e+02
5.920000000000000000e+02 2.625773717649831269e+02
5.930000000000000000e+02 2.377190138753496740e+02
5.940000000000000000e+02 2.850296853233294314e+02
5.950000000000000000e+02 2.845949557497590945e+02
5.960000000000000000e+02 2.786533217968910776e+02
5.970000000000000000e+02 2.440626447424612877e+02
5.980000000000000000e+02 2.612838516521673000e+02
5.990000000000000000e+02 2.523594792312125605e+02
6.000000000000000000e+02 2.140643366461432606e+02
6.010000000000000000e+02 6.662791229232382761e+01
6.020000000000000000e+02 2.444355794421655332e+02
6.030000000000000000e+02 3.071472120040671143e+02
6.040000000000000000e+02 2.495588426392281747e+02
6.050000000000000000e+02 2.713924992305493902e+02
6.060000000000000000e+02 2.305702559027658936e+02
6.070000000000000000e+02 2.459414151842889851e+02
6.080000000000000000e+02 2.861376730892063733e+02
6.090000000000000000e+02 2.697405873315897225e+02
6.100000000000000000e+02 2.863832832057271958e+02
6.110000000000000000e+02 2.762460238992588870e+02
6.120000000000000000e+02 2.005521349987723170e+02
6.130000000000000000e+02 2.977380335883493672e+02
6.140000000000000000e+02 2.561629958589732041e+02
6.150000000000000000e+02 2.838195761134792292e+02
6.160000000000000000e+02 2.337030747231648604e+02
6.170000000000000000e+02 2.289334247179006070e+02
6.180000000000000000e+02 2.717367940181195536e+02
6.190000000000000000e+02 2.668822388469693578e+02
6.200000000000000000e+02 2.911697017653091279e+02
6.210000000000000000e+02 3.093774987082398980e+02
6.220000000000000000e+02 1.288433041189235837e+02
6.230000000000000000e+02 2.940098686648703961e+02
6.240000000000000000e+02 2.708143231719622008e+02
6.250000000000000000e+02 2.461834584193252908e+02
6.260000000000000000e+02 2.561898778115548225e+02
6.270000000000000000e+02 -1.518984380861663830e+01
6.280000000000000000e+02 2.767997495252134286e+02
6.290000000000000000e+02 2.096641654298052231e+02
6.300000000000000000e+02 -7.284890359437149243e+01
6.310000000000000000e+02 2.695828546712755838e+02
6.320000000000000000e+02 4.295471439951852943e+01
6.330000000000000000e+02 2.407877318691202504e+02
6.340000000000000000e+02 2.347399359811528257e+02
6.350000000000000000e+02 2.557559970188334262e+02
6.360000000000000000e+02 2.828249844210669721e+02
6.370000000000000000e+02 2.490803748684785717e+02
6.380000000000000000e+02 2.433829268464122038e+02
6.390000000000000000e+02 2.857989173288237907e+02
6.400000000000000000e+02 2.222330399092809898e+02
6.410000000000000000e+02 2.869304694521268289e+02
6.420000000000000000e+02 2.773604040222268168e+02
6.430000000000000000e+02 2.733819251124979246e+02
6.440000000000000000e+02 2.627507799726499229e+02
6.450000000000000000e+02 2.834436058719123821e+02
6.460000000000000000e+02 8.772935524765147264e+00
6.470000000000000000e+02 2.493369805840982565e+02
6.480000000000000000e+02 2.613277235533040539e+02
6.490000000000000000e+02 2.621930737583961672e+02
6.500000000000000000e+02 2.329976277639707405e+02
6.510000000000000000e+02 2.544377127973634174e+02
6.520000000000000000e+02 2.432872905754101964e+02
6.530000000000000000e+02 2.616875101918452629e+02
6.540000000000000000e+02 2.402452843567636478e+02
6.550000000000000000e+02 2.317764055630133839e+02
6.560000000000000000e+02 3.124219179780420745e+02
6.570000000000000000e+02 2.439945988974107820e+02
6.580000000000000000e+02 3.139174297241283398e+02
6.590000000000000000e+02 1.407467275412410004e+02
6.600000000000000000e+02 2.657203243065655442e+02
6.610000000000000000e+02 7.384525759195597061e+01
6.620000000000000000e+02 2.710556657490078578e+02
6.630000000000000000e+02 2.682267768121123481e+02
6.640000000000000000e+02 2.353213560894245973e+02
6.650000000000000000e+02 2.429645125759180644e+02
6.660000000000000000e+02 2.324146832772912035e+02
6.670000000000000000e+02 2.621715439239196712e+02
6.680000000000000000e+02 2.322876033300082952e+02
6.690000000000000000e+02 2.518517811714616528e+02
6.700000000000000000e+02 2.780367647044592445e+02
6.710000000000000000e+02 2.719492677619624033e+02
6.720000000000000000e+02 1.970531679232681199e+02
6.730000000000000000e+02 2.438837066235041675e+02
6.740000000000000000e+02 -2.236226148884530005e+02
6.750000000000000000e+02 2.589501222521305408e+02
6.760000000000000000e+02 2.652675231721551654e+02
6.770000000000000000e+02 2.480321600341355008e+02
6.780000000000000000e+02 2.086161359199464300e+02
6.790000000000000000e+02 2.635941583075589847e+02
6.800000000000000000e+02 3.039830054212716277e+02
6.810000000000000000e+02 2.892441559137741365e+02
6.820000000000000000e+02 2.564328384194135424e+02
6.830000000000000000e+02 2.087216286209636564e+02
6.840000000000000000e+02 2.561763375899214452e+02
6.850000000000000000e+02 2.655697188690214716e+02
6.860000000000000000e+02 2.514498272698219523e+02
6.870000000000000000e+02 2.398957410394471026e+02
6.880000000000000000e+02 2.397106767676581001e+02
6.890000000000000000e+02 -5.465851816790318907e+01
6.900000000000000000e+02 2.329547257314754631e+02
6.910000000000000000e+02 -3.063172633849225122e+02
6.920000000000000000e+02 1.291552375948571409e+02
6.930000000000000000e+02 2.961719006846693674e+02
6.940000000000000000e+02 2.810444099594910767e+02
6.950000000000000000e+02 2.449277005684507458e+02
6.960000000000000000e+02 2.623016745085441244e+02
6.970000000000000000e+02 2.653948916729993925e+02
6.980000000000000000e+02 2.961171544310369654e+02
6.990000000000000000e+02 2.248651200031922599e+02
7.000000000000000000e+02 2.649330079628464318e+02
7.010000000000000000e+02 2.305674611003142047e+02
7.020000000000000000e+02 2.674671878316060543e+02
7.030000000000000000e+02 2.316543814640072583e+02
7.040000000000000000e+02 2.688426111060010726e+02
7.050000000000000000e+02 2.564506238764028581e+02
7.060000000000000000e+02 2.877564361649590978e+02
7.070000000000000000e+02 2.725702012025678869e+02
7.080000000000000000e+02 2.590191584839345182e+02
7.090000000000000000e+02 2.692993655888427611e+02
7.100000000000000000e+02 3.140628498436097971e+02
7.110000000000000000e+02 2.592021190549808125e+02
7.120000000000000000e+02 2.221568375697102624e+02
7.130000000000000000e+02 2.652380760000085047e+02
7.140000000000000000e+02 2.434494770417746281e+02
7.150000000000000000e+02 2.467412873950950427e+02
7.160000000000000000e+02 2.583828759759574041e+02
7.170000000000000000e+02 2.309141150013143147e+02
7.180000000000000000e+02 2.045916000447838883e+02
7.190000000000000000e+02 2.890954704441214744e+02
7.200000000000000000e+02 2.653741988383118269e+02
7.210000000000000000e+02 2.535740705379427880e+02
7.220000000000000000e+02 2.491289647294808276e+02
7.230000000000000000e+02 -4.936843820629718493e+00
7.240000000000000000e+02 2.859263615388350104e+02
7.250000000000000000e+02 -3.168582774723498119e+01
7.260000000000000000e+02 2.959135263167227663e+02
7.270000000000000000e+02 2.275372092384212408e+02
7.280000000000000000e+02 2.268241505443460255e+02
7.290000000000000000e+02 2.608141873510447795e+02
7.300000000000000000e+02 2.552969163442120930e+02
7.310000000000000000e+02 2.479674596014913561e+02
7.320000000000000000e+02 2.523618266258403082e+02
7.330000000000000000e+02 2.593566455562145165e+02
7.340000000000000000e+02 3.034465119816432548e+02
7.350000000000000000e+02 2.840584496115972115e+02
7.360000000000000000e+02 2.895161511990689860e+02
7.370000000000000000e+02 2.612759196384043321e+02
7.380000000000000000e+02 1.161262390084138758e+02
7.390000000000000000e+02 2.841598437431957791e+02
7.400000000000000000e+02 -2.230725638429126434e+01
7.410000000000000000e+02 1.080175499476148531e+02
7.420000000000000000e+02 2.456348247047183690e+02
7.430000000000000000e+02 2.955643102151768744e+02
7.440000000000000000e+02 2.618063307239778510e+02
7.450000000000000000e+02 3.098082961771214059e+02
7.460000000000000000e+02 3.061009875615816327e+02
7.470000000000000000e+02 2.219345160903843066e+02
7.480000000000000000e+02 7.650658918506806572e+00
7.490000000000000000e+02 2.662756004433258568e+02
7.500000000000000000e+02 2.519895677310487372e+02
7.510000000000000000e+02 -1.390934792389053314e+02
7.520000000000000000e+02 2.914034562313661354e+02
7.530000000000000000e+02 2.271115681692326405e+01
7.540000000000000000e+02 2.290775878089719413e+02
7.550000000000000000e+02 -8.867845253896162205e+01
7.560000000000000000e+02 2.765665042712726631e+02
7.570000000000000000e+02 2.743655029506424512e+02
7.580000000000000000e+02 2.499716047557439822e+02
7.590000000000000000e+02 2.734366646371090610e+02
7.600000000000000000e+02 1.178613084611218653e+01
7.610000000000000000e+02 -1.251169948460966452e+02
7.620000000000000000e+02 2.119185192941652645e+02
7.630000000000000000e+02 1.533248708703583816e+02
7.640000000000000000e+02 -1.631454030392490608e+02
7.650000000000000000e+02 2.373083719195142578e+02
7.660000000000000000e+02 2.458099449408667851e+02
7.670000000000000000e+02 2.572508042085509601e+02
7.680000000000000000e+02 3.032030808448502057e+01
7.690000000000000000e+02 2.634870544282403557e+02
7.700000000000000000e+02 -4.538021812848450764e+01
7.710000000000000000e+02 -1.438187179895262489e+02
7.720000000000000000e+02 2.577850213674853990e+02
7.730000000000000000e+02 -5.886265609103787710e+01
7.740000000000000000e+02 2.844000689560275532e+02
7.750000000000000000e+02 -1.553782919201715913e+02
7.760000000000000000e+02 -1.978397765164113196e+02
7.770000000000000000e+02 -2.772599192207492536e+01
7.780000000000000000e+02 2.628868471605038621e+02
7.790000000000000000e+02 1.245056169020837444e+02
7.800000000000000000e+02 -1.741471121429686377e+02
7.810000000000000000e+02 -1.508136690012145777e+02
7.820000000000000000e+02 2.603717391754515234e+02
7.830000000000000000e+02 -8.049659071192471060e+01
7.840000000000000000e+02 9.038872104535609253e+01
7.850000000000000000e+02 -1.874978466530394030e+02
7.860000000000000000e+02 -1.589579757464945828e+02
7.870000000000000000e+02 -1.237825127531011162e+02
7.880000000000000000e+02 2.351766468462444095e+02
7.890000000000000000e+02 -1.316480037264073530e+02
7.900000000000000000e+02 -7.483907276955800114e+01
7.910000000000000000e+02 2.901177476958928878e+02
7.920000000000000000e+02 2.572636528003890817e+02
7.930000000000000000e+02 2.755973752794570828e+02
7.940000000000000000e+02 -5.470514522202839203e+01
7.950000000000000000e+02 -1.621036869628102579e+02
7.960000000000000000e+02 2.580709582577445076e+02
7.970000000000000000e+02 2.326298021890861207e+02
7.980000000000000000e+02 2.453440286469373746e+02
7.990000000000000000e+02 2.433804888819346388e+02
8.000000000000000000e+02 2.351980751250516448e+02
8.010000000000000000e+02 2.469299723026669540e+02
8.020000000000000000e+02 2.945401327294388238e+02
8.030000000000000000e+02 3.021853458656061662e+02
8.040000000000000000e+02 2.737204067748854754e+02
8.050000000000000000e+02 2.734679393638566580e+02
8.060000000000000000e+02 2.659200470274522559e+02
8.070000000000000000e+02 2.393516147463653283e+02
8.080000000000000000e+02 -8.069180033900116200e+01
8.090000000000000000e+02 2.584575880746333496e+02
8.100000000000000000e+02 2.702216524618190192e+02
8.110000000000000000e+02 2.284780320570359606e+02
8.120000000000000000e+02 -1.186411414377892299e+02
8.130000000000000000e+02 2.448172402901681153e+02
8.140000000000000000e+02 2.586501736476297992e+02
8.150000000000000000e+02 2.531297497628093822e+02
8.160000000000000000e+02 2.739664872455038562e+02
8.170000000000000000e+02 2.687896567754817738e+02
8.180000000000000000e+02 -1.212576418172296684e+02
8.190000000000000000e+02 2.755538604113003203e+02
8.200000000000000000e+02 2.704189470510126512e+02
8.210000000000000000e+02 -8.818600820960591946e+00
8.220000000000000000e+02 2.659045479210819849e+02
8.230000000000000000e+02 2.146456325077539304e+02
8.240000000000000000e+02 2.729637622764749949e+02
8.250000000000000000e+02 5.473206833635052249e+01
8.260000000000000000e+02 2.503307431353504739e+02
8.270000000000000000e+02 -3.710690095030562929e+01
8.280000000000000000e+02 2.542256508830907080e+02
8.290000000000000000e+02 2.734968259204856622e+02
8.300000000000000000e+02 2.465132123273191098e+02
8.310000000000000000e+02 2.600464161133520520e+02
8.320000000000000000e+02 2.427789576986918973e+02
8.330000000000000000e+02 2.115694229194914442e+02
8.340000000000000000e+02 2.803382913833731322e+02
8.350000000000000000e+02 2.327935186655047630e+02
8.360000000000000000e+02 2.189334112647061374e+02
8.370000000000000000e+02 1.790006280238206671e+01
8.380000000000000000e+02 3.854945484447736703e+01
8.390000000000000000e+02 -1.589198319263886106e+00
8.400000000000000000e+02 2.273862421553794775e+02
8.410000000000000000e+02 2.340233723725957873e+02
8.420000000000000000e+02 -2.596992035706198294e+02
8.430000000000000000e+02 3.302364077515176177e+01
8.440000000000000000e+02 1.949983508767752483e+02
8.450000000000000000e+02 2.704100663590062368e+02
8.460000000000000000e+02 2.673050671218219350e+02
8.470000000000000000e+02 2.679150654707996182e+02
8.480000000000000000e+02 2.384441665583552492e+02
8.490000000000000000e+02 8.095571288886020511e+00
8.500000000000000000e+02 2.818084980161471549e+02
8.510000000000000000e+02 1.148958216483484307e+01
8.520000000000000000e+02 2.316008287763224587e+02
8.530000000000000000e+02 -2.251283493831348892e+01
8.540000000000000000e+02 2.881918879305123369e+02
8.550000000000000000e+02 2.567707275106136535e+02
8.560000000000000000e+02 2.971875273371977073e+02
8.570000000000000000e+02 2.435566679349666970e+02
8.580000000000000000e+02 2.884886553049185522e+02
8.590000000000000000e+02 2.816474007348202804e+02
8.600000000000000000e+02 2.719117341107274797e+02
8.610000000000000000e+02 2.905166109186990298e+02
8.620000000000000000e+02 2.696326351683609346e+02
8.630000000000000000e+02 2.356664615471704849e+01
8.640000000000000000e+02 3.001594346040385517e+02
8.650000000000000000e+02 1.127090379803320275e+01
8.660000000000000000e+02 2.983935940996243517e+02
8.670000000000000000e+02 2.705128962463319340e+02
8.680000000000000000e+02 3.019895807590741015e+02
8.690000000000000000e+02 2.683388136084849975e+02
8.700000000000000000e+02 2.531213341320719508e+02
8.710000000000000000e+02 2.444143954397333971e+02
8.720000000000000000e+02 2.727977322828176057e+02
8.730000000000000000e+02 2.758288815328194232e+02
8.740000000000000000e+02 3.035539757109266930e+02
8.750000000000000000e+02 2.542653980863095171e+02
8.760000000000000000e+02 2.365736090605321635e+02
8.770000000000000000e+02 2.638173139400718128e+02
8.780000000000000000e+02 2.849315911844596485e+02
8.790000000000000000e+02 2.565253323407881680e+02
8.800000000000000000e+02 2.563627101356736375e+02
8.810000000000000000e+02 2.537833136146896891e+02
8.820000000000000000e+02 2.455128035882799509e+02
8.830000000000000000e+02 2.239425257303183230e+02
8.840000000000000000e+02 2.866103639886376868e+02
8.850000000000000000e+02 2.589296889311987684e+02
8.860000000000000000e+02 2.882424662532354205e+02
8.870000000000000000e+02 2.880632657346076257e+02
8.880000000000000000e+02 2.608605135172881546e+02
8.890000000000000000e+02 2.875246689910023861e+02
8.900000000000000000e+02 2.567919209375130549e+02
8.910000000000000000e+02 2.865120293265836722e+02
8.920000000000000000e+02 3.000690935819064862e+02
8.930000000000000000e+02 2.684430012885126189e+02
8.940000000000000000e+02 2.663204474255023797e+02
8.950000000000000000e+02 2.775466461026715592e+02
8.960000000000000000e+02 2.672153554143528709e+02
8.970000000000000000e+02 2.595440283648493391e+02
8.980000000000000000e+02 2.914212509687965280e+02
8.990000000000000000e+02 2.748333535486398205e+02
9.000000000000000000e+02 2.787402893005813667e+02
9.010000000000000000e+02 2.996640678328473086e+02
9.020000000000000000e+02 2.763391676118999385e+02
9.030000000000000000e+02 2.633342833707573050e+02
9.040000000000000000e+02 2.878192849724268854e+02
9.050000000000000000e+02 2.656218138043244039e+02
9.060000000000000000e+02 2.242165790259004439e+02
9.070000000000000000e+02 2.380522648250696420e+02
9.080000000000000000e+02 2.574492589269419796e+02
9.090000000000000000e+02 2.568313562917975332e+02
9.100000000000000000e+02 2.583206968967239163e+02
9.110000000000000000e+02 2.442211434669544303e+02
9.120000000000000000e+02 1.718987996367613960e+02
9.130000000000000000e+02 2.764029081532846703e+02
9.140000000000000000e+02 2.722348681065897154e+02
9.150000000000000000e+02 2.469471029695532991e+02
9.160000000000000000e+02 2.636489585136578171e+02
9.170000000000000000e+02 2.357504644310420474e+02
9.180000000000000000e+02 2.651891771948626797e+02
9.190000000000000000e+02 2.889248780304295678e+02
9.200000000000000000e+02 2.513487256947815354e+02
9.210000000000000000e+02 2.220089435035785073e+02
9.220000000000000000e+02 2.342275479410450316e+02
9.230000000000000000e+02 2.624063331109067576e+02
9.240000000000000000e+02 2.547141669244363413e+02
9.250000000000000000e+02 2.875085991692022844e+02
9.260000000000000000e+02 2.669179506658501282e+02
9.270000000000000000e+02 2.536125528596883498e+02
9.280000000000000000e+02 2.938656690406224925e+02
9.290000000000000000e+02 3.071626181629143275e+02
9.300000000000000000e+02 2.870354408711144742e+02
9.310000000000000000e+02 2.838934304571248504e+02
9.320000000000000000e+02 2.857590391883777556e+02
9.330000000000000000e+02 2.646162186182940559e+02
9.340000000000000000e+02 2.493723215266006719e+02
9.350000000000000000e+02 2.856917126416465180e+02
9.360000000000000000e+02 2.575521238195187834e+02
9.370000000000000000e+02 2.573622641801977124e+02
9.380000000000000000e+02 3.020287288844507430e+02
9.390000000000000000e+02 2.714444697583946891e+02
9.400000000000000000e+02 3.050638709244143456e+02
9.410000000000000000e+02 2.029829010724269551e+02
9.420000000000000000e+02 2.955007924704460720e+02
9.430000000000000000e+02 2.922611037213316649e+02
9.440000000000000000e+02 2.365827708657328117e+02
9.450000000000000000e+02 2.443599683439225316e+02
9.460000000000000000e+02 2.505449598299169907e+02
9.470000000000000000e+02 2.641634460561958804e+02
9.480000000000000000e+02 -4.845622240957050053e+01
9.490000000000000000e+02 2.349772723951371916e+02
9.500000000000000000e+02 3.023983544157103438e+02
9.510000000000000000e+02 2.356001001320892101e+02
9.520000000000000000e+02 2.125825485556613330e+02
9.530000000000000000e+02 2.632332130636213492e+02
9.540000000000000000e+02 2.149811054834692357e+02
9.550000000000000000e+02 2.526660250390476108e+02
9.560000000000000000e+02 2.839969957788233614e+02
9.570000000000000000e+02 2.851297200645748262e+02
9.580000000000000000e+02 2.630507600983573866e+02
9.590000000000000000e+02 2.689658995342758772e+02
9.600000000000000000e+02 2.669531729026831499e+02
9.610000000000000000e+02 2.934711418822014366e+02
9.620000000000000000e+02 2.821624699307748756e+02
9.630000000000000000e+02 2.614186173836309308e+02
9.640000000000000000e+02 2.902031325358497611e+02
9.650000000000000000e+02 2.528060262383752672e+02
9.660000000000000000e+02 2.333735661056890365e+02
9.670000000000000000e+02 2.558238497108636977e+02
9.680000000000000000e+02 2.833049250282712137e+02
9.690000000000000000e+02 2.596253098674097828e+02
9.700000000000000000e+02 2.372999203181452970e+02
9.710000000000000000e+02 2.313120115967407173e+02
9.720000000000000000e+02 2.790196132332059165e+02
9.730000000000000000e+02 2.735306093739696394e+02
9.740000000000000000e+02 2.458023781854808192e+02
9.750000000000000000e+02 2.311513608050470339e+02
9.760000000000000000e+02 2.909437380474648762e+02
9.770000000000000000e+02 2.708389490334121774e+02
9.780000000000000000e+02 2.807309217324900601e+02
9.790000000000000000e+02 2.677205631655915568e+02
9.800000000000000000e+02 2.993282383744068511e+02
9.810000000000000000e+02 3.147881722877768311e+02
9.820000000000000000e+02 2.458068573542845456e+02
9.830000000000000000e+02 2.666130134811224934e+02
9.840000000000000000e+02 -4.596320876547778767e+00
9.850000000000000000e+02 -2.568897996431800834e+01
9.860000000000000000e+02 -2.600475618641459619e+01
9.870000000000000000e+02 2.790911877290209304e+02
9.880000000000000000e+02 2.786939041499157383e+02
9.890000000000000000e+02 -4.505413917906479924e+02
9.900000000000000000e+02 2.832349260972275147e+02
9.910000000000000000e+02 2.717664577335021363e+02
9.920000000000000000e+02 2.608240727657544085e+02
9.930000000000000000e+02 2.216003024342116419e+02
9.940000000000000000e+02 2.533952239135259390e+02
9.950000000000000000e+02 2.573315035418841035e+02
9.960000000000000000e+02 2.523783735351976816e+02
9.970000000000000000e+02 1.424705592350573227e+02
9.980000000000000000e+02 2.500556266390530595e+02
9.990000000000000000e+02 2.452417745375658171e+02
