0.000000000000000000e+00 -4.044289437515264467e+02
1.000000000000000000e+00 -1.971870401279816747e+02
2.000000000000000000e+00 -3.793252627299057167e+02
3.000000000000000000e+00 -3.689110557746691370e+02
4.000000000000000000e+00 -4.459706251929424639e+02
5.000000000000000000e+00 -3.545688874118078502e+02
6.000000000000000000e+00 -4.427685979487947634e+02
7.000000000000000000e+00 -3.782199338494460221e+02
8.000000000000000000e+00 -2.522293486608030264e+02
9.000000000000000000e+00 -5.090059141546286696e+02
1.000000000000000000e+01 -4.552279165303401101e+02
1.100000000000000000e+01 -6.611026611602305820e+02
1.200000000000000000e+01 -3.886541731415068170e+02
1.300000000000000000e+01 -4.190674878922702078e+02
1.400000000000000000e+01 -3.288409587534356433e+02
1.500000000000000000e+01 -4.640534099013758009e+02
1.600000000000000000e+01 1.971191934800458512e+01
1.700000000000000000e+01 -4.680754941091432215e+02
1.800000000000000000e+01 -3.330380980048001334e+02
1.900000000000000000e+01 -1.051365380272903280e+02
2.000000000000000000e+01 -2.346625624425587375e+02
2.100000000000000000e+01 -2.698699138969121805e+02
2.200000000000000000e+01 -2.727372801273726850e+02
2.300000000000000000e+01 -7.680364320994203808e+01
2.400000000000000000e+01 -4.257856323538102856e+02
2.500000000000000000e+01 -4.695401728456481010e+02
2.600000000000000000e+01 -6.674562919716124725e+02
2.700000000000000000e+01 -3.315255415695247621e+01
2.800000000000000000e+01 -3.282475005653783455e+02
2.900000000000000000e+01 -3.166290605270521610e+02
3.000000000000000000e+01 -3.161348448279074432e+02
3.100000000000000000e+01 -4.256196577989790057e+02
3.200000000000000000e+01 -2.595531904349985552e+02
3.300000000000000000e+01 -2.299909200464133505e+02
3.400000000000000000e+01 -4.065351784183820882e+02
3.500000000000000000e+01 -4.289951681357870825e+02
3.600000000000000000e+01 -2.279784538308151980e+02
3.700000000000000000e+01 -3.372336666536699568e+02
3.800000000000000000e+01 -3.034066891034659648e+02
3.900000000000000000e+01 -5.427676095264348533e+02
4.000000000000000000e+01 -3.798087978666988533e+02
4.100000000000000000e+01 -2.506590924661130941e+02
4.200000000000000000e+01 -2.547285107784656191e+02
4.300000000000000000e+01 -2.487614690163131854e+02
4.400000000000000000e+01 -1.744152789872812264e+02
4.500000000000000000e+01 -2.349079202780039850e+02
4.600000000000000000e+01 -3.474586297075261427e+02
4.700000000000000000e+01 -2.574259091300692148e+02
4.800000000000000000e+01 -3.210751051977179031e+02
4.900000000000000000e+01 -1.180292278935620800e+02
5.000000000000000000e+01 -2.589625868633346499e+02
5.100000000000000000e+01 -4.075843581648788359e+02
5.200000000000000000e+01 -2.491358847031136179e+02
5.300000000000000000e+01 -3.421790265006067955e+01
5.400000000000000000e+01 5.045522647881213629e+00
5.500000000000000000e+01 -2.395739271264280887e+02
5.600000000000000000e+01 -4.667053485804551656e+02
5.700000000000000000e+01 -3.347399187695585852e+02
5.800000000000000000e+01 -1.816401729517635601e+02
5.900000000000000000e+01 -1.313433312977410878e+02
6.000000000000000000e+01 -4.549433112042044627e+02
6.100000000000000000e+01 -4.135046486483961985e+02
6.200000000000000000e+01 -4.439657885285204202e+02
6.300000000000000000e+01 -2.090870721146432629e+02
6.400000000000000000e+01 2.803692853384879413e+01
6.500000000000000000e+01 -1.799729897533034375e+02
6.600000000000000000e+01 -1.941177802370893346e+02
6.700000000000000000e+01 -3.392265456563895754e+01
6.800000000000000000e+01 -4.093265471416464720e+02
6.900000000000000000e+01 -1.284081366221274720e+02
7.000000000000000000e+01 -3.337120640725547105e+02
7.100000000000000000e+01 -6.567334876502303587e+01
7.200000000000000000e+01 -1.622731731034461404e+02
7.300000000000000000e+01 -1.094913124493098167e+01
7.400000000000000000e+01 -3.050888577214329302e+02
7.500000000000000000e+01 -3.880943320621911994e+02
7.600000000000000000e+01 -9.355854918475898785e+00
7.700000000000000000e+01 -1.302808048680774107e+02
7.800000000000000000e+01 -4.270747423501567823e+02
7.900000000000000000e+01 -5.590601882866900496e+01
8.000000000000000000e+01 -1.530435410600671844e+02
8.100000000000000000e+01 -1.858100588307972885e+02
8.200000000000000000e+01 -6.738150416952072419e+01
8.300000000000000000e+01 -2.087243344592255312e+02
8.400000000000000000e+01 -4.300170876969953611e+02
8.500000000000000000e+01 -1.463957694737766246e+02
8.600000000000000000e+01 -3.034301168572964116e+02
8.700000000000000000e+01 -2.632007222442813088e+01
8.800000000000000000e+01 -3.643435757374972468e+02
8.900000000000000000e+01 -3.177635463230505479e+02
9.000000000000000000e+01 -2.512087937305012986e+02
9.100000000000000000e+01 -6.052903099539685172e+02
9.200000000000000000e+01 -9.513315549235177571e+01
9.300000000000000000e+01 -4.091879868458860869e+01
9.400000000000000000e+01 -4.771552944189380696e+00
9.500000000000000000e+01 -1.274389924264910121e+02
9.600000000000000000e+01 -4.810891615032971913e+01
9.700000000000000000e+01 -1.497047728790673204e+02
9.800000000000000000e+01 -1.456287265834936591e+02
9.900000000000000000e+01 -1.005859556174556246e+01
1.000000000000000000e+02 -1.424202365780089963e+02
1.010000000000000000e+02 -1.897577504230477530e+01
1.020000000000000000e+02 -7.745124657729078876e+00
1.030000000000000000e+02 -1.742315071005764366e+02
1.040000000000000000e+02 -7.141738868876035440e+01
1.050000000000000000e+02 -6.284960238031028723e+01
1.060000000000000000e+02 -2.898627632223906403e+01
1.070000000000000000e+02 -3.905381244020090321e+02
1.080000000000000000e+02 -2.764670329651715974e+02
1.090000000000000000e+02 -2.584265961599029424e+02
1.100000000000000000e+02 -2.982802728938104337e+02
1.110000000000000000e+02 2.625974211372225398e+01
1.120000000000000000e+02 -4.601639015055027215e+01
1.130000000000000000e+02 -1.292982110880919322e+02
1.140000000000000000e+02 -1.302404029326375223e+02
1.150000000000000000e+02 4.285464937209283676e+00
1.160000000000000000e+02 -2.142722662821217341e+02
1.170000000000000000e+02 -4.281945030432638077e+00
1.180000000000000000e+02 -1.475063220021682753e+02
1.190000000000000000e+02 -2.091688032593893354e+02
1.200000000000000000e+02 7.827660924685275745e+00
1.210000000000000000e+02 -1.376826410401042153e+02
1.220000000000000000e+02 -3.759440650080683213e+02
1.230000000000000000e+02 -8.413606560749930452e+01
1.240000000000000000e+02 -1.917600036318209504e+02
1.250000000000000000e+02 -6.812448888287948989e+01
1.260000000000000000e+02 3.317220310830376206e+01
1.270000000000000000e+02 -1.410166022905771968e+02
1.280000000000000000e+02 -3.529502014955119193e+01
1.290000000000000000e+02 -1.519373724651484281e+01
1.300000000000000000e+02 -3.280893334649417170e+02
1.310000000000000000e+02 -1.659966196411349131e+02
1.320000000000000000e+02 -5.739558781983145508e+01
1.330000000000000000e+02 -6.065022931359719394e+01
1.340000000000000000e+02 -1.346431274619230578e+02
1.350000000000000000e+02 -2.498727657255943768e+02
1.360000000000000000e+02 -1.449978669261319055e+02
1.370000000000000000e+02 -3.148628449385919339e+02
1.380000000000000000e+02 -7.132572033863453953e+00
1.390000000000000000e+02 -1.050435539721827496e+02
1.400000000000000000e+02 -1.640099171388672801e+02
1.410000000000000000e+02 1.335789232496938261e+01
1.420000000000000000e+02 -1.004329189141385825e+01
1.430000000000000000e+02 -3.215899810723580003e+02
1.440000000000000000e+02 -4.619290696662673668e+01
1.450000000000000000e+02 7.532386287211762976e+01
1.460000000000000000e+02 -2.128873781309629010e+01
1.470000000000000000e+02 -1.296078378235031892e+02
1.480000000000000000e+02 -3.365721108274077000e+00
1.490000000000000000e+02 -3.055269609156782735e+02
1.500000000000000000e+02 -5.763746399097097139e+01
1.510000000000000000e+02 -5.604419126990242717e+01
1.520000000000000000e+02 -2.604895092562618686e+01
1.530000000000000000e+02 2.149741188466943953e+01
1.540000000000000000e+02 -5.709014484069071216e+01
1.550000000000000000e+02 -2.320782522903854783e+00
1.560000000000000000e+02 -4.846347829820814468e+01
1.570000000000000000e+02 -1.686437783950538289e+02
1.580000000000000000e+02 -4.830532958491561146e+01
1.590000000000000000e+02 6.115248282878592789e+01
1.600000000000000000e+02 -2.763423228161074974e+01
1.610000000000000000e+02 -5.522585371077813932e+01
1.620000000000000000e+02 3.448146133897032506e+00
1.630000000000000000e+02 6.907076321210809944e+00
1.640000000000000000e+02 -7.254682261430048129e+00
1.650000000000000000e+02 -1.163163452708454315e+02
1.660000000000000000e+02 -8.034334166489314555e+01
1.670000000000000000e+02 2.784067896485690241e+01
1.680000000000000000e+02 -1.081938922961841030e+02
1.690000000000000000e+02 -1.537657067807325575e+02
1.700000000000000000e+02 2.705740886566093195e+01
1.710000000000000000e+02 -1.100666893037994782e+02
1.720000000000000000e+02 2.954239858636259441e+01
1.730000000000000000e+02 -6.477145687758718395e+01
1.740000000000000000e+02 -5.514347358294322277e+01
1.750000000000000000e+02 1.496393056521253051e+01
1.760000000000000000e+02 -3.705284241360830233e+00
1.770000000000000000e+02 2.191336422905455450e+01
1.780000000000000000e+02 -2.265926499028043750e+01
1.790000000000000000e+02 4.028664786440909751e+01
1.800000000000000000e+02 -7.497164818752146687e+00
1.810000000000000000e+02 -1.183015830299562410e+01
1.820000000000000000e+02 4.341202905815522683e+01
1.830000000000000000e+02 -1.059535052121457532e+01
1.840000000000000000e+02 7.782689207146116672e+00
1.850000000000000000e+02 1.988649246529914763e+02
1.860000000000000000e+02 2.247283000981270789e+02
1.870000000000000000e+02 -4.425957140394744016e+01
1.880000000000000000e+02 1.926231407241052409e+02
1.890000000000000000e+02 2.045884835881324193e+01
1.900000000000000000e+02 -9.711311295553489487e+00
1.910000000000000000e+02 1.358701621774034720e+02
1.920000000000000000e+02 -7.227299679987122261e+01
1.930000000000000000e+02 1.020947815689507898e+01
1.940000000000000000e+02 -1.186106519448724228e+01
1.950000000000000000e+02 -3.574044953949868386e+01
1.960000000000000000e+02 -2.694383950844971309e+01
1.970000000000000000e+02 -7.579241221513552773e+01
1.980000000000000000e+02 -1.061172794969718467e+02
1.990000000000000000e+02 -6.246130859481797870e+01
2.000000000000000000e+02 -1.177647307841911726e+02
2.010000000000000000e+02 -4.143367487824679074e+01
2.020000000000000000e+02 -1.356885049506766734e+02
2.030000000000000000e+02 -6.801541404615116448e+01
2.040000000000000000e+02 -1.203136655235397541e+02
2.050000000000000000e+02 1.409112762931036400e+02
2.060000000000000000e+02 -5.002076061036950705e+01
2.070000000000000000e+02 9.986857269043371232e+00
2.080000000000000000e+02 -5.701447642420968975e+01
2.090000000000000000e+02 1.081693004144661518e-01
2.100000000000000000e+02 -1.974859762911992789e+01
2.110000000000000000e+02 -2.328238397762230250e+01
2.120000000000000000e+02 1.676960697519657515e+02
2.130000000000000000e+02 5.838663707006318049e+01
2.140000000000000000e+02 3.825438445840529056e+01
2.150000000000000000e+02 1.525821461240455506e+02
2.160000000000000000e+02 -4.885497413413189349e+01
2.170000000000000000e+02 -9.314849940517309790e+01
2.180000000000000000e+02 8.038820492266123097e+01
2.190000000000000000e+02 -9.326412457880886109e+01
2.200000000000000000e+02 5.924148966452254683e+01
2.210000000000000000e+02 2.034240320006921365e+02
2.220000000000000000e+02 1.011490968878062890e+00
2.230000000000000000e+02 1.547066082021931948e+02
2.240000000000000000e+02 -2.916175651941721014e+01
2.250000000000000000e+02 6.655586843944651321e+01
2.260000000000000000e+02 -9.405482946378954523e+01
2.270000000000000000e+02 9.247637925336624676e+01
2.280000000000000000e+02 -1.154605860127260684e+02
2.290000000000000000e+02 -4.791340017479836177e+01
2.300000000000000000e+02 -3.652766504544699444e+01
2.310000000000000000e+02 -1.478530297378152909e+02
2.320000000000000000e+02 -6.411624026701383627e+01
2.330000000000000000e+02 -5.322849491523957965e+01
2.340000000000000000e+02 1.710049661084074444e+02
2.350000000000000000e+02 -4.850146948185738438e+01
2.360000000000000000e+02 -3.399071970026535894e+01
2.370000000000000000e+02 6.479982663252640407e+01
2.380000000000000000e+02 1.233407144360624557e+02
2.390000000000000000e+02 -8.742976254899538446e+01
2.400000000000000000e+02 -4.948782366918811704e+01
2.410000000000000000e+02 -1.367749141487857401e+02
2.420000000000000000e+02 2.379090528586312416e+02
2.430000000000000000e+02 -5.499101229549970071e+01
2.440000000000000000e+02 -6.839158625674342318e+01
2.450000000000000000e+02 7.184661575522252974e+01
2.460000000000000000e+02 2.286650920263834053e+01
2.470000000000000000e+02 2.365510014164174635e+01
2.480000000000000000e+02 -7.758370556124998529e+01
2.490000000000000000e+02 2.466838707256671057e+02
2.500000000000000000e+02 8.243533052592030685e+01
2.510000000000000000e+02 -1.505423185544734999e+01
2.520000000000000000e+02 -2.876623616819192080e+02
2.530000000000000000e+02 -6.066137273593965773e+01
2.540000000000000000e+02 -1.072240914800598119e+02
2.550000000000000000e+02 1.337115474020619033e+01
2.560000000000000000e+02 6.281835923098185503e+00
2.570000000000000000e+02 2.057258504452661043e+02
2.580000000000000000e+02 2.412010297420200970e+02
2.590000000000000000e+02 6.678310959688030835e+01
2.600000000000000000e+02 2.146846291738483501e+02
2.610000000000000000e+02 1.997393364915419056e+02
2.620000000000000000e+02 8.378174992966556545e+01
2.630000000000000000e+02 -8.849267454214742656e+01
2.640000000000000000e+02 -4.532281388112645715e+01
2.650000000000000000e+02 3.238771945658915996e+01
2.660000000000000000e+02 1.717404073994329963e+02
2.670000000000000000e+02 2.945989687831435049e+02
2.680000000000000000e+02 1.408822370671824160e+02
2.690000000000000000e+02 1.364901044329931210e+02
2.700000000000000000e+02 1.078933982922898167e+02
2.710000000000000000e+02 2.483744524764296955e+02
2.720000000000000000e+02 2.045431421229651789e+02
2.730000000000000000e+02 2.238197923592333041e+02
2.740000000000000000e+02 2.486290157126571785e+02
2.750000000000000000e+02 2.565487988130680037e+02
2.760000000000000000e+02 2.412298966953019033e+02
2.770000000000000000e+02 2.606823929405447871e+02
2.780000000000000000e+02 2.592891100786983998e+02
2.790000000000000000e+02 2.676297294537327502e+02
2.800000000000000000e+02 2.500903997035709381e+02
2.810000000000000000e+02 2.785760108863937603e+02
2.820000000000000000e+02 7.617607423966396141e+01
2.830000000000000000e+02 2.538268641445599485e+02
2.840000000000000000e+02 2.668775771779348815e+02
2.850000000000000000e+02 2.166104513700835525e+02
2.860000000000000000e+02 2.345412088132622443e+02
2.870000000000000000e+02 2.821919193755206834e+02
2.880000000000000000e+02 2.200142091292168516e+02
2.890000000000000000e+02 2.435475114110206505e+02
2.900000000000000000e+02 1.517360886171478569e+02
2.910000000000000000e+02 1.212903515658357492e+02
2.920000000000000000e+02 2.080973757278938194e+02
2.930000000000000000e+02 7.230747244865223422e+01
2.940000000000000000e+02 2.258871727809702747e+02
2.950000000000000000e+02 2.781935267347305967e+02
2.960000000000000000e+02 2.550798461883176458e+02
2.970000000000000000e+02 2.684092603730198334e+02
2.980000000000000000e+02 2.358658343143447951e+02
2.990000000000000000e+02 2.738276296860130969e+02
3.000000000000000000e+02 2.848144909317056772e+02
3.010000000000000000e+02 2.161049521284995194e+02
3.020000000000000000e+02 1.911381143849239663e+02
3.030000000000000000e+02 1.803572375807780475e+02
3.040000000000000000e+02 2.543415921639744681e+02
3.050000000000000000e+02 1.955832337648647012e+02
3.060000000000000000e+02 1.822626500729748784e+02
3.070000000000000000e+02 1.714025998276914322e+02
3.080000000000000000e+02 2.544014155976402662e+02
3.090000000000000000e+02 2.071418966578859795e+02
3.100000000000000000e+02 2.551258593972345352e+02
3.110000000000000000e+02 2.032939141486665591e+01
3.120000000000000000e+02 2.706040655062622022e+02
3.130000000000000000e+02 2.093853546038989464e+02
3.140000000000000000e+02 2.432012658356784414e+02
3.150000000000000000e+02 2.697780032115190352e+02
3.160000000000000000e+02 2.621932642446965929e+02
3.170000000000000000e+02 2.421977394057489619e+02
3.180000000000000000e+02 2.139933176775352877e+02
3.190000000000000000e+02 2.204566431960035118e+02
3.200000000000000000e+02 2.590288706737145503e+02
3.210000000000000000e+02 2.502736801558147306e+02
3.220000000000000000e+02 2.362174039609963359e+02
3.230000000000000000e+02 2.423319861866666969e+01
3.240000000000000000e+02 1.550193495073523309e+01
3.250000000000000000e+02 -4.472109971382707272e-01
3.260000000000000000e+02 2.151480844606130063e+02
3.270000000000000000e+02 2.107738839489513794e+02
3.280000000000000000e+02 2.208754572875511997e+02
3.290000000000000000e+02 1.444107744625387468e+01
3.300000000000000000e+02 -1.184665944010751701e+02
3.310000000000000000e+02 2.247253886955094231e+02
3.320000000000000000e+02 2.850748103327458693e+01
3.330000000000000000e+02 2.949349970407953947e+01
3.340000000000000000e+02 1.914391853694996257e+02
3.350000000000000000e+02 1.584397057313072423e+02
3.360000000000000000e+02 -1.420815640105573152e+00
3.370000000000000000e+02 2.551698179756398304e+02
3.380000000000000000e+02 -9.715821822120608431e+01
3.390000000000000000e+02 2.621265013845601288e+02
3.400000000000000000e+02 2.679443789430043807e+02
3.410000000000000000e+02 3.154650100084728592e+01
3.420000000000000000e+02 -1.433889753116378074e+01
3.430000000000000000e+02 2.940310102371199719e+02
3.440000000000000000e+02 2.029527088369946171e+02
3.450000000000000000e+02 -8.703858427987024982e+01
3.460000000000000000e+02 -1.002489367881373994e+01
3.470000000000000000e+02 2.549125489073061033e+02
3.480000000000000000e+02 2.362938959256709381e+02
3.490000000000000000e+02 2.684145140191718610e+02
3.500000000000000000e+02 2.714548698075070661e+02
3.510000000000000000e+02 2.743829384978781718e+02
3.520000000000000000e+02 2.316399397625555423e+02
3.530000000000000000e+02 -2.020737029086820371e+02
3.540000000000000000e+02 -6.964566276723209626e+01
3.550000000000000000e+02 2.506789474213801157e+02
3.560000000000000000e+02 -4.723558553097390700e+00
3.570000000000000000e+02 2.395949161427735703e+02
3.580000000000000000e+02 2.455398266284341275e+02
3.590000000000000000e+02 2.515901803474820042e+02
3.600000000000000000e+02 2.217721816570678470e+02
3.610000000000000000e+02 2.783870058860898666e+02
3.620000000000000000e+02 2.661041097950017047e+02
3.630000000000000000e+02 2.352669361012042373e+02
3.640000000000000000e+02 2.211969290107282973e+02
3.650000000000000000e+02 2.207552039146620757e+02
3.660000000000000000e+02 7.057059992247204150e+00
3.670000000000000000e+02 2.659000597612169940e+02
3.680000000000000000e+02 5.993077864580224912e+01
3.690000000000000000e+02 2.407512833219954018e+02
3.700000000000000000e+02 2.410838170105276959e+02
3.710000000000000000e+02 2.632771069829389035e+02
3.720000000000000000e+02 2.423730783170854295e+02
3.730000000000000000e+02 2.605253775100480880e+02
3.740000000000000000e+02 2.522309358207330945e+02
3.750000000000000000e+02 2.262119760817327858e+02
3.760000000000000000e+02 2.631743504218642329e+02
3.770000000000000000e+02 2.392696340400077304e+02
3.780000000000000000e+02 2.462370240222756195e+02
3.790000000000000000e+02 -3.532475693799175787e+01
3.800000000000000000e+02 2.729906247538794446e+02
3.810000000000000000e+02 2.495422633897284470e+02
3.820000000000000000e+02 2.742505177269480328e+02
3.830000000000000000e+02 1.699319422154789265e+02
3.840000000000000000e+02 2.679956321791243568e+02
3.850000000000000000e+02 2.704663417046990617e+02
3.860000000000000000e+02 2.712435439262005161e+02
3.870000000000000000e+02 2.769298244157830595e+02
3.880000000000000000e+02 2.731642054858600659e+02
3.890000000000000000e+02 2.354531137657347131e+02
3.900000000000000000e+02 2.387654260616152158e+02
3.910000000000000000e+02 2.708790507904633387e+02
3.920000000000000000e+02 2.389658048960091890e+02
3.930000000000000000e+02 2.428774063086498245e+02
3.940000000000000000e+02 2.670943989057308272e+02
3.950000000000000000e+02 2.432819853693798962e+02
3.960000000000000000e+02 2.622379464061841645e+02
3.970000000000000000e+02 2.001308490845098618e+02
3.980000000000000000e+02 2.477796023493080213e+02
3.990000000000000000e+02 2.715216018824235107e+02
4.000000000000000000e+02 2.302321308745945316e+02
4.010000000000000000e+02 2.701470279153619458e+02
4.020000000000000000e+02 2.644875649324433198e+02
4.030000000000000000e+02 2.617063845288098491e+02
4.040000000000000000e+02 2.523203076994019227e+02
4.050000000000000000e+02 2.303546936701422396e+02
4.060000000000000000e+02 2.520454608180966716e+02
4.070000000000000000e+02 2.575061492906165768e+02
4.080000000000000000e+02 2.453104996932992776e+02
4.090000000000000000e+02 2.484819043368437974e+02
4.100000000000000000e+02 2.407834094057025993e+02
4.110000000000000000e+02 2.285868077511356091e+02
4.120000000000000000e+02 2.622594626715163599e+02
4.130000000000000000e+02 2.867460205450381068e+02
4.140000000000000000e+02 2.359098716966416589e+02
4.150000000000000000e+02 2.660814665197227669e+02
4.160000000000000000e+02 2.373070221574128027e+02
4.170000000000000000e+02 2.473978581713237475e+02
4.180000000000000000e+02 2.776855450338522360e+02
4.190000000000000000e+02 2.184917948813429689e+02
4.200000000000000000e+02 2.955718274599254300e+02
4.210000000000000000e+02 2.455195398361564401e+02
4.220000000000000000e+02 2.416825743687347483e+02
4.230000000000000000e+02 2.371410503477997338e+02
4.240000000000000000e+02 2.880119625598676407e+02
4.250000000000000000e+02 2.764923509193009181e+02
4.260000000000000000e+02 2.324731247582258788e+02
4.270000000000000000e+02 2.422168377933368220e+02
4.280000000000000000e+02 2.321721823731231211e+02
4.290000000000000000e+02 2.739591951096101639e+02
4.300000000000000000e+02 2.461915513471029442e+02
4.310000000000000000e+02 2.409030272880418977e+02
4.320000000000000000e+02 2.623661889986002507e+02
4.330000000000000000e+02 2.516027297978995705e+02
4.340000000000000000e+02 2.904174030851829684e+02
4.350000000000000000e+02 2.602161522573957200e+02
4.360000000000000000e+02 2.405476409474017601e+02
4.370000000000000000e+02 1.112651736926125068e+02
4.380000000000000000e+02 2.387463649460057127e+02
4.390000000000000000e+02 2.620939420396303490e+02
4.400000000000000000e+02 2.548302717637012620e+02
4.410000000000000000e+02 2.810203016569710144e+02
4.420000000000000000e+02 2.530523835085240023e+02
4.430000000000000000e+02 2.601521553002564815e+02
4.440000000000000000e+02 3.064149098366328872e+02
4.450000000000000000e+02 2.703983493729457450e+02
4.460000000000000000e+02 2.808847255966127250e+02
4.470000000000000000e+02 2.391595265245295252e+02
4.480000000000000000e+02 2.104624396456508180e+02
4.490000000000000000e+02 2.905874768104762325e+02
4.500000000000000000e+02 2.623645244079566510e+02
4.510000000000000000e+02 2.579997354899107904e+02
4.520000000000000000e+02 2.778599161688911181e+02
4.530000000000000000e+02 4.792464290410359951e+01
4.540000000000000000e+02 2.800810802141274962e+02
4.550000000000000000e+02 2.478555527752554042e+02
4.560000000000000000e+02 2.361313668200528184e+02
4.570000000000000000e+02 2.544487105351188347e+02
4.580000000000000000e+02 2.407448722462404476e+02
4.590000000000000000e+02 2.457405004268955508e+02
4.600000000000000000e+02 2.418899525194965463e+02
4.610000000000000000e+02 2.431799878044520824e+02
4.620000000000000000e+02 2.557724659744946791e+02
4.630000000000000000e+02 2.312179566092025880e+02
4.640000000000000000e+02 2.122586344109531069e+02
4.650000000000000000e+02 2.549040184996303253e+02
4.660000000000000000e+02 2.257414010941611195e+02
4.670000000000000000e+02 2.839938769516030561e+02
4.680000000000000000e+02 2.653441344154064154e+02
4.690000000000000000e+02 2.688345493745819113e+02
4.700000000000000000e+02 2.530334559597106647e+02
4.710000000000000000e+02 2.579543393955755164e+02
4.720000000000000000e+02 2.873538725012217583e+02
4.730000000000000000e+02 2.513896177785501891e+02
4.740000000000000000e+02 2.512911168715288852e+02
4.750000000000000000e+02 2.702522601082794154e+02
4.760000000000000000e+02 2.440146423822013446e+02
4.770000000000000000e+02 4.502242354942552538e+01
4.780000000000000000e+02 2.674854249526858325e+02
4.790000000000000000e+02 2.715467643996104243e+02
4.800000000000000000e+02 2.927818257684658647e+02
4.810000000000000000e+02 2.170766582209762987e+02
4.820000000000000000e+02 5.982525474657941089e+01
4.830000000000000000e+02 2.898921733582710090e+02
4.840000000000000000e+02 2.751291113546062661e+02
4.850000000000000000e+02 9.901399313604474628e+01
4.860000000000000000e+02 2.568188156167375951e+02
4.870000000000000000e+02 2.671251510064180366e+02
4.880000000000000000e+02 2.102567523472763469e+02
4.890000000000000000e+02 2.306107660805822093e+02
4.900000000000000000e+02 2.414333083134782498e+02
4.910000000000000000e+02 2.421935962217347083e+02
4.920000000000000000e+02 1.059232705653346613e+02
4.930000000000000000e+02 2.474058947284466399e+02
4.940000000000000000e+02 -4.619201746882743009e+01
4.950000000000000000e+02 2.351795029524025722e+02
4.960000000000000000e+02 2.749926835042704170e+02
4.970000000000000000e+02 2.538842965685992681e+01
4.980000000000000000e+02 2.323976129879237362e+02
4.990000000000000000e+02 2.071107431198445283e+02
5.000000000000000000e+02 2.288940999484393899e+02
5.010000000000000000e+02 2.492644869620801273e+02
5.020000000000000000e+02 2.726423700773107726e+02
5.030000000000000000e+02 2.069213840142930110e+02
5.040000000000000000e+02 2.155773872059963026e+02
5.050000000000000000e+02 2.499893230098558945e+02
5.060000000000000000e+02 2.654197204552708627e+02
5.070000000000000000e+02 2.640427404633865081e+02
5.080000000000000000e+02 2.451916882479577566e+02
5.090000000000000000e+02 2.284361092330826182e+02
5.100000000000000000e+02 2.087532698133915687e+02
5.110000000000000000e+02 2.249133337775933228e+02
5.120000000000000000e+02 8.801453772365658779e+01
5.130000000000000000e+02 2.085220385695538710e+02
5.140000000000000000e+02 2.364738134499925479e+02
5.150000000000000000e+02 1.779620906809455505e+02
5.160000000000000000e+02 2.437906699427463479e+02
5.170000000000000000e+02 -2.361515954484243025e+02
5.180000000000000000e+02 1.509343842558550364e+02
5.190000000000000000e+02 4.350191617322759896e+01
5.200000000000000000e+02 2.367558332962266263e+02
5.210000000000000000e+02 2.828543726122868520e+02
5.220000000000000000e+02 2.475670454053049809e+02
5.230000000000000000e+02 -1.655156290886770876e+02
5.240000000000000000e+02 1.239419283113276293e+02
5.250000000000000000e+02 1.815223989209013098e+02
5.260000000000000000e+02 2.352067431455395194e+02
5.270000000000000000e+02 2.392281266371981872e+02
5.280000000000000000e+02 2.714516395514963278e+02
5.290000000000000000e+02 2.062833208892965899e+02
5.300000000000000000e+02 2.431665635623713513e+02
5.310000000000000000e+02 2.287009955981272071e+02
5.320000000000000000e+02 4.393669581080433773e+01
5.330000000000000000e+02 2.755445587260841194e+02
5.340000000000000000e+02 2.342494792337342062e+02
5.350000000000000000e+02 1.631807775534455516e+02
5.360000000000000000e+02 2.387628101571255002e+02
5.370000000000000000e+02 -8.052882872182853191e+01
5.380000000000000000e+02 2.203589308819616122e+02
5.390000000000000000e+02 -3.087055165788418094e+02
5.400000000000000000e+02 2.589711001787509304e+02
5.410000000000000000e+02 2.317749305655136425e+02
5.420000000000000000e+02 1.911954646415040031e+02
5.430000000000000000e+02 2.382687524823686260e+02
5.440000000000000000e+02 -2.868878264777175673e+02
5.450000000000000000e+02 2.201317049111021618e+02
5.460000000000000000e+02 2.401877553575608601e+02
5.470000000000000000e+02 2.130071603197685022e+02
5.480000000000000000e+02 2.758069008601867722e+02
5.490000000000000000e+02 2.486020305457327879e+02
5.500000000000000000e+02 2.714334557638960632e+02
5.510000000000000000e+02 2.623117960641810669e+02
5.520000000000000000e+02 1.939597596384036251e+02
5.530000000000000000e+02 1.347346918803930294e+02
5.540000000000000000e+02 1.067557028849394811e+02
5.550000000000000000e+02 2.013314096939662363e+02
5.560000000000000000e+02 2.708001885821236101e+02
5.570000000000000000e+02 2.629704686960359368e+02
5.580000000000000000e+02 2.450301933557992413e+02
5.590000000000000000e+02 2.824942970226350099e+02
5.600000000000000000e+02 2.383681161645595239e+02
5.610000000000000000e+02 2.163151544016262449e+02
5.620000000000000000e+02 2.721002517793257311e+02
5.630000000000000000e+02 2.732861653200840237e+02
5.640000000000000000e+02 2.734131084375820819e+02
5.650000000000000000e+02 2.589774751933939569e+02
5.660000000000000000e+02 1.644228942498247079e+02
5.670000000000000000e+02 2.394788465924112586e+02
5.680000000000000000e+02 2.509684311034382631e+02
5.690000000000000000e+02 2.721526019141441566e+02
5.700000000000000000e+02 2.513231489120828996e+02
5.710000000000000000e+02 2.057865885226687794e+02
5.720000000000000000e+02 2.804238400415743513e+02
5.730000000000000000e+02 2.645466746038497945e+02
5.740000000000000000e+02 -1.271024059863137623e+01
5.750000000000000000e+02 2.747301310872474573e+02
5.760000000000000000e+02 2.464874808648995668e+02
5.770000000000000000e+02 2.126129645963450798e+02
5.780000000000000000e+02 2.942012898605873374e+02
5.790000000000000000e+02 -1.049404308230727167e+01
5.800000000000000000e+02 2.603061749895157959e+02
5.810000000000000000e+02 2.894257517395066088e+02
5.820000000000000000e+02 2.565171586021458552e+02
5.830000000000000000e+02 2.905614847254296933e+02
5.840000000000000000e+02 2.571051982002074396e+02
5.850000000000000000e+02 2.563312056696471473e+02
5.860000000000000000e+02 9.650744130997975390e+01
5.870000000000000000e+02 2.394883801311357274e+02
5.880000000000000000e+02 2.803306129658002419e+02
5.890000000000000000e+02 2.505470961408151425e+02
5.900000000000000000e+02 2.717833418200673918e+02
5.910000000000000000e+02 2.791112192376949679e+02
5.920000000000000000e+02 2.556622910838547114e+02
5.930000000000000000e+02 2.669100158711993345e+02
5.940000000000000000e+02 3.066517515194984753e+02
5.950000000000000000e+02 2.334277457172105983e+02
5.960000000000000000e+02 2.327445387078203112e+02
5.970000000000000000e+02 -4.924042330843334980e+01
5.980000000000000000e+02 2.626274243935160939e+02
5.990000000000000000e+02 2.645438893510226990e+02
6.000000000000000000e+02 2.721498935893599764e+02
6.010000000000000000e+02 2.588348720503365712e+02
6.020000000000000000e+02 2.466768323513464054e+02
6.030000000000000000e+02 2.370800995473837816e+02
6.040000000000000000e+02 2.833770215258283542e+02
6.050000000000000000e+02 2.877185463186437460e+02
6.060000000000000000e+02 2.249495319484038305e+02
6.070000000000000000e+02 2.352254234559667623e+02
6.080000000000000000e+02 2.863527726888455618e+02
6.090000000000000000e+02 2.498294483988132129e+02
6.100000000000000000e+02 2.408584632676812305e+02
6.110000000000000000e+02 2.462061636093529842e+02
6.120000000000000000e+02 2.433502292265568769e+02
6.130000000000000000e+02 2.192463635854306290e+02
6.140000000000000000e+02 2.790797418117194866e+02
6.150000000000000000e+02 2.353744780359114941e+02
6.160000000000000000e+02 2.874830248907804275e+02
6.170000000000000000e+02 2.618726933412547737e+02
6.180000000000000000e+02 2.591785307849158357e+02
6.190000000000000000e+02 2.995276257203152568e+02
6.200000000000000000e+02 2.361426928583232439e+02
6.210000000000000000e+02 2.428671025095268874e+02
6.220000000000000000e+02 2.197163213450567127e+02
6.230000000000000000e+02 2.724306652317803241e+02
6.240000000000000000e+02 2.535092395005545711e+02
6.250000000000000000e+02 2.268286226943583017e+01
6.260000000000000000e+02 2.771565943428131504e+02
6.270000000000000000e+02 2.815807974519501613e+02
6.280000000000000000e+02 2.175001729459409034e+02
6.290000000000000000e+02 2.763862997019978138e+02
6.300000000000000000e+02 1.267243270356953389e+02
6.310000000000000000e+02 2.627951888538253797e+02
6.320000000000000000e+02 2.643090788514394944e+02
6.330000000000000000e+02 2.888178540736437299e+02
6.340000000000000000e+02 2.431020508506057922e+02
6.350000000000000000e+02 2.597831083166063308e+02
6.360000000000000000e+02 2.689353633166558666e+02
6.370000000000000000e+02 2.640590036424938489e+02
6.380000000000000000e+02 2.342555384159099958e+02
6.390000000000000000e+02 2.516555043101546971e+02
6.400000000000000000e+02 2.145791610021470319e+02
6.410000000000000000e+02 -1.713283297199717481e+01
6.420000000000000000e+02 1.100238322493642151e+01
6.430000000000000000e+02 2.755671818940706999e+02
6.440000000000000000e+02 2.395904623085677656e+02
6.450000000000000000e+02 2.584630840603845172e+02
6.460000000000000000e+02 2.587396343165066810e+02
6.470000000000000000e+02 2.982336830801199881e+02
6.480000000000000000e+02 4.716433099570380705e+00
6.490000000000000000e+02 -7.602421798216106197e+01
6.500000000000000000e+02 -5.229530360529352606e+01
6.510000000000000000e+02 2.214027302748763475e+02
6.520000000000000000e+02 2.198099958188673213e+02
6.530000000000000000e+02 2.498116652703391196e+02
6.540000000000000000e+02 2.668291205895067719e+01
6.550000000000000000e+02 2.277347425204969227e+02
6.560000000000000000e+02 4.939475633077592853e+00
6.570000000000000000e+02 2.499832169448164052e+02
6.580000000000000000e+02 4.461854285844241730e+01
6.590000000000000000e+02 2.058100908516306333e+02
6.600000000000000000e+02 2.343296565867662196e+02
6.610000000000000000e+02 2.705714561177401265e+02
6.620000000000000000e+02 2.454891569654427315e+02
6.630000000000000000e+02 2.560407010306784628e+02
6.640000000000000000e+02 2.541236396928366901e+02
6.650000000000000000e+02 2.637604478310155969e+02
6.660000000000000000e+02 -9.165590340839501948e+01
6.670000000000000000e+02 2.841287576691335062e+02
6.680000000000000000e+02 2.717607413280757669e+02
6.690000000000000000e+02 2.550053019147221391e+02
6.700000000000000000e+02 2.573408397204871676e+02
6.710000000000000000e+02 2.551281936507858461e+02
6.720000000000000000e+02 2.060462081647373225e+02
6.730000000000000000e+02 2.736580752002139434e+02
6.740000000000000000e+02 2.721083787365390094e+02
6.750000000000000000e+02 2.706947643516304538e+02
6.760000000000000000e+02 9.217365543547376205e+01
6.770000000000000000e+02 2.631114029427212699e+02
6.780000000000000000e+02 2.534561791809645968e+02
6.790000000000000000e+02 2.580194760957089670e+02
6.800000000000000000e+02 2.295416202448941192e+02
6.810000000000000000e+02 2.794723962506883481e+02
6.820000000000000000e+02 2.153252527234871536e+02
6.830000000000000000e+02 2.426210327387415191e+02
6.840000000000000000e+02 -3.282913227791463839e+01
6.850000000000000000e+02 2.493616190218883446e+02
6.860000000000000000e+02 2.395527392649770491e+02
6.870000000000000000e+02 -2.494555539328189298e-01
6.880000000000000000e+02 2.666449674115689277e+02
6.890000000000000000e+02 2.412305004235681452e+02
6.900000000000000000e+02 2.820248430213661663e+02
6.910000000000000000e+02 2.459552905779871708e+02
6.920000000000000000e+02 2.304750395662487961e+02
6.930000000000000000e+02 -6.150240104695038568e+00
6.940000000000000000e+02 -7.553917753331037943e+01
6.950000000000000000e+02 2.507785460570993905e+02
6.960000000000000000e+02 2.461382951908537677e+02
6.970000000000000000e+02 2.492178101705949871e+02
6.980000000000000000e+02 2.665324470185993846e+02
6.990000000000000000e+02 2.419163393000210647e+02
7.000000000000000000e+02 2.772504568090679982e+02
7.010000000000000000e+02 2.686305969119241581e+02
7.020000000000000000e+02 2.675608588763869875e+02
7.030000000000000000e+02 2.500857357759621493e+02
7.040000000000000000e+02 -2.465717105742961479e+01
7.050000000000000000e+02 2.390376558902490842e+02
7.060000000000000000e+02 2.640764165618401194e+02
7.070000000000000000e+02 5.094855083823991038e+01
7.080000000000000000e+02 2.708195766044689208e+02
7.090000000000000000e+02 1.646647137619396801e+02
7.100000000000000000e+02 2.972189192298517924e+02
7.110000000000000000e+02 1.990136598060273343e+01
7.120000000000000000e+02 2.207716978295881916e+02
7.130000000000000000e+02 2.054806259748679906e+02
7.140000000000000000e+02 2.284424157993254312e+02
7.150000000000000000e+02 2.887441158499067910e+02
7.160000000000000000e+02 2.270934984165566846e+02
7.170000000000000000e+02 2.923396186820826870e+02
7.180000000000000000e+02 2.015583710905369799e+02
7.190000000000000000e+02 8.919399165581596378e+01
7.200000000000000000e+02 2.652605812337556586e+02
7.210000000000000000e+02 1.677251737153112572e+02
7.220000000000000000e+02 2.435237194182308258e+02
7.230000000000000000e+02 2.492761267115396890e+02
7.240000000000000000e+02 2.254343090754457535e+02
7.250000000000000000e+02 2.089198710989057588e+02
7.260000000000000000e+02 2.937839942496068488e+02
7.270000000000000000e+02 9.066821485294740057e+01
7.280000000000000000e+02 3.050852255163949849e+02
7.290000000000000000e+02 2.158212959014466321e+02
7.300000000000000000e+02 2.656457202596226921e+02
7.310000000000000000e+02 2.472663112967497625e+02
7.320000000000000000e+02 2.394994990602975236e+02
7.330000000000000000e+02 7.044149757858046712e+01
7.340000000000000000e+02 1.721552386013654825e+02
7.350000000000000000e+02 2.550249400129708306e+02
7.360000000000000000e+02 2.194239483443295455e+02
7.370000000000000000e+02 3.002786497329086615e+02
7.380000000000000000e+02 2.850106246309917424e+02
7.390000000000000000e+02 2.351788088816671234e+02
7.400000000000000000e+02 2.102450806031107504e+02
7.410000000000000000e+02 1.554043085566405580e+01
7.420000000000000000e+02 2.549564961579047804e+02
7.430000000000000000e+02 2.606926985298572390e+02
7.440000000000000000e+02 1.159611035287776701e+02
7.450000000000000000e+02 1.920152784752716286e+02
7.460000000000000000e+02 2.948956477203006443e+02
7.470000000000000000e+02 2.505796635599834019e+02
7.480000000000000000e+02 3.025219788587577341e+01
7.490000000000000000e+02 2.491104713511127500e+02
7.500000000000000000e+02 2.208007246022226013e+02
7.510000000000000000e+02 2.809623185198773854e+02
7.520000000000000000e+02 2.409693945379306967e+02
7.530000000000000000e+02 2.453660644790138008e+02
7.540000000000000000e+02 2.446886967564626332e+02
7.550000000000000000e+02 1.514991868849688217e+02
7.560000000000000000e+02 2.559622933537200424e+02
7.570000000000000000e+02 2.469446299701347698e+02
7.580000000000000000e+02 2.828508411944850423e+02
7.590000000000000000e+02 2.583591412629485617e+01
7.600000000000000000e+02 1.428990508084115163e+02
7.610000000000000000e+02 2.577592127470873606e+02
7.620000000000000000e+02 2.474037640308455082e+02
7.630000000000000000e+02 2.526233043241350913e+02
7.640000000000000000e+02 2.765975137584107415e+02
7.650000000000000000e+02 2.230785174866501848e+02
7.660000000000000000e+02 2.781614582544508494e+02
7.670000000000000000e+02 2.546353119955806505e+02
7.680000000000000000e+02 3.093867042862954690e+02
7.690000000000000000e+02 2.965520661341893174e+02
7.700000000000000000e+02 2.518116286285364822e+02
7.710000000000000000e+02 2.721916157346524869e+02
7.720000000000000000e+02 2.679670617420778171e+02
7.730000000000000000e+02 2.146131161851277227e+02
7.740000000000000000e+02 2.727080493207145651e+02
7.750000000000000000e+02 2.285020253090585811e+02
7.760000000000000000e+02 2.970944572389736322e+02
7.770000000000000000e+02 1.360121558172009202e+02
7.780000000000000000e+02 2.364010808775861392e+02
7.790000000000000000e+02 2.135396975124656933e+02
7.800000000000000000e+02 2.002959612175021675e+02
7.810000000000000000e+02 2.899432833779834482e+02
7.820000000000000000e+02 8.592206935738937545e+01
7.830000000000000000e+02 3.058107508020950149e+01
7.840000000000000000e+02 2.595581353118503785e+02
7.850000000000000000e+02 2.993253730359061819e+02
7.860000000000000000e+02 2.776471996200048125e+02
7.870000000000000000e+02 2.605538019472779752e+02
7.880000000000000000e+02 2.562600392711482868e+02
7.890000000000000000e+02 2.397371335525659504e+02
7.900000000000000000e+02 1.348480825254925151e+02
7.910000000000000000e+02 2.694637155463589693e+02
7.920000000000000000e+02 2.249599718965943680e+02
7.930000000000000000e+02 2.228678116672023748e+02
7.940000000000000000e+02 2.562188451904564772e+02
7.950000000000000000e+02 2.579698075638030446e+02
7.960000000000000000e+02 2.811676840680364649e+02
7.970000000000000000e+02 2.776663753893602120e+02
7.980000000000000000e+02 2.853450064510951734e+02
7.990000000000000000e+02 2.962668150945964953e+02
8.000000000000000000e+02 2.666394898002385503e+02
8.010000000000000000e+02 2.996579956464504448e+02
8.020000000000000000e+02 2.562561658669627604e+02
8.030000000000000000e+02 2.538675164582950288e+02
8.040000000000000000e+02 2.399170579089536091e+02
8.050000000000000000e+02 2.574182835019799995e+02
8.060000000000000000e+02 3.009098578703759586e+02
8.070000000000000000e+02 2.806690337525569703e+02
8.080000000000000000e+02 2.672092691390436130e+02
8.090000000000000000e+02 2.754598596990924761e+02
8.100000000000000000e+02 2.427535797533901416e+02
8.110000000000000000e+02 2.546803609293056923e+02
8.120000000000000000e+02 2.782644004191888598e+02
8.130000000000000000e+02 -1.804142607787919701e+02
8.140000000000000000e+02 2.496069392618836673e+02
8.150000000000000000e+02 2.475156352977894016e+02
8.160000000000000000e+02 2.259695031040430990e+02
8.170000000000000000e+02 -8.941558856196647298e+01
8.180000000000000000e+02 2.639195266167569116e+02
8.190000000000000000e+02 2.645516440174881154e+02
8.200000000000000000e+02 2.531670736119727110e+02
8.210000000000000000e+02 2.459212781714094547e+02
8.220000000000000000e+02 2.685226493659462221e+02
8.230000000000000000e+02 2.485694817324454675e+02
8.240000000000000000e+02 2.591333232004159299e+02
8.250000000000000000e+02 2.773468340546885429e+02
8.260000000000000000e+02 1.029477483051432216e+02
8.270000000000000000e+02 2.887335200180219772e+02
8.280000000000000000e+02 2.395283517003724114e+02
8.290000000000000000e+02 2.411356659313885018e+02
8.300000000000000000e+02 5.773761031520135134e+01
8.310000000000000000e+02 2.671526963456507247e+02
8.320000000000000000e+02 2.233030339165731846e+02
8.330000000000000000e+02 2.069631676670927050e+02
8.340000000000000000e+02 1.437923935642211575e+02
8.350000000000000000e+02 2.380079307538206876e+02
8.360000000000000000e+02 2.787190702846080512e+02
8.370000000000000000e+02 2.374151206395169993e+02
8.380000000000000000e+02 2.021984523331844343e+02
8.390000000000000000e+02 2.234850512127774778e+02
8.400000000000000000e+02 2.553250363382090029e+02
8.410000000000000000e+02 2.644019242617899295e+02
8.420000000000000000e+02 2.739217554609701324e+02
8.430000000000000000e+02 2.539573294274048862e+02
8.440000000000000000e+02 -3.923886826948289013e+02
8.450000000000000000e+02 2.347926901971193274e+02
8.460000000000000000e+02 2.436330177870933653e+02
8.470000000000000000e+02 2.400458843179085591e+02
8.480000000000000000e+02 2.295938665837529982e+02
8.490000000000000000e+02 -4.914139230332575892e+01
8.500000000000000000e+02 2.591309335819771604e+02
8.510000000000000000e+02 2.683575741085118693e+02
8.520000000000000000e+02 1.031836770287231531e+02
8.530000000000000000e+02 3.376833526836795940e+00
8.540000000000000000e+02 2.303182760606146076e+02
8.550000000000000000e+02 2.441685674147540510e+02
8.560000000000000000e+02 2.962457782546325120e+02
8.570000000000000000e+02 2.581603509504956264e+02
8.580000000000000000e+02 2.569206212943960850e+02
8.590000000000000000e+02 1.376195521732255145e+01
8.600000000000000000e+02 2.908308715812621585e+02
8.610000000000000000e+02 4.963805651965267884e+01
8.620000000000000000e+02 2.367239833171249757e+02
8.630000000000000000e+02 -2.886707271160346409e+02
8.640000000000000000e+02 2.734324797452565008e+02
8.650000000000000000e+02 -7.525263467154050545e+01
8.660000000000000000e+02 2.229937382597343571e+02
8.670000000000000000e+02 -5.110087975858591136e+01
8.680000000000000000e+02 2.655341790836467339e+02
8.690000000000000000e+02 2.200707466669792893e+02
8.700000000000000000e+02 2.635753279759264274e+02
8.710000000000000000e+02 -1.758741656120663208e+02
8.720000000000000000e+02 6.612059943572597831e+01
8.730000000000000000e+02 7.604598154948092770e+00
8.740000000000000000e+02 2.232442246257236889e+02
8.750000000000000000e+02 2.230324384213820963e+02
8.760000000000000000e+02 2.424694907961924741e+02
8.770000000000000000e+02 1.973928274580185871e+02
8.780000000000000000e+02 2.804292613997822627e+02
8.790000000000000000e+02 2.395081523688693892e+02
8.800000000000000000e+02 2.691755877615028112e+02
8.810000000000000000e+02 2.348143752986826200e+02
8.820000000000000000e+02 2.721885232805432793e+02
8.830000000000000000e+02 2.262079807884367142e+02
8.840000000000000000e+02 2.576950461598573838e+02
8.850000000000000000e+02 2.299070347325236412e+02
8.860000000000000000e+02 3.001652301153660574e+02
8.870000000000000000e+02 1.861382580408206593e+02
8.880000000000000000e+02 2.388132188939076457e+02
8.890000000000000000e+02 7.688428178536358359e+01
8.900000000000000000e+02 2.088387440036522662e+02
8.910000000000000000e+02 2.487815606808848372e+02
8.920000000000000000e+02 2.776317571791345244e+02
8.930000000000000000e+02 -7.868848980455491926e+01
8.940000000000000000e+02 -1.547939115192095585e+02
8.950000000000000000e+02 6.118540570148431357e+01
8.960000000000000000e+02 2.476100569923649743e+02
8.970000000000000000e+02 2.413307673571013936e+02
8.980000000000000000e+02 1.794766421466392217e+02
8.990000000000000000e+02 -2.745530174264610537e+02
9.000000000000000000e+02 1.268432965022735459e+02
9.010000000000000000e+02 2.407871988384352733e+02
9.020000000000000000e+02 2.548057898219511230e+02
9.030000000000000000e+02 2.278286797842738736e+02
9.040000000000000000e+02 2.547865230056154076e+02
9.050000000000000000e+02 2.501412475141970617e+02
9.060000000000000000e+02 2.214164411000003554e+02
9.070000000000000000e+02 -3.064811039649114477e+01
9.080000000000000000e+02 1.423559516582434412e+02
9.090000000000000000e+02 -1.792299777673922279e+02
9.100000000000000000e+02 -2.337579672925649277e+02
9.110000000000000000e+02 -6.947080460592296447e+01
9.120000000000000000e+02 2.303373010593654442e+02
9.130000000000000000e+02 6.345265979989000016e+01
9.140000000000000000e+02 1.553107290289993045e+02
9.150000000000000000e+02 -2.775195723230867770e+02
9.160000000000000000e+02 2.577390008452188113e+02
9.170000000000000000e+02 -2.000828775327215681e+02
9.180000000000000000e+02 -1.349014747508286121e+02
9.190000000000000000e+02 2.599191862155845456e+02
9.200000000000000000e+02 -1.678314727807032796e+02
9.210000000000000000e+02 1.997325654988038934e+02
9.220000000000000000e+02 2.190808958850955150e+02
9.230000000000000000e+02 2.849547525623881938e+01
9.240000000000000000e+02 2.603040100073150143e+02
9.250000000000000000e+02 -2.471982148654804519e+02
9.260000000000000000e+02 2.363117034241449232e+02
9.270000000000000000e+02 2.627422621800551497e+02
9.280000000000000000e+02 2.516625607125049555e+02
9.290000000000000000e+02 2.143978676116472855e+02
9.300000000000000000e+02 -4.678388825807913918e+02
9.310000000000000000e+02 1.276290603109681285e+02
9.320000000000000000e+02 2.658485224141421668e+02
9.330000000000000000e+02 -1.470889741847963137e+02
9.340000000000000000e+02 -1.873216602218888625e+02
9.350000000000000000e+02 -2.998592193518111344e+02
9.360000000000000000e+02 1.799564069513126014e+02
9.370000000000000000e+02 1.732359184382202102e+02
9.380000000000000000e+02 2.630186231785074824e+02
9.390000000000000000e+02 -3.955388337732849777e+02
9.400000000000000000e+02 2.016069744070757963e+02
9.410000000000000000e+02 -2.937418534547011859e+02
9.420000000000000000e+02 2.156777587540310037e+02
9.430000000000000000e+02 -2.262501459987530836e+02
9.440000000000000000e+02 2.095762748365447692e+02
9.450000000000000000e+02 -1.093189739156794076e+02
9.460000000000000000e+02 -2.569294832634291197e+02
9.470000000000000000e+02 2.349145500972204559e+02
9.480000000000000000e+02 2.639768722363692177e+02
9.490000000000000000e+02 2.716582429096208671e+02
9.500000000000000000e+02 2.338508031607103419e+02
9.510000000000000000e+02 2.368121975275369095e+02
9.520000000000000000e+02 2.318667677112067906e+02
9.530000000000000000e+02 -2.924469300151032485e+02
9.540000000000000000e+02 2.473058352055833211e+02
9.550000000000000000e+02 2.553724686588283248e+02
9.560000000000000000e+02 1.854110017717793824e+02
9.570000000000000000e+02 2.495945954063600709e+02
9.580000000000000000e+02 2.667625488238642220e+02
9.590000000000000000e+02 9.502767916636283019e+01
9.600000000000000000e+02 1.944510104422626000e+02
9.610000000000000000e+02 2.706565079768956821e+02
9.620000000000000000e+02 -2.785840062591147444e+02
9.630000000000000000e+02 -1.934329323809500636e+02
9.640000000000000000e+02 2.309103509329980852e+02
9.650000000000000000e+02 1.833609143941015134e+02
9.660000000000000000e+02 2.367246303441606301e+02
9.670000000000000000e+02 2.625913745723769352e+02
9.680000000000000000e+02 2.339590038339646014e+02
9.690000000000000000e+02 2.964242273536846142e+02
9.700000000000000000e+02 2.356232487036699581e+02
9.710000000000000000e+02 2.696242981314788949e+02
9.720000000000000000e+02 2.432911858773360336e+02
9.730000000000000000e+02 2.800158188697867558e+02
9.740000000000000000e+02 2.439132227846036187e+02
9.750000000000000000e+02 2.838287032899295923e+02
9.760000000000000000e+02 2.842741125036969834e+02
9.770000000000000000e+02 2.488489276263980514e+02
9.780000000000000000e+02 2.612775197519009680e+02
9.790000000000000000e+02 2.577192135781754700e+02
9.800000000000000000e+02 2.959382503578253250e+02
9.810000000000000000e+02 2.895133155822213666e+02
9.820000000000000000e+02 2.342459567071350648e+02
9.830000000000000000e+02 2.489103533027735011e+02
9.840000000000000000e+02 2.538009554710201598e+02
9.850000000000000000e+02 2.543534250683171649e+02
9.860000000000000000e+02 2.647798615387459904e+02
9.870000000000000000e+02 2.653819726987372292e+02
9.880000000000000000e+02 2.630229354015991134e+02
9.890000000000000000e+02 2.873477092357779838e+02
9.900000000000000000e+02 3.022583424901703211e+02
9.910000000000000000e+02 1.822816651985283087e+01
9.920000000000000000e+02 2.755301900004068330e+02
9.930000000000000000e+02 2.839954886809211985e+02
9.940000000000000000e+02 2.852092218644445438e+02
9.950000000000000000e+02 3.039540269862757214e+02
9.960000000000000000e+02 2.443380636942910087e+02
9.970000000000000000e+02 2.610318822453156145e+02
9.980000000000000000e+02 2.534624227126415974e+02
9.990000000000000000e+02 2.614884682577069270e+02
