0.000000000000000000e+00 -9.929818598597705659e+00
1.000000000000000000e+00 -3.615634953175211876e+02
2.000000000000000000e+00 -3.611782260605526176e+02
3.000000000000000000e+00 -2.971017536975260782e+02
4.000000000000000000e+00 -2.681513827693788699e+02
5.000000000000000000e+00 -1.092610537437901570e+02
6.000000000000000000e+00 -5.164265774547556020e+02
7.000000000000000000e+00 -2.152658874338952444e+01
8.000000000000000000e+00 -4.972500008670400007e+02
9.000000000000000000e+00 -4.831267114317840878e+02
1.000000000000000000e+01 -1.412365626010687265e+02
1.100000000000000000e+01 -3.804996545148039218e+02
1.200000000000000000e+01 -3.294025674517986886e+02
1.300000000000000000e+01 -1.348494462843989368e+02
1.400000000000000000e+01 -4.265054621944061068e+02
1.500000000000000000e+01 -2.856477189075661727e+02
1.600000000000000000e+01 -3.172209412372142197e+02
1.700000000000000000e+01 -5.708372119985921245e+02
1.800000000000000000e+01 -2.754796999129289361e+02
1.900000000000000000e+01 -2.801172883588655509e+02
2.000000000000000000e+01 -2.656604222315374955e+02
2.100000000000000000e+01 -3.767232523360925143e+02
2.200000000000000000e+01 -3.844947219971077743e+02
2.300000000000000000e+01 -3.772283276370000635e+02
2.400000000000000000e+01 -1.933575854181484885e+02
2.500000000000000000e+01 -3.232676977437464529e+02
2.600000000000000000e+01 -5.365675403468794684e+02
2.700000000000000000e+01 -3.841333289123573991e+02
2.800000000000000000e+01 -2.576873918683171496e+02
2.900000000000000000e+01 -2.742010616092678674e+02
3.000000000000000000e+01 -1.146077167168126607e+02
3.100000000000000000e+01 -3.535917347644348183e+02
3.200000000000000000e+01 -3.771428378714167593e+02
3.300000000000000000e+01 -8.979879000727265748e+00
3.400000000000000000e+01 -1.083399271298278137e+02
3.500000000000000000e+01 -1.727108486754462433e+02
3.600000000000000000e+01 -2.310301791730386185e+02
3.700000000000000000e+01 -3.282176360403926765e+02
3.800000000000000000e+01 -5.079977730523727928e+02
3.900000000000000000e+01 -6.073055187097550061e+02
4.000000000000000000e+01 -3.397614613696580363e+02
4.100000000000000000e+01 -3.495402606310856299e+02
4.200000000000000000e+01 -2.781844284643950118e+02
4.300000000000000000e+01 -5.999409863406808654e+02
4.400000000000000000e+01 -2.692559174365090939e+02
4.500000000000000000e+01 -5.320809816133599952e+02
4.600000000000000000e+01 -2.287946548249769023e+02
4.700000000000000000e+01 -2.628166132880462555e+02
4.800000000000000000e+01 -4.405798498373482630e+01
4.900000000000000000e+01 -1.238707856805819176e+02
5.000000000000000000e+01 -2.523162169420817520e+02
5.100000000000000000e+01 -3.660157927047503676e+02
5.200000000000000000e+01 -1.822544324669226796e+02
5.300000000000000000e+01 -3.476231668253097951e+02
5.400000000000000000e+01 -1.467444077537363398e+02
5.500000000000000000e+01 -2.942440986116164936e+02
5.600000000000000000e+01 -2.856123540933932645e+02
5.700000000000000000e+01 -1.892488562700544890e+02
5.800000000000000000e+01 -5.954335218051357970e+01
5.900000000000000000e+01 -3.116049196180057379e+02
6.000000000000000000e+01 -4.565769215101603322e+02
6.100000000000000000e+01 -2.716390110258557229e+02
6.200000000000000000e+01 -1.430244010015786387e+02
6.300000000000000000e+01 -5.083728984694299697e+02
6.400000000000000000e+01 -5.549043026412618929e+01
6.500000000000000000e+01 -4.872376790359564893e+02
6.600000000000000000e+01 -2.841624345040592061e+02
6.700000000000000000e+01 -3.750825932503825300e+01
6.800000000000000000e+01 -4.790123201425685124e+02
6.900000000000000000e+01 -3.020522635570223429e+02
7.000000000000000000e+01 -3.975665484395303793e+02
7.100000000000000000e+01 -1.171331821049992072e+01
7.200000000000000000e+01 -5.238888239813665848e+01
7.300000000000000000e+01 -5.170528136202126461e+02
7.400000000000000000e+01 -2.869430329663706516e+02
7.500000000000000000e+01 -2.300945121301151630e+02
7.600000000000000000e+01 -2.359257848574431193e+01
7.700000000000000000e+01 -2.508498094813842272e+02
7.800000000000000000e+01 -1.795844682555749614e+02
7.900000000000000000e+01 -3.006667621513291522e+01
8.000000000000000000e+01 -3.834060945947277901e+02
8.100000000000000000e+01 -2.789858686069450187e+02
8.200000000000000000e+01 -2.442406913877910029e+02
8.300000000000000000e+01 -1.164153460760504259e+02
8.400000000000000000e+01 1.522842097534508810e+01
8.500000000000000000e+01 -6.913560221343655599e+01
8.600000000000000000e+01 -5.153608188130176586e+02
8.700000000000000000e+01 -6.130966653892014051e+01
8.800000000000000000e+01 -8.068929896775350130e+01
8.900000000000000000e+01 -4.463629157981469007e+02
9.000000000000000000e+01 -2.126721143407678483e+01
9.100000000000000000e+01 -1.808120015245823993e+02
9.200000000000000000e+01 -2.379548043692121553e+02
9.300000000000000000e+01 -2.630379792492178694e+02
9.400000000000000000e+01 -1.522182500409998340e+02
9.500000000000000000e+01 -2.230155861058871096e+02
9.600000000000000000e+01 -2.226545503964716204e+02
9.700000000000000000e+01 -3.234895854336718912e+02
9.800000000000000000e+01 -2.594549092245466682e+02
9.900000000000000000e+01 -1.273474939416998382e+02
1.000000000000000000e+02 -1.731134889663885303e+02
1.010000000000000000e+02 -2.968130938638465466e+01
1.020000000000000000e+02 -2.361114269266550139e+02
1.030000000000000000e+02 -1.505245740985378120e+02
1.040000000000000000e+02 -1.626909596833357625e+02
1.050000000000000000e+02 -2.154579173903478591e+02
1.060000000000000000e+02 -2.028238466847492418e+02
1.070000000000000000e+02 -3.659885875143972953e+02
1.080000000000000000e+02 -3.624852133113910213e+02
1.090000000000000000e+02 -7.386179368253328903e+01
1.100000000000000000e+02 -8.424721371533757974e+01
1.110000000000000000e+02 -1.322793530303245575e+02
1.120000000000000000e+02 -4.316036377560346864e+02
1.130000000000000000e+02 -3.646329925329698085e+02
1.140000000000000000e+02 -1.701264398160545852e+02
1.150000000000000000e+02 -9.144715790255214927e+01
1.160000000000000000e+02 -5.072490423523615277e+02
1.170000000000000000e+02 -2.868763003448979134e+02
1.180000000000000000e+02 -3.573082949595209357e+01
1.190000000000000000e+02 -2.468390120610314398e+02
1.200000000000000000e+02 -1.999228416650307167e+02
1.210000000000000000e+02 -8.757705239053254331e+01
1.220000000000000000e+02 -8.494752849520193649e+01
1.230000000000000000e+02 -1.529502315128220005e+02
1.240000000000000000e+02 -1.793183111474291422e+02
1.250000000000000000e+02 -1.274806118261172259e+02
1.260000000000000000e+02 -7.360385278772601225e+01
1.270000000000000000e+02 -8.909875176321850176e+01
1.280000000000000000e+02 -2.430538652747415540e+01
1.290000000000000000e+02 -8.388879904191151127e+01
1.300000000000000000e+02 -8.678292768521566813e+01
1.310000000000000000e+02 -1.360925118505521709e+02
1.320000000000000000e+02 -3.047294513012715242e+02
1.330000000000000000e+02 -4.693766127350938433e+01
1.340000000000000000e+02 -4.874423512141804338e+01
1.350000000000000000e+02 -2.987054249162362112e+02
1.360000000000000000e+02 -3.510409191608800370e+02
1.370000000000000000e+02 -5.504106791839515012e+01
1.380000000000000000e+02 -2.593048665671873323e+02
1.390000000000000000e+02 -4.030675549207959989e+02
1.400000000000000000e+02 -7.740378167352369587e+01
1.410000000000000000e+02 -8.479304446223603975e+01
1.420000000000000000e+02 -1.809174438909705600e+02
1.430000000000000000e+02 -9.636213865854196570e+01
1.440000000000000000e+02 -6.938385395828420599e+01
1.450000000000000000e+02 -2.284393770096545495e+01
1.460000000000000000e+02 -4.383347204422234000e+01
1.470000000000000000e+02 -5.685848151933480210e+01
1.480000000000000000e+02 -7.036278812138668570e+01
1.490000000000000000e+02 -2.224670423831031485e+02
1.500000000000000000e+02 -2.310376966643621444e+01
1.510000000000000000e+02 -3.811157477419823891e+01
1.520000000000000000e+02 -4.882413086039652939e+01
1.530000000000000000e+02 -7.886632162888317055e+01
1.540000000000000000e+02 -2.816945252723752446e+01
1.550000000000000000e+02 -5.154233539979380652e+01
1.560000000000000000e+02 -2.247125581191127708e+00
1.570000000000000000e+02 -4.709624458225071919e+01
1.580000000000000000e+02 -3.812830363031842751e+01
1.590000000000000000e+02 -3.780641232908406835e+01
1.600000000000000000e+02 -3.829637096022254639e+01
1.610000000000000000e+02 -4.597704095246403710e+01
1.620000000000000000e+02 -2.245794454569034571e+01
1.630000000000000000e+02 -3.990477278809956374e+01
1.640000000000000000e+02 -5.375938420913148263e+01
1.650000000000000000e+02 -3.219093686837978652e+01
1.660000000000000000e+02 -1.721842879678359850e+01
1.670000000000000000e+02 -1.209613849855988477e+01
1.680000000000000000e+02 -9.596662559721491448e+01
1.690000000000000000e+02 -8.191514072149149683e+01
1.700000000000000000e+02 -3.642265442951146781e+01
1.710000000000000000e+02 -5.136205447612663733e+01
1.720000000000000000e+02 -2.204285705842850263e+01
1.730000000000000000e+02 -4.794079469905335600e+01
1.740000000000000000e+02 -3.735095820046356607e+01
1.750000000000000000e+02 -7.837859341583123296e+01
1.760000000000000000e+02 -9.300074895223876581e+01
1.770000000000000000e+02 -9.219638319092493361e+01
1.780000000000000000e+02 -1.653513895408312351e+02
1.790000000000000000e+02 -1.205621406645342120e+02
1.800000000000000000e+02 -7.423008775983970509e+01
1.810000000000000000e+02 -5.305647621528122215e+01
1.820000000000000000e+02 -3.831854318824193939e+01
1.830000000000000000e+02 -6.325738980285708379e+01
1.840000000000000000e+02 -1.120061500426553636e+02
1.850000000000000000e+02 -8.398413254827887897e+01
1.860000000000000000e+02 -8.696210196785995095e+01
1.870000000000000000e+02 -1.385741379815800656e+02
1.880000000000000000e+02 -1.479705160612363102e+02
1.890000000000000000e+02 -1.321003012304481103e+02
1.900000000000000000e+02 -8.828971980042756229e+01
1.910000000000000000e+02 -1.180407117879439767e+02
1.920000000000000000e+02 -6.050754722711267419e+01
1.930000000000000000e+02 -1.370880874123614319e+02
1.940000000000000000e+02 -7.099801167367172638e+01
1.950000000000000000e+02 1.184297467059215023e+02
1.960000000000000000e+02 -3.915305911631514846e+01
1.970000000000000000e+02 -2.968052566786573152e+02
1.980000000000000000e+02 -7.227829685058971165e+01
1.990000000000000000e+02 -4.932385470989345322e+01
2.000000000000000000e+02 -3.515273898107956541e+01
2.010000000000000000e+02 -4.526604305685889074e+01
2.020000000000000000e+02 -1.744818434938163421e+01
2.030000000000000000e+02 -1.164307682306871641e+02
2.040000000000000000e+02 -1.859705804637769688e+01
2.050000000000000000e+02 -8.363384776485612804e+01
2.060000000000000000e+02 5.502913692860521166e+01
2.070000000000000000e+02 8.461681243334684410e+00
2.080000000000000000e+02 1.835869828108718593e+01
2.090000000000000000e+02 -3.359857035989840313e+00
2.100000000000000000e+02 -1.261406703005033023e+02
2.110000000000000000e+02 -1.320028276082616969e+02
2.120000000000000000e+02 -2.088906526621814805e+02
2.130000000000000000e+02 -1.612567719022882784e+02
2.140000000000000000e+02 -1.222621404216826448e+02
2.150000000000000000e+02 -1.864708681507499364e+02
2.160000000000000000e+02 -1.891833379372310162e+02
2.170000000000000000e+02 -1.133410955691316957e+02
2.180000000000000000e+02 -1.622320732894180821e+02
2.190000000000000000e+02 -2.277563976200291904e+02
2.200000000000000000e+02 -2.539482533012142085e+02
2.210000000000000000e+02 -1.241563738413446742e+02
2.220000000000000000e+02 -1.820315015598569914e+02
2.230000000000000000e+02 -1.151824921280135925e+02
2.240000000000000000e+02 -7.242546430442995415e+02
2.250000000000000000e+02 -3.819176467200701808e+01
2.260000000000000000e+02 -1.031245810163521526e+02
2.270000000000000000e+02 9.578808470691252808e+01
2.280000000000000000e+02 -1.652575688066131079e+02
2.290000000000000000e+02 -4.059608241732584588e+01
2.300000000000000000e+02 -1.677163822436821192e+02
2.310000000000000000e+02 -9.846700271913866231e+01
2.320000000000000000e+02 -7.604972930768146000e+01
2.330000000000000000e+02 -5.278442844740254714e+01
2.340000000000000000e+02 -7.612369316869367708e+01
2.350000000000000000e+02 -1.111771250462534510e+02
2.360000000000000000e+02 3.492692134660569536e+01
2.370000000000000000e+02 2.867687252988531554e+01
2.380000000000000000e+02 5.978552202904179325e+00
2.390000000000000000e+02 6.315834248536702944e+00
2.400000000000000000e+02 -4.899364676624469439e+02
2.410000000000000000e+02 -9.863813368816176208e+00
2.420000000000000000e+02 -4.051671178162938247e+01
2.430000000000000000e+02 1.116382141586340282e+02
2.440000000000000000e+02 -4.751070890905965172e+01
2.450000000000000000e+02 -1.479686383098393492e+02
2.460000000000000000e+02 -5.126148288865047107e+02
2.470000000000000000e+02 2.770028969060465585e+01
2.480000000000000000e+02 -1.013317128906227538e+02
2.490000000000000000e+02 1.986541853280370162e+01
2.500000000000000000e+02 -6.468606365742940056e+01
2.510000000000000000e+02 -7.067029903778326627e+01
2.520000000000000000e+02 -1.538134576912131024e+02
2.530000000000000000e+02 -1.042674815110668334e+02
2.540000000000000000e+02 -1.472781154289596941e+02
2.550000000000000000e+02 -9.198980510651153963e+01
2.560000000000000000e+02 -3.959719961342417349e+01
2.570000000000000000e+02 -1.474222196328869927e+02
2.580000000000000000e+02 -1.427761737566616489e+02
2.590000000000000000e+02 -4.701740331669621753e+01
2.600000000000000000e+02 -7.921598414860982018e+01
2.610000000000000000e+02 -3.109959201761633452e+01
2.620000000000000000e+02 2.747306282514052356e+01
2.630000000000000000e+02 5.879482838617278162e-02
2.640000000000000000e+02 -1.154631728776315356e+02
2.650000000000000000e+02 -1.165765806761485734e+01
2.660000000000000000e+02 -1.129536631543844205e+00
2.670000000000000000e+02 -5.524889578922977051e+01
2.680000000000000000e+02 -5.643576420133325655e+01
2.690000000000000000e+02 -1.427567508621154957e+02
2.700000000000000000e+02 -2.278923142161974056e+02
2.710000000000000000e+02 2.728562843395146764e+00
2.720000000000000000e+02 -2.540710517809783298e+01
2.730000000000000000e+02 -9.014308593176812323e+00
2.740000000000000000e+02 2.172410927392279518e+02
2.750000000000000000e+02 -1.997977810267721850e+02
2.760000000000000000e+02 -4.551932576391281060e+01
2.770000000000000000e+02 -1.063157963083114481e+02
2.780000000000000000e+02 -6.355527933410469643e+01
2.790000000000000000e+02 -7.250242956064207078e+01
2.800000000000000000e+02 -5.264224874650834352e+01
2.810000000000000000e+02 -9.754666806229046472e+01
2.820000000000000000e+02 2.597485020362503860e+01
2.830000000000000000e+02 -8.200228428219924126e+01
2.840000000000000000e+02 -1.286731294167121575e+01
2.850000000000000000e+02 -9.875384733785082858e+00
2.860000000000000000e+02 -2.782452666750569570e+00
2.870000000000000000e+02 1.687907061377575246e+02
2.880000000000000000e+02 -1.335777154360839347e+02
2.890000000000000000e+02 6.697473875939434329e+00
2.900000000000000000e+02 -9.839334423046929956e+00
2.910000000000000000e+02 1.359360671341980549e+02
2.920000000000000000e+02 2.339145125831744281e+02
2.930000000000000000e+02 -5.487560372955718435e+01
2.940000000000000000e+02 1.944490872181445411e+02
2.950000000000000000e+02 -1.413698539523699367e+02
2.960000000000000000e+02 1.708455817361825666e+02
2.970000000000000000e+02 2.217999023830690248e+02
2.980000000000000000e+02 2.308165522405211618e+02
2.990000000000000000e+02 -1.530061623948244005e+02
3.000000000000000000e+02 2.080571906496494989e+02
3.010000000000000000e+02 -3.082027850853134510e+01
3.020000000000000000e+02 2.345214468537865287e+02
3.030000000000000000e+02 1.169078295624104147e-01
3.040000000000000000e+02 2.794503929629367462e+02
3.050000000000000000e+02 2.667946209476175454e+02
3.060000000000000000e+02 2.608885178119120383e+02
3.070000000000000000e+02 1.991589161295502493e+02
3.080000000000000000e+02 1.487904190136144109e+02
3.090000000000000000e+02 2.305286685445917385e+02
3.100000000000000000e+02 2.698849756049008874e+02
3.110000000000000000e+02 2.399427063216040494e+02
3.120000000000000000e+02 2.032392532136760792e+02
3.130000000000000000e+02 2.237323368023773469e+02
3.140000000000000000e+02 2.400326398703802795e+02
3.150000000000000000e+02 2.559440869491146486e+02
3.160000000000000000e+02 2.626182801307847967e+02
3.170000000000000000e+02 2.315262457167103776e+02
3.180000000000000000e+02 2.221416256363036155e+02
3.190000000000000000e+02 2.076819136543531386e+02
3.200000000000000000e+02 2.382150157378357846e+02
3.210000000000000000e+02 2.417127260054002420e+02
3.220000000000000000e+02 1.475771232645842304e+02
3.230000000000000000e+02 2.606857511339317739e+02
3.240000000000000000e+02 2.506901954389649632e+02
3.250000000000000000e+02 2.380978267823205385e+02
3.260000000000000000e+02 2.409815067875139221e+02
3.270000000000000000e+02 1.875841647710147413e+02
3.280000000000000000e+02 2.591944348712091823e+02
3.290000000000000000e+02 2.662591596355659931e+02
3.300000000000000000e+02 2.653337835670413369e+02
3.310000000000000000e+02 -2.381739177373857501e+02
3.320000000000000000e+02 1.692208857829834585e+02
3.330000000000000000e+02 2.558232925179520976e+02
3.340000000000000000e+02 2.396621133867004971e+02
3.350000000000000000e+02 2.242904303093020246e+02
3.360000000000000000e+02 2.360079217685185426e+02
3.370000000000000000e+02 2.361528664841555383e+02
3.380000000000000000e+02 2.725783582659755666e+02
3.390000000000000000e+02 2.635142291978933144e+02
3.400000000000000000e+02 2.140530668108643795e+02
3.410000000000000000e+02 2.012694623416689410e+01
3.420000000000000000e+02 2.308058930365582739e+02
3.430000000000000000e+02 7.967269413565199443e+01
3.440000000000000000e+02 2.545435186892679269e+02
3.450000000000000000e+02 2.077313509502027955e+02
3.460000000000000000e+02 1.928258661027185497e+02
3.470000000000000000e+02 1.780204648513277448e+02
3.480000000000000000e+02 2.544689951263213743e+02
3.490000000000000000e+02 2.374223278954888201e+02
3.500000000000000000e+02 2.001921505793877998e+02
3.510000000000000000e+02 2.198608752165748683e+02
3.520000000000000000e+02 -5.166987553791118160e+01
3.530000000000000000e+02 2.866410000682202508e+02
3.540000000000000000e+02 2.186809245038174083e+02
3.550000000000000000e+02 2.860854031385603093e+02
3.560000000000000000e+02 2.647968939713802570e+02
3.570000000000000000e+02 2.167185924103056038e+02
3.580000000000000000e+02 2.530220212128151047e+02
3.590000000000000000e+02 -4.923357267375615720e+02
3.600000000000000000e+02 -1.619008549792977760e+02
3.610000000000000000e+02 1.141247126874144158e+01
3.620000000000000000e+02 2.791971700461313617e+02
3.630000000000000000e+02 9.746124466793924057e+01
3.640000000000000000e+02 -1.015121808967510759e+02
3.650000000000000000e+02 -4.778684665710332524e+01
3.660000000000000000e+02 2.410584767555093322e+02
3.670000000000000000e+02 -1.266085803273797410e+02
3.680000000000000000e+02 2.433598197812982278e+02
3.690000000000000000e+02 2.626841252523733488e+02
3.700000000000000000e+02 2.648445983899862313e+02
3.710000000000000000e+02 2.514452331608866302e+02
3.720000000000000000e+02 2.274980889895095686e+02
3.730000000000000000e+02 -2.541177822746049628e+02
3.740000000000000000e+02 2.101291620434324159e+02
3.750000000000000000e+02 2.008590348145476128e+02
3.760000000000000000e+02 2.491179689227881227e+02
3.770000000000000000e+02 2.777652919872899702e+02
3.780000000000000000e+02 2.655581394988165016e+02
3.790000000000000000e+02 2.759005664992303650e+02
3.800000000000000000e+02 2.972280748505776273e+02
3.810000000000000000e+02 2.514403547244855304e+02
3.820000000000000000e+02 -6.977745668612647023e+01
3.830000000000000000e+02 7.435843202004079444e+00
3.840000000000000000e+02 2.750566533215817913e+02
3.850000000000000000e+02 2.063766334747048177e+02
3.860000000000000000e+02 2.018961412019600346e+02
3.870000000000000000e+02 2.272057476203508486e+02
3.880000000000000000e+02 2.679050624065039301e+02
3.890000000000000000e+02 2.823234253520275843e+02
3.900000000000000000e+02 1.610730716102826818e+02
3.910000000000000000e+02 2.698003268969537203e+02
3.920000000000000000e+02 -7.269234944428106360e+00
3.930000000000000000e+02 2.676386778983722934e+02
3.940000000000000000e+02 -2.750820253913219915e+01
3.950000000000000000e+02 2.740293015128030447e+02
3.960000000000000000e+02 2.473351260607933852e+02
3.970000000000000000e+02 -2.475842281953609358e+01
3.980000000000000000e+02 2.826584654388048534e+02
3.990000000000000000e+02 2.891300157338292820e+02
4.000000000000000000e+02 2.495436315873078001e+02
4.010000000000000000e+02 2.686738025703091921e+02
4.020000000000000000e+02 -4.116922793916023693e+01
4.030000000000000000e+02 5.748011996307440086e+01
4.040000000000000000e+02 2.358161136487096883e+02
4.050000000000000000e+02 -1.141145085333316871e+02
4.060000000000000000e+02 2.575200864449644769e+02
4.070000000000000000e+02 2.466582253810627776e+02
4.080000000000000000e+02 2.777814132990024518e+02
4.090000000000000000e+02 -2.201953228968118026e+01
4.100000000000000000e+02 1.338275894697113131e+02
4.110000000000000000e+02 -9.241909729958852893e+01
4.120000000000000000e+02 -5.483128470254530384e+01
4.130000000000000000e+02 4.606376495039867791e+00
4.140000000000000000e+02 -7.903636205045201280e+01
4.150000000000000000e+02 -7.827938657914933174e+01
4.160000000000000000e+02 1.483669016282623261e+02
4.170000000000000000e+02 2.858361112497382805e+02
4.180000000000000000e+02 2.214260047541009726e+02
4.190000000000000000e+02 1.341554476544840782e+02
4.200000000000000000e+02 2.664549406626271093e+02
4.210000000000000000e+02 2.115953139210499216e+02
4.220000000000000000e+02 2.792377286050326575e+02
4.230000000000000000e+02 2.326086625556052354e+02
4.240000000000000000e+02 1.070950989067408159e+02
4.250000000000000000e+02 2.456942260429154317e+02
4.260000000000000000e+02 2.331103927883643223e+02
4.270000000000000000e+02 2.682419702096902370e+02
4.280000000000000000e+02 2.250929997017451853e+02
4.290000000000000000e+02 2.453890862839128317e+02
4.300000000000000000e+02 2.660718841951401146e+02
4.310000000000000000e+02 2.403116414201775228e+02
4.320000000000000000e+02 2.285403970920560255e+02
4.330000000000000000e+02 2.927750000627173677e+02
4.340000000000000000e+02 2.275705399893289496e+02
4.350000000000000000e+02 2.520130650985054785e+02
4.360000000000000000e+02 2.626279245504195501e+02
4.370000000000000000e+02 2.638255283889490102e+02
4.380000000000000000e+02 2.789421651755416178e+02
4.390000000000000000e+02 2.327843794719805999e+02
4.400000000000000000e+02 2.624064720248615004e+02
4.410000000000000000e+02 2.669449558297942531e+02
4.420000000000000000e+02 2.761454091169791809e+02
4.430000000000000000e+02 2.425098939406260570e+02
4.440000000000000000e+02 1.799855808323923156e+02
4.450000000000000000e+02 1.677231570754919971e+02
4.460000000000000000e+02 2.845102152609446193e+02
4.470000000000000000e+02 2.488307841338870219e+02
4.480000000000000000e+02 -1.026003961619417737e+01
4.490000000000000000e+02 2.272128533001187520e+02
4.500000000000000000e+02 1.859374080421893325e+02
4.510000000000000000e+02 -1.538435414363326572e+02
4.520000000000000000e+02 2.186667583487181048e+02
4.530000000000000000e+02 -1.415367545810658783e+02
4.540000000000000000e+02 2.589502576686763859e+02
4.550000000000000000e+02 2.041908012246792055e+02
4.560000000000000000e+02 2.808203760513454199e+02
4.570000000000000000e+02 1.939917045263144360e+02
4.580000000000000000e+02 1.561993536811311287e+02
4.590000000000000000e+02 2.344143510047621817e+02
4.600000000000000000e+02 2.435993054806688463e+02
4.610000000000000000e+02 2.684787720097082229e+02
4.620000000000000000e+02 2.303045363801048495e+01
4.630000000000000000e+02 2.325527711142617022e+02
4.640000000000000000e+02 2.119697894834783369e+02
4.650000000000000000e+02 2.500145584117900057e+02
4.660000000000000000e+02 -1.086079345628840684e+02
4.670000000000000000e+02 -1.174346289721097492e+02
4.680000000000000000e+02 2.930674029822738476e+02
4.690000000000000000e+02 1.604690535079538733e+02
4.700000000000000000e+02 2.625770232119841694e+02
4.710000000000000000e+02 1.546434836909540422e+02
4.720000000000000000e+02 2.051878807727363778e+02
4.730000000000000000e+02 2.402900854019273709e+02
4.740000000000000000e+02 2.299195462437817810e+02
4.750000000000000000e+02 1.926764835192790883e+02
4.760000000000000000e+02 -5.039640217376468456e+01
4.770000000000000000e+02 1.829019649578197004e+02
4.780000000000000000e+02 2.047942375763021801e+02
4.790000000000000000e+02 2.009107804080325650e+02
4.800000000000000000e+02 1.597547317225062500e+02
4.810000000000000000e+02 1.516869413055961218e+02
4.820000000000000000e+02 2.758667667506100543e+02
4.830000000000000000e+02 2.390331742081865229e+02
4.840000000000000000e+02 2.609215599336487230e+02
4.850000000000000000e+02 2.103838714077563736e+02
4.860000000000000000e+02 2.646924738344671368e+02
4.870000000000000000e+02 1.977941901858702067e+02
4.880000000000000000e+02 2.480901495348242349e+02
4.890000000000000000e+02 -5.476053840536394546e+00
4.900000000000000000e+02 2.354784573519389994e+02
4.910000000000000000e+02 2.221760891760830248e+02
4.920000000000000000e+02 1.093051935079346890e+02
4.930000000000000000e+02 1.669713987571540201e+02
4.940000000000000000e+02 2.425065204971518256e+02
4.950000000000000000e+02 2.339536260268659760e+02
4.960000000000000000e+02 2.727790267168542186e+02
4.970000000000000000e+02 -5.843093326873737681e+01
4.980000000000000000e+02 2.705456921508030064e+02
4.990000000000000000e+02 2.022264772140381979e+02
5.000000000000000000e+02 -4.651654352940126103e+01
5.010000000000000000e+02 2.432316309123495444e+02
5.020000000000000000e+02 2.267900767022720743e+01
5.030000000000000000e+02 2.726449552361632982e+02
5.040000000000000000e+02 2.520694771387916262e+02
5.050000000000000000e+02 2.231086051270970074e+02
5.060000000000000000e+02 1.955063118670138920e+02
5.070000000000000000e+02 2.742730759674232104e+02
5.080000000000000000e+02 2.362838214265370027e+02
5.090000000000000000e+02 2.465762035921542292e+02
5.100000000000000000e+02 2.475477695194871899e+02
5.110000000000000000e+02 2.659833011291899538e+02
5.120000000000000000e+02 2.670046995462427049e+02
5.130000000000000000e+02 2.398297246462822443e+02
5.140000000000000000e+02 1.886385415939305403e+02
5.150000000000000000e+02 2.852251146206800740e+02
5.160000000000000000e+02 2.375042622485547668e+02
5.170000000000000000e+02 2.305243530520286299e+02
5.180000000000000000e+02 -2.322287971033809981e+02
5.190000000000000000e+02 2.611811195163584216e+02
5.200000000000000000e+02 2.856443331881681615e+02
5.210000000000000000e+02 2.158474899328615209e+02
5.220000000000000000e+02 -2.830834937880393909e+01
5.230000000000000000e+02 1.816964159265473313e+02
5.240000000000000000e+02 2.099407814064985018e+02
5.250000000000000000e+02 2.805787324050423877e+02
5.260000000000000000e+02 2.728740479348870167e+02
5.270000000000000000e+02 2.504110015587934868e+02
5.280000000000000000e+02 2.841635532188556112e+02
5.290000000000000000e+02 -6.652894646461712114e+01
5.300000000000000000e+02 2.782652144226326527e+02
5.310000000000000000e+02 2.866104093284213832e+02
5.320000000000000000e+02 1.601041126634972898e+02
5.330000000000000000e+02 2.041577657139630446e+02
5.340000000000000000e+02 2.242427016271175262e+02
5.350000000000000000e+02 2.319612363765135967e+02
5.360000000000000000e+02 2.030360309302390647e+02
5.370000000000000000e+02 1.608951514997682466e+02
5.380000000000000000e+02 2.501259394870240840e+02
5.390000000000000000e+02 2.086175807494543335e+02
5.400000000000000000e+02 2.269293519520498421e+02
5.410000000000000000e+02 2.736653271486135850e+02
5.420000000000000000e+02 -4.015308046127573505e+01
5.430000000000000000e+02 2.343687773810121655e+02
5.440000000000000000e+02 1.605306836108336199e+01
5.450000000000000000e+02 -1.928597501277491233e+01
5.460000000000000000e+02 2.049462090088622404e+02
5.470000000000000000e+02 2.625013048854449380e+02
5.480000000000000000e+02 2.543975813227833953e+02
5.490000000000000000e+02 2.671710478542964893e+02
5.500000000000000000e+02 2.227419157594178500e+02
5.510000000000000000e+02 -4.504810683688269819e+02
5.520000000000000000e+02 2.401232034363242747e+02
5.530000000000000000e+02 -2.021249253719267358e+02
5.540000000000000000e+02 3.106966021060651428e+02
5.550000000000000000e+02 2.554412041408844232e+02
5.560000000000000000e+02 2.507132412725869699e+02
5.570000000000000000e+02 2.644312792838511541e+02
5.580000000000000000e+02 2.504058579536909690e+02
5.590000000000000000e+02 2.479665268235108044e+02
5.600000000000000000e+02 2.481285095952745792e+02
5.610000000000000000e+02 2.387373314284969013e+02
5.620000000000000000e+02 2.623885843466107417e+02
5.630000000000000000e+02 2.567789335917798326e+02
5.640000000000000000e+02 2.617910848879835157e+02
5.650000000000000000e+02 2.045472141552024254e+02
5.660000000000000000e+02 2.947638700212410754e+02
5.670000000000000000e+02 2.627682607949277553e+02
5.680000000000000000e+02 2.598282664431359876e+02
5.690000000000000000e+02 2.468732824537983674e+02
5.700000000000000000e+02 2.788989538918725657e+02
5.710000000000000000e+02 2.961341570294657686e+02
5.720000000000000000e+02 2.717236664201192866e+02
5.730000000000000000e+02 2.453689291109321005e+02
5.740000000000000000e+02 2.629714195249771365e+02
5.750000000000000000e+02 2.463701036711174197e+02
5.760000000000000000e+02 1.824470902809658241e+02
5.770000000000000000e+02 2.284887641128210873e+02
5.780000000000000000e+02 2.648483598043152369e+02
5.790000000000000000e+02 2.389141276302798644e+02
5.800000000000000000e+02 1.718167114130553728e+02
5.810000000000000000e+02 2.704533266742686237e+02
5.820000000000000000e+02 2.310297980727592062e+02
5.830000000000000000e+02 3.022343588306619040e+02
5.840000000000000000e+02 2.427151379855840503e+02
5.850000000000000000e+02 2.639874450569657256e+02
5.860000000000000000e+02 2.427317834761457505e+02
5.870000000000000000e+02 2.712764016372188962e+02
5.880000000000000000e+02 2.117295136096140311e+02
5.890000000000000000e+02 2.171236353806052648e+02
5.900000000000000000e+02 2.105835432558813523e+02
5.910000000000000000e+02 1.810281738134321472e+02
5.920000000000000000e+02 2.687938249367499566e+02
5.930000000000000000e+02 2.146755797868840432e+02
5.940000000000000000e+02 2.503103452147222470e+02
5.950000000000000000e+02 2.178019691805858429e+02
5.960000000000000000e+02 2.607347377191518376e+02
5.970000000000000000e+02 2.524182851091236444e+02
5.980000000000000000e+02 1.995809065144785563e+02
5.990000000000000000e+02 2.653977036578717161e+02
6.000000000000000000e+02 2.431566237697015822e+02
6.010000000000000000e+02 1.674249741480533658e+02
6.020000000000000000e+02 2.671499042303727265e+02
6.030000000000000000e+02 2.548661907537112370e+02
6.040000000000000000e+02 2.153913267194458285e+02
6.050000000000000000e+02 2.658882374244024618e+02
6.060000000000000000e+02 2.675066809859355317e+02
6.070000000000000000e+02 2.227665765266464746e+02
6.080000000000000000e+02 2.165338670418318827e+02
6.090000000000000000e+02 2.577659499402035976e+02
6.100000000000000000e+02 2.789307049375790939e+02
6.110000000000000000e+02 -3.664308719376819568e+01
6.120000000000000000e+02 2.541311328006108283e+02
6.130000000000000000e+02 2.284480590321683167e+02
6.140000000000000000e+02 2.275602079443232242e+02
6.150000000000000000e+02 1.957328299893730161e+02
6.160000000000000000e+02 2.637425469630727548e+02
6.170000000000000000e+02 2.568191396061498040e+02
6.180000000000000000e+02 2.540627373101473268e+02
6.190000000000000000e+02 1.941657932570063849e+01
6.200000000000000000e+02 2.510671817924243783e+02
6.210000000000000000e+02 -1.366056706948866690e+02
6.220000000000000000e+02 2.033751544744176272e+02
6.230000000000000000e+02 2.533042223870890268e+02
6.240000000000000000e+02 -6.258900504002020249e+00
6.250000000000000000e+02 2.454537393062819035e+02
6.260000000000000000e+02 2.447115982888605856e+02
6.270000000000000000e+02 -1.025818489079601250e+03
6.280000000000000000e+02 2.357553080760773128e+02
6.290000000000000000e+02 2.604813920659668156e+02
6.300000000000000000e+02 2.228276526386024159e+01
6.310000000000000000e+02 2.306132588192630237e+02
6.320000000000000000e+02 -2.850573794099526026e+01
6.330000000000000000e+02 -2.088571028327366719e+01
6.340000000000000000e+02 2.746587552400319510e+02
6.350000000000000000e+02 2.774093061356605858e+02
6.360000000000000000e+02 2.446847089787506206e+02
6.370000000000000000e+02 2.677243736116656123e+02
6.380000000000000000e+02 4.366783631849585845e+01
6.390000000000000000e+02 2.490565655794791269e+02
6.400000000000000000e+02 2.929089188845651961e+02
6.410000000000000000e+02 2.709750633143632967e+02
6.420000000000000000e+02 2.570006745400414729e+02
6.430000000000000000e+02 2.309174792573816148e+02
6.440000000000000000e+02 2.724392226499041954e+02
6.450000000000000000e+02 2.674801969285213090e+02
6.460000000000000000e+02 2.225337316221771289e+02
6.470000000000000000e+02 2.655087305150763655e+02
6.480000000000000000e+02 2.332603289731746088e+02
6.490000000000000000e+02 2.668750765981660606e+02
6.500000000000000000e+02 2.511527176278689524e+02
6.510000000000000000e+02 2.835631756649462432e+02
6.520000000000000000e+02 2.416698092816205019e+02
6.530000000000000000e+02 1.801141594875948897e+02
6.540000000000000000e+02 2.151994225190122734e+02
6.550000000000000000e+02 1.618056595189640632e+02
6.560000000000000000e+02 2.643775517584586510e+02
6.570000000000000000e+02 2.516065351095772655e+02
6.580000000000000000e+02 2.729002506777690087e+02
6.590000000000000000e+02 2.786963560071582151e+02
6.600000000000000000e+02 2.834853407308703481e+02
6.610000000000000000e+02 2.862360643618488325e+02
6.620000000000000000e+02 1.622479512648962441e+02
6.630000000000000000e+02 2.502308962537438504e+02
6.640000000000000000e+02 2.428610839335799199e+02
6.650000000000000000e+02 1.845003546930327900e+02
6.660000000000000000e+02 2.539343148157545329e+02
6.670000000000000000e+02 2.837857786529824580e+02
6.680000000000000000e+02 -5.861172072268203692e+00
6.690000000000000000e+02 2.617752271877941439e+02
6.700000000000000000e+02 2.057431601581648692e+02
6.710000000000000000e+02 2.094401353305227360e+02
6.720000000000000000e+02 2.735074412013051983e+02
6.730000000000000000e+02 2.400030168302020570e+02
6.740000000000000000e+02 2.451233664562076342e+02
6.750000000000000000e+02 2.891792300539289045e+02
6.760000000000000000e+02 1.087625540536233615e+02
6.770000000000000000e+02 2.097521129715181871e+02
6.780000000000000000e+02 1.706324229616897128e+02
6.790000000000000000e+02 2.789846801685458217e+02
6.800000000000000000e+02 2.301382116288926909e+02
6.810000000000000000e+02 2.638776503574815706e+02
6.820000000000000000e+02 2.193725628525561433e+02
6.830000000000000000e+02 2.583810548117637609e+02
6.840000000000000000e+02 2.464165458710839403e+02
6.850000000000000000e+02 2.358970598037555533e+02
6.860000000000000000e+02 2.503665450733268187e+02
6.870000000000000000e+02 2.802940274039627866e+02
6.880000000000000000e+02 2.363963405996000233e+02
6.890000000000000000e+02 2.245870760596623086e+02
6.900000000000000000e+02 2.471658345729604491e+02
6.910000000000000000e+02 2.831576508032370612e+02
6.920000000000000000e+02 2.637199710730089350e+02
6.930000000000000000e+02 2.668091256827931375e+02
6.940000000000000000e+02 -4.208273987429643626e+01
6.950000000000000000e+02 2.701736871998687661e+02
6.960000000000000000e+02 2.827549492806151648e+02
6.970000000000000000e+02 2.578907347935850112e+02
6.980000000000000000e+02 2.244859317562619765e+02
6.990000000000000000e+02 2.764520449293297588e+02
7.000000000000000000e+02 2.359912382815570595e+02
7.010000000000000000e+02 2.332953872437732343e+02
7.020000000000000000e+02 2.554533184814361562e+02
7.030000000000000000e+02 2.453474965864216415e+02
7.040000000000000000e+02 2.308385681335562083e+02
7.050000000000000000e+02 2.722987621903718036e+02
7.060000000000000000e+02 2.745036199264662855e+02
7.070000000000000000e+02 -1.441243364858596578e+02
7.080000000000000000e+02 2.637949739397017765e+02
7.090000000000000000e+02 -2.093362977156488967e+02
7.100000000000000000e+02 1.872063962458505841e+02
7.110000000000000000e+02 2.839993846834923374e+02
7.120000000000000000e+02 2.664330350840341453e+02
7.130000000000000000e+02 2.665521614504891659e+02
7.140000000000000000e+02 2.939154281878912229e+02
7.150000000000000000e+02 7.562635359976667360e+00
7.160000000000000000e+02 2.438459153898901093e+02
7.170000000000000000e+02 2.812943051070377578e+02
7.180000000000000000e+02 2.785400413970008344e+02
7.190000000000000000e+02 2.490190338083660890e+02
7.200000000000000000e+02 2.703759508310874367e+02
7.210000000000000000e+02 2.969223900294372243e+02
7.220000000000000000e+02 8.993027547269764455e+01
7.230000000000000000e+02 2.497598945242132231e+02
7.240000000000000000e+02 -1.236848426609309968e+02
7.250000000000000000e+02 -1.839931788744569019e+01
7.260000000000000000e+02 2.738643910222178306e+02
7.270000000000000000e+02 2.230373884770661732e+02
7.280000000000000000e+02 2.101079151069016007e+02
7.290000000000000000e+02 -2.304111375073467514e+02
7.300000000000000000e+02 1.741787634937264784e+02
7.310000000000000000e+02 2.386164277584004196e+02
7.320000000000000000e+02 2.870798921510196351e+02
7.330000000000000000e+02 1.765707937530007712e+02
7.340000000000000000e+02 2.251345832692391582e+02
7.350000000000000000e+02 2.624698837881493318e+02
7.360000000000000000e+02 1.877807264596611390e+02
7.370000000000000000e+02 2.836289784131437841e+02
7.380000000000000000e+02 2.177295231273589593e+02
7.390000000000000000e+02 2.599989655787110223e+02
7.400000000000000000e+02 1.750609332020602551e+02
7.410000000000000000e+02 4.484590066856779345e+01
7.420000000000000000e+02 -1.006059922808998408e+01
7.430000000000000000e+02 1.641977963617930527e+02
7.440000000000000000e+02 2.016894433269689841e+02
7.450000000000000000e+02 1.758653547020036285e+02
7.460000000000000000e+02 2.446563224309578004e+02
7.470000000000000000e+02 -8.041367183098384430e+01
7.480000000000000000e+02 1.851198535539174088e+02
7.490000000000000000e+02 2.405532150124714690e+02
7.500000000000000000e+02 2.977441276542080573e+01
7.510000000000000000e+02 2.094697824613907073e+02
7.520000000000000000e+02 2.547353472158428644e+02
7.530000000000000000e+02 2.551589485779043116e+02
7.540000000000000000e+02 2.077440369328110137e+02
7.550000000000000000e+02 2.707342924743619506e+02
7.560000000000000000e+02 2.239415347556947609e+02
7.570000000000000000e+02 -2.132736329373795456e+02
7.580000000000000000e+02 2.007606646315603030e+02
7.590000000000000000e+02 2.561638255917356446e+02
7.600000000000000000e+02 2.853918865919105201e+02
7.610000000000000000e+02 2.300074714166065917e+02
7.620000000000000000e+02 1.761577098989358490e+02
7.630000000000000000e+02 -1.885101557004618655e+01
7.640000000000000000e+02 2.561743640971060927e+02
7.650000000000000000e+02 1.183216533490536904e+01
7.660000000000000000e+02 2.596097572168620786e+02
7.670000000000000000e+02 2.714785459977146047e+02
7.680000000000000000e+02 2.546808196081696281e+02
7.690000000000000000e+02 9.894931171107417356e+01
7.700000000000000000e+02 2.091154659323391627e+02
7.710000000000000000e+02 2.120246187501681163e+02
7.720000000000000000e+02 3.077952405793624280e+02
7.730000000000000000e+02 2.466258607489481278e+02
7.740000000000000000e+02 2.320749302737754078e+02
7.750000000000000000e+02 2.867017229548881687e+02
7.760000000000000000e+02 2.213386679464791200e+02
7.770000000000000000e+02 2.774743218254552630e+02
7.780000000000000000e+02 1.411606564296382942e+02
7.790000000000000000e+02 -4.174756685187250582e+01
7.800000000000000000e+02 2.562252740367252386e+02
7.810000000000000000e+02 2.129685627785645465e+02
7.820000000000000000e+02 2.063837868017211008e+02
7.830000000000000000e+02 1.985563597466537544e+02
7.840000000000000000e+02 2.644252889220397265e+02
7.850000000000000000e+02 1.868385980104357031e+02
7.860000000000000000e+02 2.389718603702010284e+02
7.870000000000000000e+02 2.319544210160889577e+02
7.880000000000000000e+02 3.144552217030546331e+02
7.890000000000000000e+02 -6.973076674161390542e+00
7.900000000000000000e+02 2.172418143308251217e+02
7.910000000000000000e+02 -5.794286704131536681e+00
7.920000000000000000e+02 2.757496542514423936e+02
7.930000000000000000e+02 2.448374941210972509e+02
7.940000000000000000e+02 2.963707466281770166e+02
7.950000000000000000e+02 2.329579898611929707e+02
7.960000000000000000e+02 1.926773559519726859e+02
7.970000000000000000e+02 1.277804677910650355e+01
7.980000000000000000e+02 -5.138822972680171119e+01
7.990000000000000000e+02 1.837311515311810695e+02
8.000000000000000000e+02 2.939569630861072937e+02
8.010000000000000000e+02 -1.272959652328780606e+02
8.020000000000000000e+02 2.301009983196969699e+02
8.030000000000000000e+02 2.355179713383994340e+02
8.040000000000000000e+02 1.654244967577465388e+02
8.050000000000000000e+02 2.315487931124666829e+02
8.060000000000000000e+02 2.539850643248860536e+02
8.070000000000000000e+02 2.506034987878114180e+02
8.080000000000000000e+02 1.769753083121190684e+02
8.090000000000000000e+02 -7.672405332104062836e+01
8.100000000000000000e+02 2.148581998355026599e+02
8.110000000000000000e+02 2.480709369721381279e+02
8.120000000000000000e+02 2.329939233963357026e+02
8.130000000000000000e+02 2.507765367377917016e+02
8.140000000000000000e+02 2.685002890757025398e+02
8.150000000000000000e+02 2.206872117295586690e+02
8.160000000000000000e+02 2.409902782336011455e+02
8.170000000000000000e+02 2.417085185516085915e+02
8.180000000000000000e+02 2.732532735711582745e+02
8.190000000000000000e+02 1.843554269808637400e+02
8.200000000000000000e+02 2.193062428529057684e+02
8.210000000000000000e+02 2.530031359661074930e+02
8.220000000000000000e+02 9.105489515503087716e+00
8.230000000000000000e+02 2.246332758909102836e+02
8.240000000000000000e+02 2.345809280066782492e+02
8.250000000000000000e+02 2.056875009992697301e+02
8.260000000000000000e+02 2.881510313636885030e+02
8.270000000000000000e+02 1.560681478283900105e+02
8.280000000000000000e+02 2.367332369605368854e+02
8.290000000000000000e+02 2.091553314222201720e+02
8.300000000000000000e+02 2.188285491055849548e+02
8.310000000000000000e+02 2.571277720651099230e+02
8.320000000000000000e+02 2.557381229204472959e+02
8.330000000000000000e+02 2.377005218937595430e+02
8.340000000000000000e+02 1.971813199787165161e+02
8.350000000000000000e+02 2.459743934675975083e+02
8.360000000000000000e+02 2.634062342149248934e+02
8.370000000000000000e+02 2.861711278328936032e+02
8.380000000000000000e+02 -1.165663733712227952e+02
8.390000000000000000e+02 2.356291107110918688e+02
8.400000000000000000e+02 2.174968887907234603e+02
8.410000000000000000e+02 2.713473040231096434e+02
8.420000000000000000e+02 2.038481800262025843e+02
8.430000000000000000e+02 2.716667865751982731e+02
8.440000000000000000e+02 2.404786211468259580e+02
8.450000000000000000e+02 2.750107557828670792e+02
8.460000000000000000e+02 2.684462727750207591e+02
8.470000000000000000e+02 7.974554329823035914e-02
8.480000000000000000e+02 2.487238108316348359e+02
8.490000000000000000e+02 3.747648404304635505e+01
8.500000000000000000e+02 2.190154731714775664e+02
8.510000000000000000e+02 2.587012383811146492e+02
8.520000000000000000e+02 2.181917276800792820e+02
8.530000000000000000e+02 2.538023956250510764e+02
8.540000000000000000e+02 2.403991702063367200e+02
8.550000000000000000e+02 2.760077089109506687e+02
8.560000000000000000e+02 2.736960413190568602e+02
8.570000000000000000e+02 2.736922749560196735e+02
8.580000000000000000e+02 2.208664874227570181e+02
8.590000000000000000e+02 2.365212902443299470e+02
8.600000000000000000e+02 2.553719792723779278e+02
8.610000000000000000e+02 2.706184199683254974e+02
8.620000000000000000e+02 1.925028647715136003e+02
8.630000000000000000e+02 2.013355564975339860e+02
8.640000000000000000e+02 -2.885757352493426708e+01
8.650000000000000000e+02 1.459905674655331609e+00
8.660000000000000000e+02 2.350854725838311765e+02
8.670000000000000000e+02 2.228704758314680703e+02
8.680000000000000000e+02 1.744815651697211933e+02
8.690000000000000000e+02 2.428479814502412069e+02
8.700000000000000000e+02 2.680691180998722984e+02
8.710000000000000000e+02 2.326919945217352108e+02
8.720000000000000000e+02 1.992707997305773233e+02
8.730000000000000000e+02 2.534139129193977169e+02
8.740000000000000000e+02 2.625548117658099159e+02
8.750000000000000000e+02 2.547234368937407964e+02
8.760000000000000000e+02 2.221614114498981394e+02
8.770000000000000000e+02 1.725520738953519526e+02
8.780000000000000000e+02 2.560472195944592499e+02
8.790000000000000000e+02 2.498641054690247358e+02
8.800000000000000000e+02 -1.156391152503742461e+02
8.810000000000000000e+02 2.109261805985478588e+01
8.820000000000000000e+02 2.440220143328937183e+02
8.830000000000000000e+02 2.188211666286293848e+02
8.840000000000000000e+02 2.666130697377741399e+02
8.850000000000000000e+02 -7.686784190270068962e+01
8.860000000000000000e+02 2.759678870294364401e+02
8.870000000000000000e+02 2.455130801583262325e+02
8.880000000000000000e+02 2.745911201265490718e+02
8.890000000000000000e+02 2.925962109666222091e+02
8.900000000000000000e+02 2.212651574168078241e+02
8.910000000000000000e+02 2.399162868923187091e+02
8.920000000000000000e+02 2.431236739007534027e+02
8.930000000000000000e+02 1.824854521700542591e+02
8.940000000000000000e+02 1.906576749256170160e+02
8.950000000000000000e+02 2.834471179645420875e+02
8.960000000000000000e+02 2.619590975328591185e+02
8.970000000000000000e+02 2.584868796887985809e+02
8.980000000000000000e+02 2.514009955742010902e+02
8.990000000000000000e+02 2.499808698032051666e+02
9.000000000000000000e+02 2.185138824846624459e+02
9.010000000000000000e+02 2.743929701698187955e+02
9.020000000000000000e+02 -4.351999593377742315e+01
9.030000000000000000e+02 -1.821166676699217817e+02
9.040000000000000000e+02 -1.563125479129326436e+02
9.050000000000000000e+02 2.261362280826987217e+02
9.060000000000000000e+02 -5.026249338432918989e+01
9.070000000000000000e+02 2.437535027318697018e+02
9.080000000000000000e+02 2.727234361412577641e+02
9.090000000000000000e+02 2.710714085046525952e+02
9.100000000000000000e+02 2.273152749019438659e+02
9.110000000000000000e+02 -1.856196031655958336e+02
9.120000000000000000e+02 2.564810837938437089e+02
9.130000000000000000e+02 1.860018705976269189e+02
9.140000000000000000e+02 2.772378422421151640e+02
9.150000000000000000e+02 2.287660181128407828e+02
9.160000000000000000e+02 2.790933519966300764e+02
9.170000000000000000e+02 2.054127256297937265e+02
9.180000000000000000e+02 2.613572781219919534e+02
9.190000000000000000e+02 2.660404489186843193e+02
9.200000000000000000e+02 2.775421375183070722e+02
9.210000000000000000e+02 2.543862777310746424e+02
9.220000000000000000e+02 2.959504208375875578e+02
9.230000000000000000e+02 2.490654129506357890e+02
9.240000000000000000e+02 2.502944711597660898e+02
9.250000000000000000e+02 -1.095598169852998183e+02
9.260000000000000000e+02 3.048062675182791281e+02
9.270000000000000000e+02 8.822175889473868438e+00
9.280000000000000000e+02 2.505002558574658167e+02
9.290000000000000000e+02 2.619877625664146308e+02
9.300000000000000000e+02 -1.559700185331691102e+02
9.310000000000000000e+02 -1.471401448303716961e+02
9.320000000000000000e+02 -4.391076936919864693e+01
9.330000000000000000e+02 2.517499733019329824e+02
9.340000000000000000e+02 2.814500973266481765e+02
9.350000000000000000e+02 2.676055097986771898e+02
9.360000000000000000e+02 2.460098690811749407e+02
9.370000000000000000e+02 2.776162911666618811e+02
9.380000000000000000e+02 2.589096542218602508e+02
9.390000000000000000e+02 2.819359479844356429e+02
9.400000000000000000e+02 2.645074091913497796e+02
9.410000000000000000e+02 2.563063299092439138e+02
9.420000000000000000e+02 2.737304077100391737e+02
9.430000000000000000e+02 2.799031830313980436e+02
9.440000000000000000e+02 2.638699852859984958e+02
9.450000000000000000e+02 2.336188425744931862e+02
9.460000000000000000e+02 2.166651121770102009e+02
9.470000000000000000e+02 2.372060284524493170e+02
9.480000000000000000e+02 -1.393526605408583237e+02
9.490000000000000000e+02 2.839574801063259315e+02
9.500000000000000000e+02 2.841960992538961364e+02
9.510000000000000000e+02 2.203348380315472355e+02
9.520000000000000000e+02 2.428390759773535592e+02
9.530000000000000000e+02 2.368491968462511750e+02
9.540000000000000000e+02 2.479561082885593066e+02
9.550000000000000000e+02 2.685627544648833691e+02
9.560000000000000000e+02 2.682478326428843047e+02
9.570000000000000000e+02 1.348126098898860903e+02
9.580000000000000000e+02 2.372682367736224762e+02
9.590000000000000000e+02 2.783511248625069925e+02
9.600000000000000000e+02 2.376399092499648305e+02
9.610000000000000000e+02 2.449205207489285385e+02
9.620000000000000000e+02 2.744503666390106673e+02
9.630000000000000000e+02 2.311477838471622874e+02
9.640000000000000000e+02 2.777575662718097647e+02
9.650000000000000000e+02 2.351195164537919595e+02
9.660000000000000000e+02 2.280347501198903899e+02
9.670000000000000000e+02 7.657896170668013269e+01
9.680000000000000000e+02 2.588263794124467267e+02
9.690000000000000000e+02 2.200146119341191877e+02
9.700000000000000000e+02 2.252858843617690070e+02
9.710000000000000000e+02 2.428327293740781840e+02
9.720000000000000000e+02 -9.724615281787846754e+01
9.730000000000000000e+02 2.689760968966554628e+02
9.740000000000000000e+02 2.412645118079098552e+02
9.750000000000000000e+02 9.373610606032622172e+01
9.760000000000000000e+02 2.500820504098709876e+02
9.770000000000000000e+02 2.632569503479481909e+02
9.780000000000000000e+02 2.382208223292372793e+02
9.790000000000000000e+02 2.635140222471939069e+02
9.800000000000000000e+02 2.282330699333252539e+02
9.810000000000000000e+02 2.428227383584865890e+02
9.820000000000000000e+02 2.988110838421524704e+02
9.830000000000000000e+02 2.597348416670197366e+02
9.840000000000000000e+02 2.730270419179095143e+02
9.850000000000000000e+02 2.616109790344804651e+02
9.860000000000000000e+02 2.681408339798371685e+02
9.870000000000000000e+02 2.663495621196276488e+02
9.880000000000000000e+02 2.438749817535841089e+02
9.890000000000000000e+02 2.790810852388289049e+02
9.900000000000000000e+02 2.503722287488632787e+02
9.910000000000000000e+02 2.602223014519465778e+02
9.920000000000000000e+02 2.562020391187222685e+02
9.930000000000000000e+02 2.538196830770945951e+02
9.940000000000000000e+02 2.644792553644258533e+02
9.950000000000000000e+02 2.631921759627076653e+02
9.960000000000000000e+02 2.695522281437688434e+02
9.970000000000000000e+02 2.644818690356724460e+02
9.980000000000000000e+02 2.704101431449620350e+02
9.990000000000000000e+02 2.426347642007115724e+02
