0.000000000000000000e+00 -9.232602855894185723e+01
1.000000000000000000e+00 -3.801116919995853323e+02
2.000000000000000000e+00 -4.616943462762762351e+02
3.000000000000000000e+00 -2.908454383358240136e+01
4.000000000000000000e+00 -3.941899329156074145e+02
5.000000000000000000e+00 -2.543421854003995861e+02
6.000000000000000000e+00 -2.852498726509429616e+02
7.000000000000000000e+00 -6.069315870600682956e+02
8.000000000000000000e+00 -1.875666430120644463e+02
9.000000000000000000e+00 -4.908155511016301489e+02
1.000000000000000000e+01 -4.203018177117464802e+02
1.100000000000000000e+01 -5.303577581289226828e+02
1.200000000000000000e+01 -3.292153639812450479e+02
1.300000000000000000e+01 -3.868186442233995308e+02
1.400000000000000000e+01 -4.372214986526077496e+02
1.500000000000000000e+01 -5.508382223359533327e+02
1.600000000000000000e+01 -6.429124166933244169e+02
1.700000000000000000e+01 -4.166013922757480259e+02
1.800000000000000000e+01 -4.592601039464998962e+02
1.900000000000000000e+01 -3.782051778993607059e+02
2.000000000000000000e+01 -4.247333942197849410e+02
2.100000000000000000e+01 -3.467074396155944100e+02
2.200000000000000000e+01 -2.707771942994178858e+02
2.300000000000000000e+01 -1.316951395097865998e+02
2.400000000000000000e+01 -3.652612506115359565e+02
2.500000000000000000e+01 -3.011630870222008980e+02
2.600000000000000000e+01 -2.905744704606644859e+02
2.700000000000000000e+01 -3.521832531521895930e+02
2.800000000000000000e+01 -4.917682628627579220e+02
2.900000000000000000e+01 -2.994720954992703810e+02
3.000000000000000000e+01 -4.183625332332107973e+02
3.100000000000000000e+01 -3.592164162508252616e+02
3.200000000000000000e+01 -3.540099395465358612e+02
3.300000000000000000e+01 -4.711315549429961891e+01
3.400000000000000000e+01 -2.259391997317971459e+02
3.500000000000000000e+01 -5.526495434122439292e+02
3.600000000000000000e+01 -2.745258575898790809e+02
3.700000000000000000e+01 -2.074336889701677364e+02
3.800000000000000000e+01 -2.698121672995774816e+02
3.900000000000000000e+01 -2.004801099760031491e+02
4.000000000000000000e+01 -3.040071892100549462e+02
4.100000000000000000e+01 -2.345458167825917712e+02
4.200000000000000000e+01 -3.771767109652344629e+02
4.300000000000000000e+01 -3.665961750748512600e+02
4.400000000000000000e+01 -3.915696840253901883e+02
4.500000000000000000e+01 -8.628075280963696514e+01
4.600000000000000000e+01 -2.830003398778135306e+02
4.700000000000000000e+01 -1.868393399374930368e+02
4.800000000000000000e+01 -1.954934911218475975e+02
4.900000000000000000e+01 -2.431433895947348844e+02
5.000000000000000000e+01 -2.739686422233599501e+02
5.100000000000000000e+01 -4.417582601318183038e+02
5.200000000000000000e+01 -4.545508415420305255e+02
5.300000000000000000e+01 -5.886883242186772804e+02
5.400000000000000000e+01 -3.069002110025218144e+02
5.500000000000000000e+01 -5.951663654796034280e+02
5.600000000000000000e+01 -3.654351180147083937e+02
5.700000000000000000e+01 -1.161102862026088047e+02
5.800000000000000000e+01 -4.550750717869039619e+01
5.900000000000000000e+01 -6.910303063944211033e+01
6.000000000000000000e+01 -3.052891543424745464e+02
6.100000000000000000e+01 -3.908151209230650807e+02
6.200000000000000000e+01 -2.208652740835968586e+02
6.300000000000000000e+01 -1.255153381543616149e+02
6.400000000000000000e+01 -1.189807059934711475e+02
6.500000000000000000e+01 -2.175460040719222263e+02
6.600000000000000000e+01 -1.642405637233197524e+01
6.700000000000000000e+01 -7.427076782670839350e+01
6.800000000000000000e+01 -9.123728129870437442e+01
6.900000000000000000e+01 -2.128391060377333019e+02
7.000000000000000000e+01 -3.484164979215047424e+02
7.100000000000000000e+01 -3.860368901348567761e+01
7.200000000000000000e+01 -7.935971663089443950e+01
7.300000000000000000e+01 -2.513506748493432497e+02
7.400000000000000000e+01 -3.022913267467156402e+02
7.500000000000000000e+01 -3.946996038988791611e+02
7.600000000000000000e+01 4.606371595351146198e+01
7.700000000000000000e+01 -4.014399690844003032e+01
7.800000000000000000e+01 3.439442735194924694e+01
7.900000000000000000e+01 -1.095207072989825292e+02
8.000000000000000000e+01 -2.267530124533691946e+02
8.100000000000000000e+01 -3.145173843404813852e+01
8.200000000000000000e+01 -3.435446859804294206e+01
8.300000000000000000e+01 -6.771531241962733816e+00
8.400000000000000000e+01 -1.305645173803130490e+02
8.500000000000000000e+01 -3.906112176055021337e+02
8.600000000000000000e+01 -1.815113957206496593e+02
8.700000000000000000e+01 -1.820699624660523455e+02
8.800000000000000000e+01 -1.006483255972743507e+02
8.900000000000000000e+01 -1.426160439609603259e+02
9.000000000000000000e+01 -1.267883019846388208e+02
9.100000000000000000e+01 4.281707382631779524e+01
9.200000000000000000e+01 -7.678385602991669145e+01
9.300000000000000000e+01 -1.067712906472100514e+02
9.400000000000000000e+01 -4.784549730458891759e+01
9.500000000000000000e+01 -1.741031068604896177e+02
9.600000000000000000e+01 -6.777519689126549451e+01
9.700000000000000000e+01 -1.295327772809168891e+02
9.800000000000000000e+01 -1.972864907797201113e+02
9.900000000000000000e+01 -8.997612346446203446e+00
1.000000000000000000e+02 -2.618763354822580141e+02
1.010000000000000000e+02 -3.401051942437158004e+01
1.020000000000000000e+02 -2.463745364105987790e+02
1.030000000000000000e+02 -1.479203117658299504e+02
1.040000000000000000e+02 -1.720863693773761440e+02
1.050000000000000000e+02 -6.455671881612236973e+01
1.060000000000000000e+02 8.387721732004521868e+00
1.070000000000000000e+02 -1.626306870237172575e+01
1.080000000000000000e+02 -2.078872525516468954e+02
1.090000000000000000e+02 -1.962426027673197950e+02
1.100000000000000000e+02 -1.902550939951364626e+02
1.110000000000000000e+02 -2.270552443709153181e+02
1.120000000000000000e+02 -9.088313639791701348e+01
1.130000000000000000e+02 -3.508833184414922925e+02
1.140000000000000000e+02 -2.789565619858929608e+02
1.150000000000000000e+02 1.718628056105974622e+01
1.160000000000000000e+02 1.078411774308742110e+01
1.170000000000000000e+02 -8.485876416966480917e+01
1.180000000000000000e+02 1.716280315444919324e+01
1.190000000000000000e+02 -5.382426575092657117e+01
1.200000000000000000e+02 -3.441051834743187499e+01
1.210000000000000000e+02 -2.166981598200852659e+02
1.220000000000000000e+02 -2.271932917656890254e+02
1.230000000000000000e+02 -1.542786051420335696e+02
1.240000000000000000e+02 -2.764332775744777848e+01
1.250000000000000000e+02 -3.818523852523102278e+02
1.260000000000000000e+02 -7.924994835790268155e+01
1.270000000000000000e+02 -1.715642141901910804e+02
1.280000000000000000e+02 -2.723403277746933782e+02
1.290000000000000000e+02 -1.919953154963303632e+02
1.300000000000000000e+02 -3.048111886615279218e+02
1.310000000000000000e+02 -3.340932631719658161e+02
1.320000000000000000e+02 -4.700039271603559996e+02
1.330000000000000000e+02 -3.460989566427094815e+02
1.340000000000000000e+02 -2.265106999574790620e+02
1.350000000000000000e+02 -2.537944901629303160e+02
1.360000000000000000e+02 -2.743688509306892911e+02
1.370000000000000000e+02 -1.208928287301911695e+02
1.380000000000000000e+02 -1.094227696795002345e+02
1.390000000000000000e+02 -3.529498562175593861e+02
1.400000000000000000e+02 -1.177508838841859529e+02
1.410000000000000000e+02 -5.037784894258099655e+01
1.420000000000000000e+02 -4.823306942240810713e+01
1.430000000000000000e+02 -1.157216643517799497e+02
1.440000000000000000e+02 -6.301174153971162895e+01
1.450000000000000000e+02 -2.237901587688726011e+02
1.460000000000000000e+02 -3.442334762991569619e+02
1.470000000000000000e+02 -4.143609501770180259e+01
1.480000000000000000e+02 -5.293599792647724911e+01
1.490000000000000000e+02 -4.789302725322029630e+01
1.500000000000000000e+02 -8.345873050796052439e+01
1.510000000000000000e+02 -7.788054310234990396e+00
1.520000000000000000e+02 -3.637601296594042566e+01
1.530000000000000000e+02 -1.092117662955515911e+01
1.540000000000000000e+02 -3.680634210057186095e+01
1.550000000000000000e+02 -8.184773375909621507e+01
1.560000000000000000e+02 -1.688693664069671740e+01
1.570000000000000000e+02 -2.076085833027527272e+01
1.580000000000000000e+02 -9.387002582300948461e+01
1.590000000000000000e+02 -9.496106695815566923e+01
1.600000000000000000e+02 -8.522896719375212626e+01
1.610000000000000000e+02 -6.566499899625026160e+01
1.620000000000000000e+02 -9.843810860113494243e+01
1.630000000000000000e+02 -9.566956535500024472e+01
1.640000000000000000e+02 -3.173026820730558484e+01
1.650000000000000000e+02 -1.033068695947381599e+02
1.660000000000000000e+02 -3.702622479925588550e+02
1.670000000000000000e+02 -6.246095240140711269e+01
1.680000000000000000e+02 -2.039771391757404615e+02
1.690000000000000000e+02 -1.022990070935267966e+02
1.700000000000000000e+02 -2.089440805327120074e+02
1.710000000000000000e+02 -1.950223171915130251e+02
1.720000000000000000e+02 -5.341820080316317387e+01
1.730000000000000000e+02 -2.899524532802218602e+01
1.740000000000000000e+02 -4.822340193738293834e+01
1.750000000000000000e+02 2.408037204167727907e+01
1.760000000000000000e+02 -4.406383515347504698e+01
1.770000000000000000e+02 -6.588702345669982208e+01
1.780000000000000000e+02 -1.598518873487939906e+01
1.790000000000000000e+02 -2.123813166218188542e+01
1.800000000000000000e+02 -8.496218316499059142e+01
1.810000000000000000e+02 -7.288819012214727877e+01
1.820000000000000000e+02 -9.157584670882951627e+01
1.830000000000000000e+02 -4.246204047607278653e+01
1.840000000000000000e+02 -1.054956523042264962e+02
1.850000000000000000e+02 -9.132119961764880145e+01
1.860000000000000000e+02 -8.515851167362441743e+01
1.870000000000000000e+02 -1.186493636073270039e+02
1.880000000000000000e+02 -1.184920816772760901e+02
1.890000000000000000e+02 -1.119507802249591890e+02
1.900000000000000000e+02 -3.126886200807856397e+01
1.910000000000000000e+02 -4.082654653308455295e+02
1.920000000000000000e+02 -5.775583372948042893e+01
1.930000000000000000e+02 -8.846338709216868779e+01
1.940000000000000000e+02 -6.260128811364041468e+01
1.950000000000000000e+02 -8.273531771683270364e+00
1.960000000000000000e+02 -1.285651987124750804e+02
1.970000000000000000e+02 -1.188697322531610610e+02
1.980000000000000000e+02 -6.162434530776861408e+01
1.990000000000000000e+02 -5.244851760058898549e+01
2.000000000000000000e+02 8.767893905245487929e+01
2.010000000000000000e+02 8.080811854492900181e+00
2.020000000000000000e+02 -3.694388603611166388e+01
2.030000000000000000e+02 1.249889124409703278e+01
2.040000000000000000e+02 9.382127456527932452e+00
2.050000000000000000e+02 2.023841566859379668e+02
2.060000000000000000e+02 -4.806666844231673394e+02
2.070000000000000000e+02 2.742902370604976525e+01
2.080000000000000000e+02 1.623669187619764216e+02
2.090000000000000000e+02 1.441374462521668534e+02
2.100000000000000000e+02 -8.114217150062201256e+01
2.110000000000000000e+02 -1.162214885081559430e+02
2.120000000000000000e+02 2.476315640257777204e+02
2.130000000000000000e+02 3.696690480236961562e+00
2.140000000000000000e+02 -1.867177445674998921e+02
2.150000000000000000e+02 -2.691454666500063695e+02
2.160000000000000000e+02 1.894443711070424570e+02
2.170000000000000000e+02 -2.649935791372614347e+01
2.180000000000000000e+02 1.688292440865578499e+02
2.190000000000000000e+02 -2.771265808664911106e+02
2.200000000000000000e+02 -2.416618696013700003e+02
2.210000000000000000e+02 -1.293899770952299832e+03
2.220000000000000000e+02 3.661973676299428604e+01
2.230000000000000000e+02 3.383478654014700737e+01
2.240000000000000000e+02 -5.762007607981900037e+01
2.250000000000000000e+02 -1.027571533650196756e+02
2.260000000000000000e+02 1.773075047876391963e+01
2.270000000000000000e+02 -1.127768299954308446e+02
2.280000000000000000e+02 -2.481343233939566062e+02
2.290000000000000000e+02 -3.328529385911489413e+01
2.300000000000000000e+02 -5.664446709745952546e+00
2.310000000000000000e+02 2.258178374225948346e+02
2.320000000000000000e+02 2.487426593306436189e+02
2.330000000000000000e+02 -1.343822802625439294e+02
2.340000000000000000e+02 2.022026490924012592e+02
2.350000000000000000e+02 -1.721622736567576055e+02
2.360000000000000000e+02 2.036222353358387949e+01
2.370000000000000000e+02 -1.303539676084621988e+02
2.380000000000000000e+02 -1.141150005363393518e+02
2.390000000000000000e+02 -2.151557248036788792e+02
2.400000000000000000e+02 -2.035262094592731614e+02
2.410000000000000000e+02 -2.036704683200772479e+02
2.420000000000000000e+02 -1.107834961077588503e+02
2.430000000000000000e+02 -2.852867180175093154e+02
2.440000000000000000e+02 -5.219292769419280376e+02
2.450000000000000000e+02 1.869668483688564606e+02
2.460000000000000000e+02 -4.549876230111664199e+02
2.470000000000000000e+02 7.609193804782307780e+01
2.480000000000000000e+02 2.307160393993614207e+02
2.490000000000000000e+02 -3.293345336038284898e+01
2.500000000000000000e+02 1.675950840806850408e+02
2.510000000000000000e+02 -1.506232625040732955e+02
2.520000000000000000e+02 1.867101457236108217e+02
2.530000000000000000e+02 2.265745254507984896e+02
2.540000000000000000e+02 1.839586837152033922e+02
2.550000000000000000e+02 2.046120642225512825e+02
2.560000000000000000e+02 2.406011904114425022e+02
2.570000000000000000e+02 2.663255937039673427e+02
2.580000000000000000e+02 2.243650762974324664e+02
2.590000000000000000e+02 -3.656350878282268582e+02
2.600000000000000000e+02 2.451605456088400956e+02
2.610000000000000000e+02 2.067527480241395494e+02
2.620000000000000000e+02 1.621719354465747074e+02
2.630000000000000000e+02 1.089361496618700471e+02
2.640000000000000000e+02 -2.974152174408584415e+01
2.650000000000000000e+02 6.793575925889993528e+01
2.660000000000000000e+02 2.388265668021371084e+02
2.670000000000000000e+02 2.180903331846373305e+02
2.680000000000000000e+02 2.032694116849991133e+02
2.690000000000000000e+02 1.727423615214250958e+02
2.700000000000000000e+02 -1.173213797506568312e+01
2.710000000000000000e+02 -9.215762445699117222e+01
2.720000000000000000e+02 2.170358516106922480e+02
2.730000000000000000e+02 -1.373472177099814928e+01
2.740000000000000000e+02 -1.024447091865887529e+02
2.750000000000000000e+02 1.955405140802205324e+02
2.760000000000000000e+02 -3.375163633305956523e+01
2.770000000000000000e+02 2.859634554128213040e+02
2.780000000000000000e+02 1.618169593930154804e+02
2.790000000000000000e+02 1.916173933925808797e+02
2.800000000000000000e+02 2.592495313295647748e+02
2.810000000000000000e+02 7.699177693150663515e+01
2.820000000000000000e+02 2.323718567864946181e+02
2.830000000000000000e+02 8.608708234830136519e+01
2.840000000000000000e+02 2.012866216275628517e+02
2.850000000000000000e+02 1.888499880521906675e+02
2.860000000000000000e+02 1.782934036589036850e+02
2.870000000000000000e+02 1.813835020338829338e+02
2.880000000000000000e+02 1.382335308643800715e+02
2.890000000000000000e+02 -7.566712232807449645e+00
2.900000000000000000e+02 2.413116383427281164e+02
2.910000000000000000e+02 2.206062519148081691e+01
2.920000000000000000e+02 1.877441333007712672e+02
2.930000000000000000e+02 1.051685614451420463e+02
2.940000000000000000e+02 2.168125050444094484e+02
2.950000000000000000e+02 -4.017135075990112369e+01
2.960000000000000000e+02 1.948727591247244391e+02
2.970000000000000000e+02 2.220438487890876331e+02
2.980000000000000000e+02 2.285211172570742804e+02
2.990000000000000000e+02 2.537231499752294042e+02
3.000000000000000000e+02 2.077784022110083129e+02
3.010000000000000000e+02 7.725286161216818925e+01
3.020000000000000000e+02 2.282942545319388614e+02
3.030000000000000000e+02 1.755121945811937394e+02
3.040000000000000000e+02 2.878880467312468454e+02
3.050000000000000000e+02 1.912142008380682796e+02
3.060000000000000000e+02 2.318693759185882755e+02
3.070000000000000000e+02 2.131124049020391737e+02
3.080000000000000000e+02 -5.885848519314324534e+01
3.090000000000000000e+02 8.411317884329225336e+00
3.100000000000000000e+02 -1.383662109014736359e+02
3.110000000000000000e+02 -2.348770609668927989e+02
3.120000000000000000e+02 2.378745316690450693e+02
3.130000000000000000e+02 2.134513954476254582e+02
3.140000000000000000e+02 2.862957373121166711e+02
3.150000000000000000e+02 -5.424827675369915880e+01
3.160000000000000000e+02 -2.511099272175917747e+02
3.170000000000000000e+02 -4.106044846110856383e+01
3.180000000000000000e+02 1.693569127824264910e+02
3.190000000000000000e+02 2.395186144102243304e+02
3.200000000000000000e+02 2.972745687296754795e+02
3.210000000000000000e+02 2.682120779712647050e+02
3.220000000000000000e+02 2.343841969961891607e+02
3.230000000000000000e+02 -5.779324755766342037e+01
3.240000000000000000e+02 3.058030607473494911e+02
3.250000000000000000e+02 2.513183009970910007e+02
3.260000000000000000e+02 1.883617880766710186e+02
3.270000000000000000e+02 2.718814432131807735e+02
3.280000000000000000e+02 2.223747498641291429e+02
3.290000000000000000e+02 2.242869440098441771e+02
3.300000000000000000e+02 2.610359554293673909e+02
3.310000000000000000e+02 2.249129183753380516e+02
3.320000000000000000e+02 1.981029765948509294e+02
3.330000000000000000e+02 2.604387810163440236e+02
3.340000000000000000e+02 2.721967618643774358e+02
3.350000000000000000e+02 2.433061618533105843e+02
3.360000000000000000e+02 2.465448662988291630e+02
3.370000000000000000e+02 2.404184219881241518e+02
3.380000000000000000e+02 2.402198384758719385e+02
3.390000000000000000e+02 2.240878198619910222e+02
3.400000000000000000e+02 2.639835701690651035e+02
3.410000000000000000e+02 2.474565785106927365e+02
3.420000000000000000e+02 1.045830948426384452e+02
3.430000000000000000e+02 2.545300112177179983e+02
3.440000000000000000e+02 2.301398490177102758e+02
3.450000000000000000e+02 1.876094760130222312e+02
3.460000000000000000e+02 -1.313299324176243132e+01
3.470000000000000000e+02 2.805624041718193666e+02
3.480000000000000000e+02 1.988724207522044480e+02
3.490000000000000000e+02 -5.111098107508490784e+01
3.500000000000000000e+02 2.471442766465949319e+02
3.510000000000000000e+02 2.853549486405743210e+02
3.520000000000000000e+02 2.177701214359411779e+02
3.530000000000000000e+02 2.588799840061373061e+02
3.540000000000000000e+02 2.560073260903043320e+02
3.550000000000000000e+02 2.252064586995901436e+02
3.560000000000000000e+02 1.965138534060335758e+02
3.570000000000000000e+02 2.269954745786276362e+02
3.580000000000000000e+02 2.424178907070526634e+02
3.590000000000000000e+02 2.745406534651236825e+02
3.600000000000000000e+02 2.432529440151804181e+02
3.610000000000000000e+02 2.456727063709750780e+02
3.620000000000000000e+02 -1.972349649348484490e+02
3.630000000000000000e+02 2.566226069644512222e+02
3.640000000000000000e+02 2.558135773877435213e+02
3.650000000000000000e+02 2.494344281602679700e+02
3.660000000000000000e+02 -1.389851164539593853e+01
3.670000000000000000e+02 1.514572474778112507e+02
3.680000000000000000e+02 -2.259537136049218020e+01
3.690000000000000000e+02 2.720584257437224096e+00
3.700000000000000000e+02 2.550076200940800391e+02
3.710000000000000000e+02 2.623541157391165939e+02
3.720000000000000000e+02 2.170187309915385185e+02
3.730000000000000000e+02 2.942980341591213573e+02
3.740000000000000000e+02 2.682615732960680361e+02
3.750000000000000000e+02 3.967419110264226134e+01
3.760000000000000000e+02 2.263273863039220828e+02
3.770000000000000000e+02 2.464114940847353523e+02
3.780000000000000000e+02 -3.233683791761178838e+01
3.790000000000000000e+02 2.124262379411575523e+02
3.800000000000000000e+02 2.719027429984091668e+02
3.810000000000000000e+02 2.399371402412000691e+02
3.820000000000000000e+02 2.703783910538593886e+02
3.830000000000000000e+02 2.180820291216398061e+02
3.840000000000000000e+02 2.462817072685743085e+02
3.850000000000000000e+02 2.809547400743236949e+02
3.860000000000000000e+02 1.584926371160592851e+01
3.870000000000000000e+02 2.619357518583769320e+02
3.880000000000000000e+02 2.836446338380128509e+02
3.890000000000000000e+02 -9.084133050073270965e+01
3.900000000000000000e+02 2.503260075612332116e+02
3.910000000000000000e+02 2.591234200292315677e+02
3.920000000000000000e+02 2.350021783830725326e+02
3.930000000000000000e+02 -8.974952578428471384e+00
3.940000000000000000e+02 2.209058560340294264e+01
3.950000000000000000e+02 -3.701783655070869372e+00
3.960000000000000000e+02 2.421169216734338363e+02
3.970000000000000000e+02 2.646154937160410441e+02
3.980000000000000000e+02 2.346038439327691094e+02
3.990000000000000000e+02 2.576967514594142585e+02
4.000000000000000000e+02 2.344102320974216127e+02
4.010000000000000000e+02 8.602783340814957569e+01
4.020000000000000000e+02 2.124734182628278063e+02
4.030000000000000000e+02 2.747982688243643565e+02
4.040000000000000000e+02 -8.530923078832128681e+01
4.050000000000000000e+02 2.927305600358288302e+02
4.060000000000000000e+02 2.422599519983400569e+02
4.070000000000000000e+02 4.296385555402082446e+00
4.080000000000000000e+02 2.159625697327513194e+02
4.090000000000000000e+02 2.541151997988937978e+02
4.100000000000000000e+02 2.528582937633973984e+02
4.110000000000000000e+02 1.828793356546139535e+02
4.120000000000000000e+02 2.651832680757893286e+02
4.130000000000000000e+02 2.236017975460710545e+02
4.140000000000000000e+02 2.231739867784516491e+02
4.150000000000000000e+02 2.179746772276498348e+02
4.160000000000000000e+02 5.299984519765601476e+01
4.170000000000000000e+02 2.131036489188133487e+00
4.180000000000000000e+02 2.442132830312679062e+02
4.190000000000000000e+02 3.065303679675787407e+02
4.200000000000000000e+02 2.957348805220706254e+02
4.210000000000000000e+02 2.413920042216267348e+01
4.220000000000000000e+02 2.768837509513214172e+02
4.230000000000000000e+02 4.580741005005248212e+01
4.240000000000000000e+02 2.875484218721941829e+02
4.250000000000000000e+02 2.664377200185330139e+02
4.260000000000000000e+02 2.472316014533504642e+02
4.270000000000000000e+02 2.665270099869306932e+02
4.280000000000000000e+02 2.566311994351849535e+02
4.290000000000000000e+02 2.898838577889397925e+02
4.300000000000000000e+02 2.638286059983662426e+02
4.310000000000000000e+02 -4.900652167648331670e+00
4.320000000000000000e+02 2.762827164085010736e+02
4.330000000000000000e+02 -5.283345764571879499e+01
4.340000000000000000e+02 9.181560256228863182e+01
4.350000000000000000e+02 2.574156629144710564e+02
4.360000000000000000e+02 1.349453607047526305e+02
4.370000000000000000e+02 2.276786848892560329e+02
4.380000000000000000e+02 2.618429043675374714e+02
4.390000000000000000e+02 2.394254724650346589e+01
4.400000000000000000e+02 2.188542426011935333e+02
4.410000000000000000e+02 2.053336816209262565e+02
4.420000000000000000e+02 2.446077538374890139e+02
4.430000000000000000e+02 2.131998060810753373e+02
4.440000000000000000e+02 -1.015780684210559684e+03
4.450000000000000000e+02 2.236361939700869925e+02
4.460000000000000000e+02 2.600129484177709855e+02
4.470000000000000000e+02 2.580829787742350163e+02
4.480000000000000000e+02 1.612415772145195945e+02
4.490000000000000000e+02 2.534681489334510331e+02
4.500000000000000000e+02 2.334300156110536761e+02
4.510000000000000000e+02 2.128329011065929990e+02
4.520000000000000000e+02 -1.444575864215389061e+02
4.530000000000000000e+02 2.554857082468623730e+02
4.540000000000000000e+02 4.086183371582553292e+01
4.550000000000000000e+02 2.662978735745168706e+02
4.560000000000000000e+02 -3.333658514307513769e+02
4.570000000000000000e+02 2.059380428614666698e+02
4.580000000000000000e+02 9.878752454028773400e+01
4.590000000000000000e+02 2.760636790678320267e+02
4.600000000000000000e+02 2.479790965408111560e+02
4.610000000000000000e+02 2.481110375599016891e+02
4.620000000000000000e+02 2.071456057289769319e+02
4.630000000000000000e+02 2.213494183285060899e+02
4.640000000000000000e+02 2.400274005837412972e+02
4.650000000000000000e+02 2.608548265184433035e+02
4.660000000000000000e+02 2.506115327258998207e+02
4.670000000000000000e+02 2.266633057033880334e+02
4.680000000000000000e+02 2.572181800151277571e+02
4.690000000000000000e+02 2.429208163955765656e+02
4.700000000000000000e+02 2.521015525330412856e+02
4.710000000000000000e+02 -5.217446209998422546e+01
4.720000000000000000e+02 2.060398390024818696e+02
4.730000000000000000e+02 2.545693067913561833e+02
4.740000000000000000e+02 2.499156236257182115e+02
4.750000000000000000e+02 2.650743719793853188e+02
4.760000000000000000e+02 2.520553185189428689e+02
4.770000000000000000e+02 -2.012352172150649920e+01
4.780000000000000000e+02 2.696072914356324191e+02
4.790000000000000000e+02 2.839557397696249268e+02
4.800000000000000000e+02 2.321940892631763802e+02
4.810000000000000000e+02 2.774778711922209595e+02
4.820000000000000000e+02 1.039970781404034739e+02
4.830000000000000000e+02 1.894463654003495208e+02
4.840000000000000000e+02 2.200992150895008024e+02
4.850000000000000000e+02 2.250371778515616938e+02
4.860000000000000000e+02 1.985475555183065239e+02
4.870000000000000000e+02 -2.460309045141961359e+00
4.880000000000000000e+02 2.362417617216135284e+02
4.890000000000000000e+02 2.371274399364864109e+02
4.900000000000000000e+02 2.803738394724596219e+02
4.910000000000000000e+02 2.331793770186462496e+02
4.920000000000000000e+02 2.686261725632370485e+02
4.930000000000000000e+02 2.802765727855481828e+02
4.940000000000000000e+02 2.320557719018651710e+02
4.950000000000000000e+02 2.569290780554719049e+02
4.960000000000000000e+02 2.115355970748154562e+02
4.970000000000000000e+02 2.430016075621390144e+02
4.980000000000000000e+02 2.678676677508916555e+02
4.990000000000000000e+02 3.107661337502094057e+01
5.000000000000000000e+02 1.578111317531480040e+00
5.010000000000000000e+02 7.985797833624970110e+01
5.020000000000000000e+02 2.596639280532349403e+02
5.030000000000000000e+02 2.736094619364002938e+02
5.040000000000000000e+02 2.311299568659600254e+02
5.050000000000000000e+02 2.745447773082059939e+01
5.060000000000000000e+02 -1.971299099184874422e+02
5.070000000000000000e+02 2.588926294460512167e+02
5.080000000000000000e+02 2.405621924968420160e+02
5.090000000000000000e+02 2.954615290651522628e+02
5.100000000000000000e+02 -1.094210927441855219e+00
5.110000000000000000e+02 2.369089971426716090e+02
5.120000000000000000e+02 2.827144260892334273e+02
5.130000000000000000e+02 1.451182162774696280e+02
5.140000000000000000e+02 9.084053939527377608e+00
5.150000000000000000e+02 2.527517314316027637e+02
5.160000000000000000e+02 2.514951167805507737e+02
5.170000000000000000e+02 2.654925802707974185e+02
5.180000000000000000e+02 2.937173884739939922e+02
5.190000000000000000e+02 1.056582939968897961e+01
5.200000000000000000e+02 -7.072600707553709753e+01
5.210000000000000000e+02 -1.362335908294099056e+02
5.220000000000000000e+02 2.336388471956149147e+02
5.230000000000000000e+02 2.739060029629924315e+02
5.240000000000000000e+02 2.214892599435827378e+02
5.250000000000000000e+02 1.644249342163286443e-01
5.260000000000000000e+02 3.115778561788699790e+02
5.270000000000000000e+02 2.458343905915352821e+02
5.280000000000000000e+02 3.100482948983321307e+02
5.290000000000000000e+02 2.876059556886394830e+02
5.300000000000000000e+02 1.481808316096370248e+01
5.310000000000000000e+02 2.547868602457454870e+02
5.320000000000000000e+02 2.436039749377810892e+02
5.330000000000000000e+02 2.989055869689011615e+02
5.340000000000000000e+02 2.680245252014499897e+02
5.350000000000000000e+02 2.403604233005335118e+02
5.360000000000000000e+02 2.485781656637107915e+02
5.370000000000000000e+02 2.559457808752051164e+02
5.380000000000000000e+02 2.397390373865837319e+02
5.390000000000000000e+02 2.651969564201755816e+02
5.400000000000000000e+02 2.967787807702158034e+02
5.410000000000000000e+02 -2.035560914649095139e+02
5.420000000000000000e+02 2.230920122614358547e+02
5.430000000000000000e+02 1.371651500291613104e+02
5.440000000000000000e+02 2.413448995760421951e+02
5.450000000000000000e+02 2.579837544501313005e+02
5.460000000000000000e+02 2.606495236912938935e+02
5.470000000000000000e+02 2.556797581954031955e+02
5.480000000000000000e+02 2.445943776944094452e+02
5.490000000000000000e+02 2.530067858295249152e+02
5.500000000000000000e+02 2.504952239386614110e+02
5.510000000000000000e+02 2.498421722310266659e+02
5.520000000000000000e+02 2.764696208173032232e+02
5.530000000000000000e+02 2.481018275929959884e+02
5.540000000000000000e+02 2.541793950949699195e+02
5.550000000000000000e+02 2.465316782906373874e+02
5.560000000000000000e+02 2.998742148613669656e+02
5.570000000000000000e+02 2.749302081668578808e+02
5.580000000000000000e+02 2.568595413242107952e+02
5.590000000000000000e+02 2.441309176688038178e+02
5.600000000000000000e+02 2.763549087307973195e+02
5.610000000000000000e+02 2.472030640674195752e+02
5.620000000000000000e+02 5.082337560315212954e+01
5.630000000000000000e+02 2.614200053542555793e+02
5.640000000000000000e+02 2.392853681815548441e+02
5.650000000000000000e+02 1.953833557572196469e+02
5.660000000000000000e+02 1.764934908412165555e+02
5.670000000000000000e+02 2.662988972252300641e+02
5.680000000000000000e+02 2.442047051176079719e+02
5.690000000000000000e+02 1.781989230793399770e+02
5.700000000000000000e+02 2.336387318265630313e+02
5.710000000000000000e+02 -3.358983577045447078e+01
5.720000000000000000e+02 2.290580555573912420e+02
5.730000000000000000e+02 -9.138314921847727135e+01
5.740000000000000000e+02 2.935679501908954876e+02
5.750000000000000000e+02 1.986863017799029763e+02
5.760000000000000000e+02 2.505367914696516607e+02
5.770000000000000000e+02 2.640334650870436235e+02
5.780000000000000000e+02 2.785440331066654949e+02
5.790000000000000000e+02 1.554994111326692234e+02
5.800000000000000000e+02 1.834404113343481413e+01
5.810000000000000000e+02 2.615540558145804084e+02
5.820000000000000000e+02 3.125682366690125491e+01
5.830000000000000000e+02 2.511231674887687859e+02
5.840000000000000000e+02 2.483621448963592968e+02
5.850000000000000000e+02 2.449082999972651749e+02
5.860000000000000000e+02 -6.668697254989305634e+01
5.870000000000000000e+02 2.459184702023624709e+02
5.880000000000000000e+02 2.573349535909015913e+02
5.890000000000000000e+02 2.964630328333540774e+02
5.900000000000000000e+02 2.162500168867840955e+02
5.910000000000000000e+02 2.081488872544802575e+02
5.920000000000000000e+02 2.198277310483156839e+02
5.930000000000000000e+02 1.899063583457920856e+02
5.940000000000000000e+02 2.338137273860499477e+02
5.950000000000000000e+02 -5.718569158648203938e+02
5.960000000000000000e+02 2.469296917210608626e+02
5.970000000000000000e+02 2.663895709595872177e+02
5.980000000000000000e+02 -1.208348445831005620e+02
5.990000000000000000e+02 -3.440802451591159183e+01
6.000000000000000000e+02 -1.164906242111857182e+01
6.010000000000000000e+02 2.508197210367614787e+02
6.020000000000000000e+02 2.377366332249030734e+02
6.030000000000000000e+02 2.784617584550241531e+02
6.040000000000000000e+02 2.614964211873541444e+02
6.050000000000000000e+02 8.949867399198419093e+01
6.060000000000000000e+02 -2.002369618112531668e+01
6.070000000000000000e+02 4.124615288192822504e+01
6.080000000000000000e+02 2.753583211842896503e+02
6.090000000000000000e+02 2.171523244471732994e+01
6.100000000000000000e+02 -3.738258741131090801e+00
6.110000000000000000e+02 2.787673375386835914e+02
6.120000000000000000e+02 2.951306128900409931e+02
6.130000000000000000e+02 2.195444431645270811e+00
6.140000000000000000e+02 2.411152250689510765e+02
6.150000000000000000e+02 2.733436114784387883e+02
6.160000000000000000e+02 5.853339714733039045e+00
6.170000000000000000e+02 -2.618507690345759329e+02
6.180000000000000000e+02 1.752805845725916072e+02
6.190000000000000000e+02 -3.571815822979060044e+02
6.200000000000000000e+02 -1.441831614364788834e+02
6.210000000000000000e+02 2.647819118030764685e+02
6.220000000000000000e+02 2.767217157944741643e+02
6.230000000000000000e+02 2.492006251780580328e+01
6.240000000000000000e+02 3.019539976104728112e+02
6.250000000000000000e+02 2.326853412333758797e+02
6.260000000000000000e+02 2.740796920021310825e+02
6.270000000000000000e+02 3.119530881589017213e+01
6.280000000000000000e+02 2.792547778417372228e+02
6.290000000000000000e+02 2.661238637391654152e+02
6.300000000000000000e+02 -2.951612695804217310e+02
6.310000000000000000e+02 2.769709732606078205e+02
6.320000000000000000e+02 2.816109923623209852e+02
6.330000000000000000e+02 2.490629688484400504e+02
6.340000000000000000e+02 3.284270212452528881e+01
6.350000000000000000e+02 2.984423056361936801e+02
6.360000000000000000e+02 2.604621743036215094e+02
6.370000000000000000e+02 1.987544050246555685e+02
6.380000000000000000e+02 2.208622523440310772e+02
6.390000000000000000e+02 2.532515431811448821e+02
6.400000000000000000e+02 2.828230236501229342e+02
6.410000000000000000e+02 2.374111495512402996e+02
6.420000000000000000e+02 2.398245134546694146e+02
6.430000000000000000e+02 4.289786972799232245e+01
6.440000000000000000e+02 2.787969918528161770e+02
6.450000000000000000e+02 2.476760558561506400e+02
6.460000000000000000e+02 1.953921179621488591e+02
6.470000000000000000e+02 1.737693106292939831e+02
6.480000000000000000e+02 -7.802950270044732406e+00
6.490000000000000000e+02 -8.427385598452246995e+00
6.500000000000000000e+02 2.848795004705939959e+02
6.510000000000000000e+02 1.829986189548898210e+02
6.520000000000000000e+02 2.390765986548344699e+02
6.530000000000000000e+02 -2.649101244986431425e+01
6.540000000000000000e+02 6.125519552675655177e+00
6.550000000000000000e+02 2.036570793249684925e+02
6.560000000000000000e+02 -9.926688060760450583e+01
6.570000000000000000e+02 2.623666133259788467e+02
6.580000000000000000e+02 4.159424458457715446e+01
6.590000000000000000e+02 1.967148822616459540e+02
6.600000000000000000e+02 2.599058923413755338e+02
6.610000000000000000e+02 2.609572592609918047e+02
6.620000000000000000e+02 1.942431507246320450e+02
6.630000000000000000e+02 2.782382648659444158e+02
6.640000000000000000e+02 1.409008620620284660e+02
6.650000000000000000e+02 2.893593746487336489e+02
6.660000000000000000e+02 2.637623833146761854e+02
6.670000000000000000e+02 -5.153027142488057422e+01
6.680000000000000000e+02 6.091352699146716532e+01
6.690000000000000000e+02 2.320131238143123085e+02
6.700000000000000000e+02 2.465755643683314702e+02
6.710000000000000000e+02 2.630910403193836942e+02
6.720000000000000000e+02 2.727758033980128971e+02
6.730000000000000000e+02 -5.301352134068082478e+01
6.740000000000000000e+02 2.211517624344859314e+02
6.750000000000000000e+02 2.510011531953459780e+02
6.760000000000000000e+02 2.769060646305756563e+02
6.770000000000000000e+02 2.588189969160325745e+02
6.780000000000000000e+02 2.211958291639622587e+02
6.790000000000000000e+02 2.720336048509345801e+02
6.800000000000000000e+02 4.074507756616310417e+01
6.810000000000000000e+02 2.491113767609264471e+02
6.820000000000000000e+02 3.333271790196425854e+01
6.830000000000000000e+02 2.054926497051635010e+02
6.840000000000000000e+02 2.654800198908321818e+02
6.850000000000000000e+02 4.338776311741307268e+01
6.860000000000000000e+02 2.411296105144762691e+02
6.870000000000000000e+02 1.342404203399145501e+01
6.880000000000000000e+02 2.542199935040671051e+02
6.890000000000000000e+02 2.199359523215013610e+02
6.900000000000000000e+02 2.604108708827609462e+02
6.910000000000000000e+02 2.476847796912607578e+02
6.920000000000000000e+02 2.517663050085502050e+02
6.930000000000000000e+02 2.891208429311957957e+02
6.940000000000000000e+02 2.054870751250466299e+02
6.950000000000000000e+02 2.872195309921637545e+02
6.960000000000000000e+02 2.752232624340439315e+02
6.970000000000000000e+02 4.447915936745218346e+00
6.980000000000000000e+02 2.623465138699046975e+02
6.990000000000000000e+02 2.434574185419518528e+02
7.000000000000000000e+02 4.639313272541170363e+01
7.010000000000000000e+02 2.628944996131594962e+02
7.020000000000000000e+02 2.769774364203502159e+02
7.030000000000000000e+02 2.085980360067317179e+02
7.040000000000000000e+02 5.135018821448764470e+01
7.050000000000000000e+02 2.658942750720303820e+02
7.060000000000000000e+02 2.484106287012051268e+02
7.070000000000000000e+02 2.049405378799707478e+02
7.080000000000000000e+02 2.626416243991878900e+02
7.090000000000000000e+02 2.197181342005514750e+02
7.100000000000000000e+02 2.024315362031708219e+02
7.110000000000000000e+02 2.513002176928258677e+02
7.120000000000000000e+02 2.309887888132264209e+02
7.130000000000000000e+02 2.231805020256099965e+02
7.140000000000000000e+02 2.397122384211293422e+02
7.150000000000000000e+02 2.300574349317567169e+02
7.160000000000000000e+02 1.991253366071877053e+02
7.170000000000000000e+02 -6.478897476865424210e+01
7.180000000000000000e+02 2.603892990911842276e+02
7.190000000000000000e+02 2.754163929780105491e+02
7.200000000000000000e+02 2.592101622935138039e+02
7.210000000000000000e+02 2.311892708002129666e+02
7.220000000000000000e+02 2.540322586426845248e+02
7.230000000000000000e+02 2.843064921354973080e+02
7.240000000000000000e+02 2.811471037325116527e+02
7.250000000000000000e+02 2.271312116623030306e+02
7.260000000000000000e+02 2.395154914931396206e+02
7.270000000000000000e+02 2.630744313064502649e+02
7.280000000000000000e+02 2.559074643171016987e+02
7.290000000000000000e+02 2.358987674697893908e+02
7.300000000000000000e+02 2.443222680727226930e+02
7.310000000000000000e+02 2.197791945561969555e+02
7.320000000000000000e+02 2.694041593002955892e+02
7.330000000000000000e+02 2.649603036880822629e+02
7.340000000000000000e+02 2.709956560687649585e+02
7.350000000000000000e+02 2.131430972001850535e+02
7.360000000000000000e+02 2.649109639846262780e+02
7.370000000000000000e+02 2.428388825562760474e+02
7.380000000000000000e+02 2.895712409266557756e+02
7.390000000000000000e+02 -1.517004316558297319e+02
7.400000000000000000e+02 2.830451901518495674e+02
7.410000000000000000e+02 2.414919138029928831e+02
7.420000000000000000e+02 2.427521893627699967e+02
7.430000000000000000e+02 2.424217588313937313e+02
7.440000000000000000e+02 2.897481933656976025e+02
7.450000000000000000e+02 2.162301581181031338e+02
7.460000000000000000e+02 2.321622903230491204e+02
7.470000000000000000e+02 2.590357735187282060e+02
7.480000000000000000e+02 2.335705546153481293e+02
7.490000000000000000e+02 3.180614211827510189e+02
7.500000000000000000e+02 2.280425957334217060e+02
7.510000000000000000e+02 2.316423302698724456e+02
7.520000000000000000e+02 1.465429410527466416e+02
7.530000000000000000e+02 2.677845555852772463e+02
7.540000000000000000e+02 2.445547953096580045e+02
7.550000000000000000e+02 2.544390129601920023e+02
7.560000000000000000e+02 2.880217999674296152e+02
7.570000000000000000e+02 2.741981455104136103e+02
7.580000000000000000e+02 2.988700720165193729e+02
7.590000000000000000e+02 2.812423439832190297e+02
7.600000000000000000e+02 2.216315281885612194e+02
7.610000000000000000e+02 2.455127876453288422e+02
7.620000000000000000e+02 2.482471790361258002e+02
7.630000000000000000e+02 2.429471735001582715e+02
7.640000000000000000e+02 2.522012898704018653e+02
7.650000000000000000e+02 2.878980026952086178e+02
7.660000000000000000e+02 2.268707071922422074e+02
7.670000000000000000e+02 2.896275855887921011e+02
7.680000000000000000e+02 2.771157363454901770e+02
7.690000000000000000e+02 2.652311097338903210e+02
7.700000000000000000e+02 2.694090890543692467e+02
7.710000000000000000e+02 -2.840591051277095858e+01
7.720000000000000000e+02 2.085854165232201467e+02
7.730000000000000000e+02 2.339116402727116224e+02
7.740000000000000000e+02 2.604124952421301487e+02
7.750000000000000000e+02 1.119067719114059400e+01
7.760000000000000000e+02 2.199730662458766801e+02
7.770000000000000000e+02 2.268755964775963321e+02
7.780000000000000000e+02 2.833361091534001162e+02
7.790000000000000000e+02 2.247448053624800366e+02
7.800000000000000000e+02 2.422057504247327699e+02
7.810000000000000000e+02 -3.031368025595103859e+02
7.820000000000000000e+02 -1.555922259908942635e+02
7.830000000000000000e+02 2.259215408071748357e+02
7.840000000000000000e+02 2.075157582123907218e+02
7.850000000000000000e+02 2.918584070654436573e+02
7.860000000000000000e+02 2.656911337163808753e+02
7.870000000000000000e+02 2.242704892696046386e+02
7.880000000000000000e+02 2.292716722686122353e+02
7.890000000000000000e+02 2.717744876548524076e+02
7.900000000000000000e+02 2.634972852475935952e+02
7.910000000000000000e+02 2.184945179228396910e+02
7.920000000000000000e+02 2.268532693369330104e+02
7.930000000000000000e+02 2.409621103681606655e+02
7.940000000000000000e+02 2.088527563353454752e+02
7.950000000000000000e+02 2.076462054876071761e+02
7.960000000000000000e+02 2.342260153235671396e+02
7.970000000000000000e+02 2.370553398125017566e+02
7.980000000000000000e+02 2.005081409579227056e+02
7.990000000000000000e+02 -2.146861253040234772e+02
8.000000000000000000e+02 2.182022923939089196e+02
8.010000000000000000e+02 2.839692631236253533e+02
8.020000000000000000e+02 -4.743023270607445596e+01
8.030000000000000000e+02 2.718650728715404625e+02
8.040000000000000000e+02 1.717602071329212663e+02
8.050000000000000000e+02 2.735942534732888021e+02
8.060000000000000000e+02 2.765625894344225344e+01
8.070000000000000000e+02 -1.310185108884047622e+02
8.080000000000000000e+02 2.634626316307754905e+02
8.090000000000000000e+02 3.077769018942625507e+02
8.100000000000000000e+02 2.821046015988499676e+02
8.110000000000000000e+02 2.501286821966215257e+02
8.120000000000000000e+02 2.683777391509671020e+02
8.130000000000000000e+02 2.493855404487512430e+02
8.140000000000000000e+02 2.461391562016274008e+02
8.150000000000000000e+02 2.972784385722817433e+02
8.160000000000000000e+02 2.359302279994849130e+02
8.170000000000000000e+02 -1.548688740167814615e+01
8.180000000000000000e+02 1.669537034829891127e+02
8.190000000000000000e+02 2.023355862885895817e+02
8.200000000000000000e+02 2.242293388256912010e+02
8.210000000000000000e+02 2.119739491632590216e+02
8.220000000000000000e+02 2.304262133023197805e+02
8.230000000000000000e+02 3.085765322338821761e+02
8.240000000000000000e+02 2.116214254688518395e+02
8.250000000000000000e+02 2.595988618590520787e+02
8.260000000000000000e+02 2.560687606798235265e+02
8.270000000000000000e+02 3.030601502759471373e+02
8.280000000000000000e+02 1.893616140354168351e+02
8.290000000000000000e+02 2.553640998624056238e+02
8.300000000000000000e+02 2.601911474708261949e+02
8.310000000000000000e+02 -3.348524855767725228e+01
8.320000000000000000e+02 2.448933496445730782e+02
8.330000000000000000e+02 2.645046594091188581e+02
8.340000000000000000e+02 2.627469835704843604e+02
8.350000000000000000e+02 2.573153546198188337e+02
8.360000000000000000e+02 2.499547948793181149e+02
8.370000000000000000e+02 2.344445279116454799e+02
8.380000000000000000e+02 2.579757435077388550e+02
8.390000000000000000e+02 2.590022006054813346e+02
8.400000000000000000e+02 2.331676508583345537e+02
8.410000000000000000e+02 2.258011494822252985e+02
8.420000000000000000e+02 2.617380834464198074e+02
8.430000000000000000e+02 2.379859325227886302e+02
8.440000000000000000e+02 2.744692363536634048e+02
8.450000000000000000e+02 1.363720127254565000e+02
8.460000000000000000e+02 2.626116958439424707e+02
8.470000000000000000e+02 2.558301829879408444e+02
8.480000000000000000e+02 2.686035553510813543e+02
8.490000000000000000e+02 2.357869253114558887e+02
8.500000000000000000e+02 2.323506615403564410e+02
8.510000000000000000e+02 2.852657308962950538e+02
8.520000000000000000e+02 2.580791449790111756e+02
8.530000000000000000e+02 2.395767743491838360e+02
8.540000000000000000e+02 4.352806496762681832e+01
8.550000000000000000e+02 2.591537174942362753e+02
8.560000000000000000e+02 2.465371539048737191e+02
8.570000000000000000e+02 1.997453587160930510e+02
8.580000000000000000e+02 2.877468220120269962e+02
8.590000000000000000e+02 2.628610892494372138e+02
8.600000000000000000e+02 2.556649674928302147e+02
8.610000000000000000e+02 2.852268797221390173e+02
8.620000000000000000e+02 2.380005563746285873e+02
8.630000000000000000e+02 2.650134686120800325e+02
8.640000000000000000e+02 2.245275987751543312e+02
8.650000000000000000e+02 2.270105305822484638e+02
8.660000000000000000e+02 2.767967131547711688e+02
8.670000000000000000e+02 2.796583143727549441e+02
8.680000000000000000e+02 2.937034321203649370e+02
8.690000000000000000e+02 -1.554918165551255527e+01
8.700000000000000000e+02 2.445170918692013800e+02
8.710000000000000000e+02 -2.300403073467361992e+01
8.720000000000000000e+02 2.003784584768416721e+02
8.730000000000000000e+02 8.817441328363561581e+01
8.740000000000000000e+02 2.766270231624746998e+02
8.750000000000000000e+02 2.576180963333724776e+02
8.760000000000000000e+02 2.426938548597420322e+02
8.770000000000000000e+02 2.618441919724551212e+02
8.780000000000000000e+02 2.683071394324032326e+02
8.790000000000000000e+02 2.333562375381634411e+02
8.800000000000000000e+02 -1.569848502919878115e+02
8.810000000000000000e+02 2.685630640933619588e+02
8.820000000000000000e+02 -1.962773127394161747e+02
8.830000000000000000e+02 2.554259658466050382e+02
8.840000000000000000e+02 2.914492890074799334e+02
8.850000000000000000e+02 2.277243033277666768e+02
8.860000000000000000e+02 2.474931571886013728e+02
8.870000000000000000e+02 2.951848364628922354e+02
8.880000000000000000e+02 2.504614311804616875e+02
8.890000000000000000e+02 2.795648173893380886e+02
8.900000000000000000e+02 1.985672723849500017e+02
8.910000000000000000e+02 2.173191267363932866e+02
8.920000000000000000e+02 2.290548228046696124e+02
8.930000000000000000e+02 2.815787856237895994e+02
8.940000000000000000e+02 2.470976328851612323e+02
8.950000000000000000e+02 2.775891034615885928e+02
8.960000000000000000e+02 2.815822232392976048e+02
8.970000000000000000e+02 2.409391388589623375e+02
8.980000000000000000e+02 2.991600410923760478e+01
8.990000000000000000e+02 2.566055235530684513e+02
9.000000000000000000e+02 2.248824584153381920e+02
9.010000000000000000e+02 -2.504875752143529155e+01
9.020000000000000000e+02 2.337779085654537710e+02
9.030000000000000000e+02 2.319579650567210649e+02
9.040000000000000000e+02 2.549882141771013835e+02
9.050000000000000000e+02 2.282771106697676657e+02
9.060000000000000000e+02 2.761594625188428154e+02
9.070000000000000000e+02 2.841460708102353010e+02
9.080000000000000000e+02 2.543827425195807734e+02
9.090000000000000000e+02 2.394025706220708400e+02
9.100000000000000000e+02 2.512280858946355409e+02
9.110000000000000000e+02 2.195753811418157397e+02
9.120000000000000000e+02 2.671993353969303371e+02
9.130000000000000000e+02 2.620380954765167303e+02
9.140000000000000000e+02 2.569567545736051670e+02
9.150000000000000000e+02 2.435349995447790263e+02
9.160000000000000000e+02 2.372530367191607468e+02
9.170000000000000000e+02 2.770007961076890410e+02
9.180000000000000000e+02 2.830195029320902336e+02
9.190000000000000000e+02 2.688042708316066864e+02
9.200000000000000000e+02 2.345256320829248580e+02
9.210000000000000000e+02 8.511658040086729216e+00
9.220000000000000000e+02 2.537315902596728563e+02
9.230000000000000000e+02 2.701408342380833005e+02
9.240000000000000000e+02 2.633134641370048712e+02
9.250000000000000000e+02 2.411457227693851166e+02
9.260000000000000000e+02 2.297797504260668688e+02
9.270000000000000000e+02 2.986920942941667363e+02
9.280000000000000000e+02 2.857766544767904406e+02
9.290000000000000000e+02 2.094311970788893973e+02
9.300000000000000000e+02 2.097183616996685487e+02
9.310000000000000000e+02 2.251619506183345720e+02
9.320000000000000000e+02 2.579702382907964306e+02
9.330000000000000000e+02 2.651287742300301034e+02
9.340000000000000000e+02 2.271244531018384123e+02
9.350000000000000000e+02 2.689235804916316965e+02
9.360000000000000000e+02 2.288771344834804893e+02
9.370000000000000000e+02 2.851784653647271170e+02
9.380000000000000000e+02 2.634694470982118446e+02
9.390000000000000000e+02 2.738415909928015708e+02
9.400000000000000000e+02 2.328104012205452307e+02
9.410000000000000000e+02 2.840041474085334130e+02
9.420000000000000000e+02 2.539381908865483979e+02
9.430000000000000000e+02 2.843472515267237100e+00
9.440000000000000000e+02 2.303055780696880959e+02
9.450000000000000000e+02 2.465357325113085665e+02
9.460000000000000000e+02 2.551076557514309400e+02
9.470000000000000000e+02 3.702889185959065799e+01
9.480000000000000000e+02 -1.413523302822493122e+01
9.490000000000000000e+02 2.713349032625966970e+02
9.500000000000000000e+02 2.891526833409529900e+02
9.510000000000000000e+02 2.476700439966929821e+02
9.520000000000000000e+02 2.765808116321227317e+02
9.530000000000000000e+02 2.613783419776046344e+02
9.540000000000000000e+02 2.570243183125680844e+02
9.550000000000000000e+02 2.335183060917198077e+02
9.560000000000000000e+02 2.153594698931169091e+02
9.570000000000000000e+02 2.794679421119327003e+02
9.580000000000000000e+02 2.643112516425895819e+02
9.590000000000000000e+02 2.813248262339640178e+02
9.600000000000000000e+02 1.102758036772261079e+02
9.610000000000000000e+02 2.515635673292253500e+02
9.620000000000000000e+02 2.248815902697772344e+02
9.630000000000000000e+02 2.990268673652933558e+02
9.640000000000000000e+02 2.368232837912334787e+02
9.650000000000000000e+02 2.669707829225835667e+02
9.660000000000000000e+02 2.453813003725855424e+02
9.670000000000000000e+02 2.509082789432772245e+02
9.680000000000000000e+02 2.656236794615583676e+02
9.690000000000000000e+02 -1.097268179739553773e+01
9.700000000000000000e+02 2.313490533487433538e+02
9.710000000000000000e+02 2.914452021676853519e+02
9.720000000000000000e+02 2.414264495843098075e+02
9.730000000000000000e+02 2.353176772604765858e+02
9.740000000000000000e+02 2.401512803743414679e+02
9.750000000000000000e+02 3.015219297344742131e+02
9.760000000000000000e+02 2.437846003533562396e+02
9.770000000000000000e+02 2.240462789403741795e+02
9.780000000000000000e+02 2.150010239303668698e+02
9.790000000000000000e+02 2.847368875956435659e+02
9.800000000000000000e+02 2.375419820947840606e+02
9.810000000000000000e+02 2.612635372839035881e+02
9.820000000000000000e+02 1.523072118986110013e+01
9.830000000000000000e+02 -3.177532203618925166e+01
9.840000000000000000e+02 2.478161016583135847e+02
9.850000000000000000e+02 2.308277026947535546e+02
9.860000000000000000e+02 2.538602139276961509e+02
9.870000000000000000e+02 2.671172032328996693e+00
9.880000000000000000e+02 2.844859210235050000e+02
9.890000000000000000e+02 2.480414697880244148e+02
9.900000000000000000e+02 2.262857972883857087e+02
9.910000000000000000e+02 2.846474365601002887e+02
9.920000000000000000e+02 2.643362247804254821e+02
9.930000000000000000e+02 2.903733948283536392e+02
9.940000000000000000e+02 2.344160831574984627e+02
9.950000000000000000e+02 2.961715444053467081e+02
9.960000000000000000e+02 2.787521238745487153e+02
9.970000000000000000e+02 2.429018486147230362e+02
9.980000000000000000e+02 2.904083500612582611e+02
9.990000000000000000e+02 2.724405555434799453e+02
