0.000000000000000000e+00 -2.616423961676479166e+02
1.000000000000000000e+00 -3.914438964258748115e+02
2.000000000000000000e+00 -2.665522511659568750e+02
3.000000000000000000e+00 -6.163932615475088141e+02
4.000000000000000000e+00 -3.219705169477992968e+02
5.000000000000000000e+00 -1.333568115286462330e+02
6.000000000000000000e+00 -5.173117753748490486e+02
7.000000000000000000e+00 -2.935885120085066546e+02
8.000000000000000000e+00 -4.652456423117441773e+02
9.000000000000000000e+00 -3.298191230487689154e+02
1.000000000000000000e+01 -6.220306635467395608e+02
1.100000000000000000e+01 -6.643479908642746068e+01
1.200000000000000000e+01 -3.897538813103469124e+02
1.300000000000000000e+01 -2.671776346189677724e+02
1.400000000000000000e+01 -3.019595469117497260e+02
1.500000000000000000e+01 -4.921036773154104367e+02
1.600000000000000000e+01 -2.275024771215271073e+02
1.700000000000000000e+01 -4.695307297740952777e+02
1.800000000000000000e+01 -1.593247373804472602e+02
1.900000000000000000e+01 -1.693608742967181513e+02
2.000000000000000000e+01 -5.649324937422610446e+02
2.100000000000000000e+01 -3.805760259714448352e+02
2.200000000000000000e+01 -2.927204464650242244e+02
2.300000000000000000e+01 -4.854751526410017277e+02
2.400000000000000000e+01 -4.811699073916155385e+02
2.500000000000000000e+01 -3.414122654493129403e+02
2.600000000000000000e+01 -5.566395650173205922e+02
2.700000000000000000e+01 -1.674756121441134269e+02
2.800000000000000000e+01 -4.242831655144341312e+02
2.900000000000000000e+01 -2.647684005230357798e+02
3.000000000000000000e+01 -5.110320184057802635e+02
3.100000000000000000e+01 -2.817110976647704206e+02
3.200000000000000000e+01 -2.564944374469031345e+02
3.300000000000000000e+01 -3.714137692094649879e+02
3.400000000000000000e+01 -1.346086892795901520e+02
3.500000000000000000e+01 -5.064478369048210027e+01
3.600000000000000000e+01 -8.127946351347657128e+01
3.700000000000000000e+01 -4.840239416250363433e+02
3.800000000000000000e+01 -3.562965491740485504e+02
3.900000000000000000e+01 -4.004688851976050046e+01
4.000000000000000000e+01 -2.918383885840869425e+02
4.100000000000000000e+01 -3.489136165098067863e+02
4.200000000000000000e+01 -7.895316661455055396e+00
4.300000000000000000e+01 -3.961615999957551253e+02
4.400000000000000000e+01 -3.703279910550307363e+00
4.500000000000000000e+01 -1.822227211652696894e+02
4.600000000000000000e+01 -2.124875200064223009e+02
4.700000000000000000e+01 -5.190689337375511059e+02
4.800000000000000000e+01 -4.686017020769425017e+02
4.900000000000000000e+01 -2.270497737471672508e+02
5.000000000000000000e+01 -2.264082612252667559e+02
5.100000000000000000e+01 -3.892120111925988795e+02
5.200000000000000000e+01 -3.341952543852819986e+02
5.300000000000000000e+01 -2.228719005265312489e+02
5.400000000000000000e+01 -2.443552752933223928e+02
5.500000000000000000e+01 -2.281660928477870129e+02
5.600000000000000000e+01 -4.134426961967270131e+02
5.700000000000000000e+01 -2.651327019687402071e+02
5.800000000000000000e+01 -3.450586466052499190e+02
5.900000000000000000e+01 -2.254808838887091724e+02
6.000000000000000000e+01 -3.486687092595706190e+02
6.100000000000000000e+01 -7.136720627962017716e+01
6.200000000000000000e+01 -1.705492049682482616e+02
6.300000000000000000e+01 -3.519694910708113866e+02
6.400000000000000000e+01 -4.021607816344597381e+02
6.500000000000000000e+01 -3.149031398663440768e+02
6.600000000000000000e+01 -3.201776885206597285e+02
6.700000000000000000e+01 2.896899025555990193e+01
6.800000000000000000e+01 -6.923068022467251126e+01
6.900000000000000000e+01 -9.959396856651046903e+01
7.000000000000000000e+01 -1.157743634231316037e+02
7.100000000000000000e+01 -4.231948506581497327e+02
7.200000000000000000e+01 -1.576456820739285831e+02
7.300000000000000000e+01 -9.182532428647985512e+01
7.400000000000000000e+01 -6.221535662691263724e+02
7.500000000000000000e+01 -8.098691970890021707e+01
7.600000000000000000e+01 -1.475774205980810052e+02
7.700000000000000000e+01 -1.149185216045822386e+02
7.800000000000000000e+01 -4.607660935735629693e+01
7.900000000000000000e+01 -4.096059733026706908e+02
8.000000000000000000e+01 -6.710198686427460757e+01
8.100000000000000000e+01 3.898405041117737824e+01
8.200000000000000000e+01 -3.439830368666164873e+01
8.300000000000000000e+01 -3.997113319024407474e+00
8.400000000000000000e+01 -1.604300422016311813e+02
8.500000000000000000e+01 2.540639669202138862e+01
8.600000000000000000e+01 -2.964845732430834460e+02
8.700000000000000000e+01 -3.689703497475855443e+02
8.800000000000000000e+01 -2.510149655013671008e+02
8.900000000000000000e+01 -1.485131839993839549e+02
9.000000000000000000e+01 -5.993117692722621115e+01
9.100000000000000000e+01 -7.646466401968392290e+01
9.200000000000000000e+01 -3.861650690891743238e+02
9.300000000000000000e+01 -2.863143973711394779e+02
9.400000000000000000e+01 -1.384010958936318332e+02
9.500000000000000000e+01 -5.830525455504083254e+01
9.600000000000000000e+01 -5.565461938231466377e+01
9.700000000000000000e+01 -1.508849155319786632e+02
9.800000000000000000e+01 -3.033427956619433985e+02
9.900000000000000000e+01 -2.939400437926143184e+01
1.000000000000000000e+02 -8.350145293459061691e+01
1.010000000000000000e+02 -9.610277983514454547e+01
1.020000000000000000e+02 -1.537930799121558607e+02
1.030000000000000000e+02 -2.302285954812517446e+02
1.040000000000000000e+02 -1.936036772134136186e+02
1.050000000000000000e+02 -3.135249025941892569e+02
1.060000000000000000e+02 -2.453888330596253127e+02
1.070000000000000000e+02 -2.010784760580975785e+02
1.080000000000000000e+02 -1.752492292944968426e+02
1.090000000000000000e+02 -2.520740038480049350e+02
1.100000000000000000e+02 -8.662205191441093177e+01
1.110000000000000000e+02 -4.501304965367325508e+02
1.120000000000000000e+02 -5.065492642703462423e+01
1.130000000000000000e+02 -1.757970380820969467e+02
1.140000000000000000e+02 -2.146364095075429930e+02
1.150000000000000000e+02 -2.627738894999475860e+02
1.160000000000000000e+02 -1.490249773355125456e+02
1.170000000000000000e+02 -2.459784460472680792e+02
1.180000000000000000e+02 -2.307850233081321392e+02
1.190000000000000000e+02 -1.929825981717048649e+02
1.200000000000000000e+02 -3.805568712824821205e+02
1.210000000000000000e+02 -7.091750077947332898e+01
1.220000000000000000e+02 -1.657056444792482637e+02
1.230000000000000000e+02 -1.881714138011381010e+02
1.240000000000000000e+02 -4.452308438688201875e+01
1.250000000000000000e+02 1.786729899725284554e+01
1.260000000000000000e+02 -1.008792132264254064e+02
1.270000000000000000e+02 -1.104664208009047428e+02
1.280000000000000000e+02 -9.601177320464691434e+01
1.290000000000000000e+02 -1.510079499591492720e+02
1.300000000000000000e+02 -2.181969844333564765e+02
1.310000000000000000e+02 -2.837511563305508844e+01
1.320000000000000000e+02 -7.233411524371429380e+01
1.330000000000000000e+02 -6.309383045729533279e+01
1.340000000000000000e+02 6.131439219738658153e+01
1.350000000000000000e+02 -1.688097111596032818e+01
1.360000000000000000e+02 -1.735000089499644460e+01
1.370000000000000000e+02 -3.521052928474223620e+01
1.380000000000000000e+02 8.145738325412281711e-01
1.390000000000000000e+02 2.217626962207998709e+00
1.400000000000000000e+02 -1.086159025520827726e+01
1.410000000000000000e+02 2.110491245944324135e+01
1.420000000000000000e+02 2.375350180344923956e+01
1.430000000000000000e+02 1.623868565396564989e+01
1.440000000000000000e+02 1.703324544850988786e+01
1.450000000000000000e+02 9.373804059646644760e+00
1.460000000000000000e+02 -2.921114539798826293e+00
1.470000000000000000e+02 4.250226979150719231e+00
1.480000000000000000e+02 5.168794289817675747e+00
1.490000000000000000e+02 1.569036796346989782e+00
1.500000000000000000e+02 1.843519948659183072e+01
1.510000000000000000e+02 5.151724659205076762e+01
1.520000000000000000e+02 4.544121568591362603e+01
1.530000000000000000e+02 3.963133775783511226e+01
1.540000000000000000e+02 1.444308027228964697e+01
1.550000000000000000e+02 1.296678242496084899e+01
1.560000000000000000e+02 -3.238314867509009218e+02
1.570000000000000000e+02 -5.357030630978880481e+01
1.580000000000000000e+02 -4.230084449006302805e+01
1.590000000000000000e+02 2.736276128755107351e+01
1.600000000000000000e+02 1.061551921771146034e+01
1.610000000000000000e+02 1.909481678164449470e+00
1.620000000000000000e+02 -2.877573212788148993e+01
1.630000000000000000e+02 4.535234171711875817e+00
1.640000000000000000e+02 -1.157005580520876542e+01
1.650000000000000000e+02 1.246998317962271585e+01
1.660000000000000000e+02 -1.830568257940124122e+00
1.670000000000000000e+02 -2.013429812048328245e+02
1.680000000000000000e+02 -3.716264172712068898e+02
1.690000000000000000e+02 1.026909392251817366e+01
1.700000000000000000e+02 -4.097826784435699921e+01
1.710000000000000000e+02 -3.092249316243638191e+00
1.720000000000000000e+02 -6.860057265313203345e+01
1.730000000000000000e+02 -2.360081800206461367e+02
1.740000000000000000e+02 -1.499600611130766765e+02
1.750000000000000000e+02 -2.199808512977609496e+02
1.760000000000000000e+02 -2.923041590605969304e+02
1.770000000000000000e+02 -5.866076105070993663e+01
1.780000000000000000e+02 2.547435815757959077e+01
1.790000000000000000e+02 -2.739268297895707747e+02
1.800000000000000000e+02 -3.060003215924721189e+02
1.810000000000000000e+02 -2.382129898999753266e+02
1.820000000000000000e+02 -8.426567891573743907e+01
1.830000000000000000e+02 -6.544323629567870171e+00
1.840000000000000000e+02 -2.969190539874809360e+02
1.850000000000000000e+02 -1.005919823870453627e+02
1.860000000000000000e+02 -1.329507914004393285e+02
1.870000000000000000e+02 -5.463235261443094970e+01
1.880000000000000000e+02 -3.185269446062482075e+02
1.890000000000000000e+02 -1.039767104109634772e+02
1.900000000000000000e+02 -2.690327194413657708e+02
1.910000000000000000e+02 2.077672158900995214e+00
1.920000000000000000e+02 -3.105961368488772223e+02
1.930000000000000000e+02 -1.114853569558837449e+02
1.940000000000000000e+02 -2.898886693712473317e+01
1.950000000000000000e+02 -9.579840606096402666e+01
1.960000000000000000e+02 5.281579331046533099e+00
1.970000000000000000e+02 -6.291724567189201878e+01
1.980000000000000000e+02 -4.659995592203066650e+01
1.990000000000000000e+02 -5.473227888523258144e+00
2.000000000000000000e+02 3.591571942172060439e+00
2.010000000000000000e+02 -1.477827606777037772e+02
2.020000000000000000e+02 1.077223675890818910e+01
2.030000000000000000e+02 6.394201207507999918e+00
2.040000000000000000e+02 -6.847577047490271696e+01
2.050000000000000000e+02 -7.957997062213973294e+00
2.060000000000000000e+02 -5.860947241582562839e+01
2.070000000000000000e+02 -1.270451140412161273e+01
2.080000000000000000e+02 -9.792479785253540570e+01
2.090000000000000000e+02 -9.228310308343731094e+01
2.100000000000000000e+02 -4.223261246603063057e+01
2.110000000000000000e+02 -5.106858500507350840e+01
2.120000000000000000e+02 -6.167849252527931725e+01
2.130000000000000000e+02 -5.491452337967159281e+01
2.140000000000000000e+02 -2.996215647076816140e+02
2.150000000000000000e+02 6.374019693618303251e+01
2.160000000000000000e+02 1.195381223004449964e+02
2.170000000000000000e+02 -3.586260630116225201e+01
2.180000000000000000e+02 5.148458400942279667e+01
2.190000000000000000e+02 2.599372870326465446e+01
2.200000000000000000e+02 7.638113648278002188e+01
2.210000000000000000e+02 1.972786094561618881e+02
2.220000000000000000e+02 8.420218108084975484e+01
2.230000000000000000e+02 8.791228064746633208e+01
2.240000000000000000e+02 1.860395390128640614e+01
2.250000000000000000e+02 9.231509016611154550e+01
2.260000000000000000e+02 -3.793074065770756675e+01
2.270000000000000000e+02 9.932679071646457203e+01
2.280000000000000000e+02 8.647822950740560088e+01
2.290000000000000000e+02 4.476618510289017649e+01
2.300000000000000000e+02 1.135664589515493361e+02
2.310000000000000000e+02 5.207900105044308958e+01
2.320000000000000000e+02 4.904705360162462568e+01
2.330000000000000000e+02 7.062529503887120086e+01
2.340000000000000000e+02 7.552577594933140404e+01
2.350000000000000000e+02 5.873944678972507916e+01
2.360000000000000000e+02 7.345355716248664635e+01
2.370000000000000000e+02 2.191651931961063724e+02
2.380000000000000000e+02 2.317593371051285089e+02
2.390000000000000000e+02 2.253735809773160668e+02
2.400000000000000000e+02 8.078441113520450756e+01
2.410000000000000000e+02 3.127369639333023343e+01
2.420000000000000000e+02 7.077184148158539756e+01
2.430000000000000000e+02 1.871689819382009645e+01
2.440000000000000000e+02 2.394668485014007331e+02
2.450000000000000000e+02 6.605201846646765773e+01
2.460000000000000000e+02 2.222563188581909799e+02
2.470000000000000000e+02 -1.391448959464935342e+02
2.480000000000000000e+02 2.177843918746708596e+02
2.490000000000000000e+02 1.775364837807261438e+02
2.500000000000000000e+02 1.080729355168230512e+02
2.510000000000000000e+02 -5.849138788467747929e+01
2.520000000000000000e+02 1.918265692947485945e+02
2.530000000000000000e+02 3.383105625800555316e+01
2.540000000000000000e+02 2.312982791382590904e+02
2.550000000000000000e+02 -2.328332331666625521e+01
2.560000000000000000e+02 2.191368289005108636e+02
2.570000000000000000e+02 7.060505316886622040e+01
2.580000000000000000e+02 -1.298074743411193595e+02
2.590000000000000000e+02 1.902624503033207475e+02
2.600000000000000000e+02 1.506362841012634419e+02
2.610000000000000000e+02 1.779681754160097569e+02
2.620000000000000000e+02 2.396641733366933806e+02
2.630000000000000000e+02 1.965057596028827334e+02
2.640000000000000000e+02 -6.370532674033865561e+01
2.650000000000000000e+02 1.560687165775553069e+02
2.660000000000000000e+02 -7.430233913554451419e+01
2.670000000000000000e+02 1.734683318752566947e+02
2.680000000000000000e+02 1.581521182505057936e+02
2.690000000000000000e+02 1.439239212703295436e+02
2.700000000000000000e+02 2.626871976279635419e+02
2.710000000000000000e+02 2.618500894114288258e+02
2.720000000000000000e+02 -2.324044396778555921e+01
2.730000000000000000e+02 2.185778122684212121e+00
2.740000000000000000e+02 7.565959412648074078e+01
2.750000000000000000e+02 5.119816999227219867e+01
2.760000000000000000e+02 5.785148004875019012e+01
2.770000000000000000e+02 2.348554639819090823e+02
2.780000000000000000e+02 1.706304094660888211e+02
2.790000000000000000e+02 2.690375885160457514e+01
2.800000000000000000e+02 2.390993747764179318e+02
2.810000000000000000e+02 2.317739047342207073e+02
2.820000000000000000e+02 2.348862160902912706e+02
2.830000000000000000e+02 2.249325013503771231e+02
2.840000000000000000e+02 2.784574525531515974e+02
2.850000000000000000e+02 1.644535946918019533e+02
2.860000000000000000e+02 2.584569968598463561e+02
2.870000000000000000e+02 2.195210170495759314e+02
2.880000000000000000e+02 2.217482118115644312e+02
2.890000000000000000e+02 2.352172983238692154e+02
2.900000000000000000e+02 1.950873491446149046e+02
2.910000000000000000e+02 -3.290362674144918174e+02
2.920000000000000000e+02 2.412443905023490061e+02
2.930000000000000000e+02 1.791206375649083782e+02
2.940000000000000000e+02 2.653702349336721795e+02
2.950000000000000000e+02 1.722840038812983892e+02
2.960000000000000000e+02 2.207559878592284122e+02
2.970000000000000000e+02 1.737669351649710165e+02
2.980000000000000000e+02 6.820792749135358690e+01
2.990000000000000000e+02 7.617940706345017077e+01
3.000000000000000000e+02 -4.827990749395388548e+01
3.010000000000000000e+02 2.229286704260297824e+02
3.020000000000000000e+02 2.110320926098171697e+02
3.030000000000000000e+02 2.636366370284489449e+02
3.040000000000000000e+02 1.932010038823310083e+02
3.050000000000000000e+02 2.499574079165968499e+02
3.060000000000000000e+02 -3.377271556214333970e+01
3.070000000000000000e+02 2.301330742005932848e+02
3.080000000000000000e+02 2.005137064156931501e+02
3.090000000000000000e+02 1.877024003528403000e+02
3.100000000000000000e+02 2.487527545674956855e+02
3.110000000000000000e+02 2.751532399146741454e+02
3.120000000000000000e+02 2.762540246107009807e+02
3.130000000000000000e+02 2.251958081578493989e+02
3.140000000000000000e+02 2.840536749948445276e+02
3.150000000000000000e+02 2.766590923952287540e+02
3.160000000000000000e+02 2.222361803788122643e+02
3.170000000000000000e+02 2.380647973175007621e+02
3.180000000000000000e+02 1.138655711076018804e+02
3.190000000000000000e+02 2.283522360676239771e+01
3.200000000000000000e+02 -2.032304696194701066e+01
3.210000000000000000e+02 1.752241062262584137e+02
3.220000000000000000e+02 2.301665740594893066e+02
3.230000000000000000e+02 2.696026721963754653e+02
3.240000000000000000e+02 2.246837823085822663e+02
3.250000000000000000e+02 1.288674018614975125e+02
3.260000000000000000e+02 1.842170424866927476e+02
3.270000000000000000e+02 2.462938999236652080e+02
3.280000000000000000e+02 5.788969523612071555e+01
3.290000000000000000e+02 5.002425927557391105e+01
3.300000000000000000e+02 2.613286031728973740e+02
3.310000000000000000e+02 9.481228588817089076e+01
3.320000000000000000e+02 2.581168895688608700e+02
3.330000000000000000e+02 -3.217098979115151991e+01
3.340000000000000000e+02 2.124237548440819978e+02
3.350000000000000000e+02 2.341692725652280558e+02
3.360000000000000000e+02 -4.490444494319521596e+01
3.370000000000000000e+02 1.243969895817189979e+02
3.380000000000000000e+02 2.311163669241512935e+02
3.390000000000000000e+02 8.799278395833747268e+00
3.400000000000000000e+02 1.273364422879386915e+01
3.410000000000000000e+02 2.083745827946436862e+02
3.420000000000000000e+02 3.002531579820379761e+02
3.430000000000000000e+02 1.996413220294599569e+02
3.440000000000000000e+02 2.754190532829399558e+02
3.450000000000000000e+02 1.560978430101603749e+02
3.460000000000000000e+02 2.473646971612998016e+02
3.470000000000000000e+02 -2.738309773574933104e+01
3.480000000000000000e+02 2.032180758177240705e+02
3.490000000000000000e+02 1.971275223770893490e+02
3.500000000000000000e+02 1.847340079714050205e+02
3.510000000000000000e+02 2.298331607728546544e+02
3.520000000000000000e+02 2.462908395960878352e+02
3.530000000000000000e+02 2.154244886398093968e+02
3.540000000000000000e+02 2.284058427783214711e+02
3.550000000000000000e+02 2.089114866116242979e+02
3.560000000000000000e+02 1.625947995934637333e+02
3.570000000000000000e+02 2.469113605024114975e+02
3.580000000000000000e+02 2.479577113108261415e+02
3.590000000000000000e+02 1.790025812745265341e+02
3.600000000000000000e+02 2.379009752964356323e+02
3.610000000000000000e+02 2.004986783490053313e+02
3.620000000000000000e+02 2.165797370163202231e+02
3.630000000000000000e+02 2.683745523442557896e+02
3.640000000000000000e+02 2.437153462668337056e+02
3.650000000000000000e+02 2.600661656630115885e+02
3.660000000000000000e+02 2.576229436067515053e+02
3.670000000000000000e+02 2.770307048319054957e+02
3.680000000000000000e+02 2.111642378203223984e+02
3.690000000000000000e+02 1.734845890159121211e+02
3.700000000000000000e+02 2.563149958521509006e+02
3.710000000000000000e+02 1.981915884115836946e+02
3.720000000000000000e+02 1.889569469546991058e+02
3.730000000000000000e+02 2.122613306397556698e+02
3.740000000000000000e+02 2.500421148890986274e+02
3.750000000000000000e+02 2.766081203715167476e+02
3.760000000000000000e+02 2.389588383000848921e+02
3.770000000000000000e+02 2.497615786014766854e+02
3.780000000000000000e+02 2.716248226400157364e+02
3.790000000000000000e+02 1.863202506867223178e+02
3.800000000000000000e+02 1.786530981436868615e+01
3.810000000000000000e+02 2.159821022507956343e+02
3.820000000000000000e+02 2.762174515395345225e+02
3.830000000000000000e+02 2.075031368274557337e+02
3.840000000000000000e+02 2.140670890393257650e+02
3.850000000000000000e+02 2.233657770791002122e+02
3.860000000000000000e+02 2.354765905199091662e+02
3.870000000000000000e+02 2.441569209607696394e+02
3.880000000000000000e+02 2.398822988039177346e+02
3.890000000000000000e+02 2.931756272899829696e+02
3.900000000000000000e+02 2.448625167485500072e+02
3.910000000000000000e+02 2.025105109229140794e+02
3.920000000000000000e+02 2.614059328444043331e+02
3.930000000000000000e+02 1.773530201379164168e+02
3.940000000000000000e+02 2.131853700524509918e+02
3.950000000000000000e+02 1.999789093432662526e+02
3.960000000000000000e+02 2.797660065256357029e+02
3.970000000000000000e+02 2.215785858523698266e+02
3.980000000000000000e+02 2.407797571417368658e+02
3.990000000000000000e+02 2.389179431861057878e+02
4.000000000000000000e+02 2.163847683728750440e+02
4.010000000000000000e+02 -9.164786157102113862e+00
4.020000000000000000e+02 1.870230070249095604e+02
4.030000000000000000e+02 2.727358359292807108e+02
4.040000000000000000e+02 2.136993700551686857e+02
4.050000000000000000e+02 2.012040624604749155e+02
4.060000000000000000e+02 2.174813765697704184e+02
4.070000000000000000e+02 2.658812690743798726e+02
4.080000000000000000e+02 1.252917984001734624e+02
4.090000000000000000e+02 2.282938596737363923e+01
4.100000000000000000e+02 2.752251973877956743e+02
4.110000000000000000e+02 2.281492970629208799e+02
4.120000000000000000e+02 1.777470151931462112e+02
4.130000000000000000e+02 2.249993036789244343e+02
4.140000000000000000e+02 -3.848428752916552753e+01
4.150000000000000000e+02 2.386946022334954307e+02
4.160000000000000000e+02 2.730313511548370542e+01
4.170000000000000000e+02 1.797256251322950220e+02
4.180000000000000000e+02 1.576070254381516236e+02
4.190000000000000000e+02 1.790554460599565800e+01
4.200000000000000000e+02 2.847079215907663183e+02
4.210000000000000000e+02 2.592331632972983471e+02
4.220000000000000000e+02 2.096719969766434417e+02
4.230000000000000000e+02 2.338148416000570364e+02
4.240000000000000000e+02 2.433516837386685268e+02
4.250000000000000000e+02 2.675760429316070486e+02
4.260000000000000000e+02 2.257763128252643128e+02
4.270000000000000000e+02 2.109066203622234070e-01
4.280000000000000000e+02 1.813280593589231273e+02
4.290000000000000000e+02 2.296102766925055789e+02
4.300000000000000000e+02 2.476925824833954266e+02
4.310000000000000000e+02 -2.788533043001945089e+01
4.320000000000000000e+02 2.039479310153371614e+02
4.330000000000000000e+02 2.297072889046565081e+02
4.340000000000000000e+02 1.475911794423612093e+02
4.350000000000000000e+02 2.198180476047317029e+02
4.360000000000000000e+02 2.678115324629600309e+02
4.370000000000000000e+02 2.422131919828397884e+02
4.380000000000000000e+02 1.140526095736787795e+02
4.390000000000000000e+02 2.860890300992906532e+02
4.400000000000000000e+02 2.768508861247419190e+02
4.410000000000000000e+02 1.779050544639368638e+02
4.420000000000000000e+02 1.430294083366860036e+02
4.430000000000000000e+02 2.510125117138012172e+02
4.440000000000000000e+02 2.971545958991118255e+02
4.450000000000000000e+02 2.644338217227921177e+02
4.460000000000000000e+02 2.171897978712451049e+00
4.470000000000000000e+02 1.550758793651691292e+01
4.480000000000000000e+02 -1.808030234626127708e+01
4.490000000000000000e+02 2.379151488951182500e+02
4.500000000000000000e+02 2.672648576668063356e+02
4.510000000000000000e+02 2.737478726600767232e+02
4.520000000000000000e+02 2.430528116617291232e+02
4.530000000000000000e+02 2.371234436776106236e+02
4.540000000000000000e+02 -1.726735441507057942e+02
4.550000000000000000e+02 2.334907175182627839e+02
4.560000000000000000e+02 2.327462034224683407e+02
4.570000000000000000e+02 5.810623268521965201e+01
4.580000000000000000e+02 7.990125875880615069e+01
4.590000000000000000e+02 2.609482137485731528e+02
4.600000000000000000e+02 1.878900216020185496e+02
4.610000000000000000e+02 2.610945460151454540e+02
4.620000000000000000e+02 2.330253413593613345e+02
4.630000000000000000e+02 -6.812682206039411881e+00
4.640000000000000000e+02 2.722605950903392795e+02
4.650000000000000000e+02 1.965182248835147902e+02
4.660000000000000000e+02 2.667183190981987195e+01
4.670000000000000000e+02 2.664942455641103152e+02
4.680000000000000000e+02 1.989977797048645130e+02
4.690000000000000000e+02 2.786319171736411704e+02
4.700000000000000000e+02 1.941915537803597260e+02
4.710000000000000000e+02 2.091485764982198816e+02
4.720000000000000000e+02 2.637987806738282757e+02
4.730000000000000000e+02 2.040146235633015976e+02
4.740000000000000000e+02 2.619490089584483030e+02
4.750000000000000000e+02 2.433610961428027224e+02
4.760000000000000000e+02 2.732603166382348263e+02
4.770000000000000000e+02 3.054450642876322490e+02
4.780000000000000000e+02 2.053271070940254219e+02
4.790000000000000000e+02 2.411423120545684355e+02
4.800000000000000000e+02 2.442243418626131017e+02
4.810000000000000000e+02 4.011478697724925269e+00
4.820000000000000000e+02 4.096054877864224864e+01
4.830000000000000000e+02 2.758137543707280201e+02
4.840000000000000000e+02 2.272222967950855832e+02
4.850000000000000000e+02 -3.716695048483921937e+01
4.860000000000000000e+02 2.355628103658763166e+02
4.870000000000000000e+02 2.311654047738286692e+02
4.880000000000000000e+02 2.594538356782801429e+02
4.890000000000000000e+02 2.612567015758398838e+02
4.900000000000000000e+02 3.795641267612292324e+01
4.910000000000000000e+02 -6.190368308113065865e+01
4.920000000000000000e+02 2.282337140437627454e+02
4.930000000000000000e+02 1.541726722707032593e+02
4.940000000000000000e+02 2.215152229793400522e+02
4.950000000000000000e+02 -1.474332856266148610e+02
4.960000000000000000e+02 -1.289843697240797837e+02
4.970000000000000000e+02 -7.797802525859646039e+01
4.980000000000000000e+02 8.869045548645203780e+00
4.990000000000000000e+02 -1.332145058138639797e+02
5.000000000000000000e+02 1.539971290170082057e+02
5.010000000000000000e+02 -1.529282077736236545e+01
5.020000000000000000e+02 2.231202410706956698e+02
5.030000000000000000e+02 -7.679033758484994365e-01
5.040000000000000000e+02 1.659088713464740863e+02
5.050000000000000000e+02 2.703700693936086452e+01
5.060000000000000000e+02 2.350300283554023224e+02
5.070000000000000000e+02 2.107343011219861921e+02
5.080000000000000000e+02 1.353323215503327788e+02
5.090000000000000000e+02 2.267308919922193411e+02
5.100000000000000000e+02 1.787352422548291315e+02
5.110000000000000000e+02 2.970680605544524724e+02
5.120000000000000000e+02 1.117957750797790766e+02
5.130000000000000000e+02 2.303512310935635696e+02
5.140000000000000000e+02 2.328224598858550394e+02
5.150000000000000000e+02 -2.133203008620723722e+02
5.160000000000000000e+02 2.178072217989762294e+02
5.170000000000000000e+02 -6.214684574688580199e+01
5.180000000000000000e+02 2.138342423110159416e+02
5.190000000000000000e+02 -7.945433346463447322e+01
5.200000000000000000e+02 2.457767898056181934e+02
5.210000000000000000e+02 1.964675488519150974e+02
5.220000000000000000e+02 2.741180122649957411e+02
5.230000000000000000e+02 2.319345830630275884e+02
5.240000000000000000e+02 1.592421960147985374e+02
5.250000000000000000e+02 2.549941033432211839e+02
5.260000000000000000e+02 1.518550760673394961e+01
5.270000000000000000e+02 2.192563930700600849e+02
5.280000000000000000e+02 -8.396939868881929669e+01
5.290000000000000000e+02 1.900238918568273903e+02
5.300000000000000000e+02 -1.656730023685275910e+02
5.310000000000000000e+02 2.499696391375369444e+02
5.320000000000000000e+02 -8.900924974453448613e+01
5.330000000000000000e+02 1.872464751706892230e+02
5.340000000000000000e+02 2.778549390315592973e+02
5.350000000000000000e+02 2.011557987170679667e+02
5.360000000000000000e+02 -2.600326397971980441e+01
5.370000000000000000e+02 2.043747376271673204e+02
5.380000000000000000e+02 2.042921743334225084e+02
5.390000000000000000e+02 -7.813944719236572212e+01
5.400000000000000000e+02 -1.772437224923786800e+02
5.410000000000000000e+02 2.899010797637535006e+02
5.420000000000000000e+02 -5.646128577877529153e+01
5.430000000000000000e+02 2.885447691337408287e+02
5.440000000000000000e+02 2.041011049903407866e+02
5.450000000000000000e+02 2.105611510076550985e+02
5.460000000000000000e+02 2.327312555788054738e+00
5.470000000000000000e+02 1.893289104865270644e+02
5.480000000000000000e+02 2.034832391186768348e+02
5.490000000000000000e+02 1.354296523747105425e+02
5.500000000000000000e+02 -1.377309578425195866e+02
5.510000000000000000e+02 2.688593465781580107e+02
5.520000000000000000e+02 -2.353037444315416167e+02
5.530000000000000000e+02 2.244214085440995063e+02
5.540000000000000000e+02 2.806349081807068160e+02
5.550000000000000000e+02 -4.502279664139015836e+02
5.560000000000000000e+02 2.129258952335153765e+02
5.570000000000000000e+02 2.731848859599346042e+02
5.580000000000000000e+02 1.481587873060495326e+02
5.590000000000000000e+02 -2.064308026242857750e+02
5.600000000000000000e+02 2.664791512996807228e+02
5.610000000000000000e+02 -3.448075012604440559e+01
5.620000000000000000e+02 2.381242628074489289e+02
5.630000000000000000e+02 2.565601551266987599e+02
5.640000000000000000e+02 -3.704284712782863380e+02
5.650000000000000000e+02 -1.551773478114711793e+02
5.660000000000000000e+02 -2.531291883860171765e+02
5.670000000000000000e+02 2.966566080825393215e+02
5.680000000000000000e+02 2.632261608403728133e+02
5.690000000000000000e+02 2.669720538226505369e+02
5.700000000000000000e+02 2.429733733247990131e+02
5.710000000000000000e+02 2.603438253230838200e+02
5.720000000000000000e+02 1.246838500629380349e+02
5.730000000000000000e+02 2.192985507455835545e+02
5.740000000000000000e+02 2.237524701654467094e+02
5.750000000000000000e+02 2.808689348740654737e+02
5.760000000000000000e+02 2.671785711091968665e+02
5.770000000000000000e+02 2.994967655130290041e+02
5.780000000000000000e+02 2.426212859219093616e+02
5.790000000000000000e+02 1.681661822531399366e+02
5.800000000000000000e+02 3.021866181549373778e+02
5.810000000000000000e+02 2.887150295960037738e+02
5.820000000000000000e+02 2.410040676600790448e+02
5.830000000000000000e+02 2.423821209631104807e+02
5.840000000000000000e+02 2.043088094341989631e+02
5.850000000000000000e+02 2.699698860473812374e+02
5.860000000000000000e+02 2.535123597065757792e+02
5.870000000000000000e+02 2.314132069051091207e+02
5.880000000000000000e+02 2.318458339031718936e+02
5.890000000000000000e+02 6.974908357634279810e+01
5.900000000000000000e+02 2.716173744777055390e+02
5.910000000000000000e+02 2.416217620224516338e+02
5.920000000000000000e+02 -6.554667722296792931e+01
5.930000000000000000e+02 2.510548453544550682e+02
5.940000000000000000e+02 9.188720316146442713e+01
5.950000000000000000e+02 2.585155078894587177e+02
5.960000000000000000e+02 1.913813674340568980e+02
5.970000000000000000e+02 2.444011577054862698e+02
5.980000000000000000e+02 2.404678150067721560e+02
5.990000000000000000e+02 1.427961072192133543e+02
6.000000000000000000e+02 2.978824154289546868e+02
6.010000000000000000e+02 2.338770626465579596e+02
6.020000000000000000e+02 2.065815768970889508e+02
6.030000000000000000e+02 2.424364029509742977e+02
6.040000000000000000e+02 2.706515353049212536e+02
6.050000000000000000e+02 2.880777586327179733e+02
6.060000000000000000e+02 -1.425502766588667498e+02
6.070000000000000000e+02 1.859651184518007199e+02
6.080000000000000000e+02 2.242097172740608357e+02
6.090000000000000000e+02 2.419758534833965768e+02
6.100000000000000000e+02 2.331385505269878990e+02
6.110000000000000000e+02 2.105725529548306838e+02
6.120000000000000000e+02 2.428978005556620587e+02
6.130000000000000000e+02 1.866960605121518597e+02
6.140000000000000000e+02 -2.071694388901320849e+00
6.150000000000000000e+02 1.948602135500059660e+02
6.160000000000000000e+02 -2.484637550742805274e+02
6.170000000000000000e+02 2.224692911315366075e+02
6.180000000000000000e+02 2.250643977125003516e+02
6.190000000000000000e+02 1.876032492570159320e+02
6.200000000000000000e+02 2.269167400732762303e+02
6.210000000000000000e+02 1.111918879391393062e+02
6.220000000000000000e+02 8.909756280257624894e+00
6.230000000000000000e+02 2.102590673515666140e+02
6.240000000000000000e+02 2.826569012418155467e+02
6.250000000000000000e+02 -2.144700665944414197e+01
6.260000000000000000e+02 2.112740968420067134e+01
6.270000000000000000e+02 2.464199040102297715e+02
6.280000000000000000e+02 1.589070850728325581e+02
6.290000000000000000e+02 2.394551933606318244e+02
6.300000000000000000e+02 2.467651781698166076e+02
6.310000000000000000e+02 2.864546570612515666e+02
6.320000000000000000e+02 2.948704343919907842e+02
6.330000000000000000e+02 2.857623926315038148e+02
6.340000000000000000e+02 2.094961670040881359e+02
6.350000000000000000e+02 2.152862592504407644e+02
6.360000000000000000e+02 2.109469826850908305e+02
6.370000000000000000e+02 2.051807800428875908e+02
6.380000000000000000e+02 2.463050511301062784e+02
6.390000000000000000e+02 2.366952890406350321e+02
6.400000000000000000e+02 -5.558138559032825299e+01
6.410000000000000000e+02 2.470538176018808656e+02
6.420000000000000000e+02 2.572557023159652658e+02
6.430000000000000000e+02 2.139558835323787207e+02
6.440000000000000000e+02 2.993805288979340276e+02
6.450000000000000000e+02 2.419626238879759228e+02
6.460000000000000000e+02 2.360408127946613490e+02
6.470000000000000000e+02 2.419489505989160136e+02
6.480000000000000000e+02 2.160279465195437751e+02
6.490000000000000000e+02 1.731377217035897331e+02
6.500000000000000000e+02 2.199968857610608097e+02
6.510000000000000000e+02 2.380613703068579241e+02
6.520000000000000000e+02 2.078959949523433579e+02
6.530000000000000000e+02 2.642423200452540755e+02
6.540000000000000000e+02 2.725806854889111719e+02
6.550000000000000000e+02 3.128066829597795504e+02
6.560000000000000000e+02 2.904330067190221030e+02
6.570000000000000000e+02 2.023528599773757719e+02
6.580000000000000000e+02 2.829219012427992084e+02
6.590000000000000000e+02 2.652426907098711126e+02
6.600000000000000000e+02 2.498726617470956910e+02
6.610000000000000000e+02 2.480904344009285012e+02
6.620000000000000000e+02 2.422913101597946479e+02
6.630000000000000000e+02 2.446880917749120101e+02
6.640000000000000000e+02 2.843819598423605726e+02
6.650000000000000000e+02 2.650519718642582347e+02
6.660000000000000000e+02 2.425044817212693431e+02
6.670000000000000000e+02 2.439157872106296452e+02
6.680000000000000000e+02 2.232710713575511647e+02
6.690000000000000000e+02 2.624127279201496776e+02
6.700000000000000000e+02 2.758798788715996011e+02
6.710000000000000000e+02 2.655528116380936012e+02
6.720000000000000000e+02 2.403491672441849119e+02
6.730000000000000000e+02 2.389699411985288577e+02
6.740000000000000000e+02 2.439053132706772828e+02
6.750000000000000000e+02 2.350979612901086853e+02
6.760000000000000000e+02 2.465027709644501499e+02
6.770000000000000000e+02 2.308770186106950462e+02
6.780000000000000000e+02 2.705251954195573489e+02
6.790000000000000000e+02 1.988647566561807025e+02
6.800000000000000000e+02 2.301781670761029090e+02
6.810000000000000000e+02 2.848119358415716533e+02
6.820000000000000000e+02 1.510107526940638820e+02
6.830000000000000000e+02 2.520292549294164246e+02
6.840000000000000000e+02 2.527184779121266445e+02
6.850000000000000000e+02 2.503063357317512327e+02
6.860000000000000000e+02 1.144404832212083534e+01
6.870000000000000000e+02 2.942154694699686388e+02
6.880000000000000000e+02 2.783870609351715188e+02
6.890000000000000000e+02 2.620963577183230200e+02
6.900000000000000000e+02 2.499742802482332422e+02
6.910000000000000000e+02 1.158213035332997691e+02
6.920000000000000000e+02 -1.978950310221167115e+02
6.930000000000000000e+02 1.173708307784069120e+02
6.940000000000000000e+02 2.748716752556865117e+02
6.950000000000000000e+02 -8.221143246525055304e+01
6.960000000000000000e+02 2.131377235590168766e+02
6.970000000000000000e+02 2.231866740272830043e+02
6.980000000000000000e+02 -1.197590602436451661e+02
6.990000000000000000e+02 2.600357012536448451e+02
7.000000000000000000e+02 2.880427687123299165e+02
7.010000000000000000e+02 2.176723479928064648e+02
7.020000000000000000e+02 2.440328155425102068e+02
7.030000000000000000e+02 -1.799003553297197868e+02
7.040000000000000000e+02 2.996048418877970789e+02
7.050000000000000000e+02 -3.576705176766526506e+01
7.060000000000000000e+02 1.926154264810102177e+02
7.070000000000000000e+02 1.281196620590790189e+02
7.080000000000000000e+02 2.155003270487481757e+02
7.090000000000000000e+02 2.605609255370198980e+02
7.100000000000000000e+02 2.445859453894724425e+02
7.110000000000000000e+02 2.418851965407979776e+02
7.120000000000000000e+02 2.553330002402649939e+02
7.130000000000000000e+02 2.266158933739436350e+02
7.140000000000000000e+02 2.198879420074140967e+02
7.150000000000000000e+02 -1.682264415179110699e+02
7.160000000000000000e+02 2.660211458602968264e+02
7.170000000000000000e+02 2.702467444319613605e+02
7.180000000000000000e+02 2.218426972455764030e+02
7.190000000000000000e+02 1.803662785328484688e+02
7.200000000000000000e+02 2.678597551670607118e+02
7.210000000000000000e+02 2.432056989995178924e+02
7.220000000000000000e+02 3.160001572131213265e+01
7.230000000000000000e+02 2.611402776684831224e+02
7.240000000000000000e+02 2.400408844304873242e+02
7.250000000000000000e+02 2.701215748382256834e+02
7.260000000000000000e+02 2.532787753049938146e+02
7.270000000000000000e+02 2.689016923724021240e+02
7.280000000000000000e+02 2.892109621862846325e+02
7.290000000000000000e+02 2.317443246462083835e+02
7.300000000000000000e+02 2.908064196962591268e+02
7.310000000000000000e+02 2.244711725301734191e+02
7.320000000000000000e+02 -1.902295697199473921e+02
7.330000000000000000e+02 2.455359188738909779e+02
7.340000000000000000e+02 -1.122719494563958165e+01
7.350000000000000000e+02 1.942157766425398790e+02
7.360000000000000000e+02 2.619768403994002028e+02
7.370000000000000000e+02 1.043299450370187742e+02
7.380000000000000000e+02 2.480770446026653815e+02
7.390000000000000000e+02 2.482326903581283091e+02
7.400000000000000000e+02 2.771273924115580485e+02
7.410000000000000000e+02 2.485179890163826997e+02
7.420000000000000000e+02 2.108067096419643462e+02
7.430000000000000000e+02 -3.384223376786765414e+01
7.440000000000000000e+02 1.189822781657068447e+02
7.450000000000000000e+02 -9.571592857601049786e+01
7.460000000000000000e+02 2.645488896628883708e+02
7.470000000000000000e+02 2.334351712084242649e+02
7.480000000000000000e+02 -1.479893572179621231e+01
7.490000000000000000e+02 2.785378250822820974e+02
7.500000000000000000e+02 1.939576925648271413e+02
7.510000000000000000e+02 2.334871657983380828e+02
7.520000000000000000e+02 2.469080428593422027e+02
7.530000000000000000e+02 1.943798161051303737e+02
7.540000000000000000e+02 2.685732407405595268e+02
7.550000000000000000e+02 2.364297480806060037e+02
7.560000000000000000e+02 2.671580898488181219e+02
7.570000000000000000e+02 2.205196422708367265e+02
7.580000000000000000e+02 3.401095326217372872e+01
7.590000000000000000e+02 2.915986357007543006e+02
7.600000000000000000e+02 2.389045115177198113e+02
7.610000000000000000e+02 2.381298000786309217e+02
7.620000000000000000e+02 1.385672486529588809e+02
7.630000000000000000e+02 2.195286407367263735e+02
7.640000000000000000e+02 2.057934379643602085e+02
7.650000000000000000e+02 2.263898398679333184e+02
7.660000000000000000e+02 2.783342742485356212e+02
7.670000000000000000e+02 2.775916540875750798e+02
7.680000000000000000e+02 2.587894361450710221e+02
7.690000000000000000e+02 2.728935023122165262e+02
7.700000000000000000e+02 2.240017038152881241e+02
7.710000000000000000e+02 2.567915986104846979e+02
7.720000000000000000e+02 2.650848767386866029e+02
7.730000000000000000e+02 2.694227202904515934e+02
7.740000000000000000e+02 2.449174672882263906e+02
7.750000000000000000e+02 2.761645869697828175e+02
7.760000000000000000e+02 -2.598191773858472686e+01
7.770000000000000000e+02 -1.092735248231786898e+02
7.780000000000000000e+02 3.102952221368494747e+02
7.790000000000000000e+02 2.421421161078316970e+02
7.800000000000000000e+02 2.610124539905451115e+02
7.810000000000000000e+02 -6.144753310012722380e+01
7.820000000000000000e+02 2.758331620583435324e+02
7.830000000000000000e+02 3.252857513500224940e+01
7.840000000000000000e+02 2.747781264626480606e+02
7.850000000000000000e+02 -3.004446906960408796e+02
7.860000000000000000e+02 1.859278281063857889e+02
7.870000000000000000e+02 1.634194317499477620e+02
7.880000000000000000e+02 1.699862218981265016e+02
7.890000000000000000e+02 2.263256241154679174e+02
7.900000000000000000e+02 -3.181036520575047177e+01
7.910000000000000000e+02 2.527709260848470763e+02
7.920000000000000000e+02 2.851309625291156635e+01
7.930000000000000000e+02 2.070047639057678452e+02
7.940000000000000000e+02 -9.076822779602248659e+01
7.950000000000000000e+02 6.526747422429357925e+01
7.960000000000000000e+02 1.806698605785341556e+02
7.970000000000000000e+02 8.534195464163019551e+00
7.980000000000000000e+02 2.336110181044160754e+02
7.990000000000000000e+02 -3.102670649726032082e+01
8.000000000000000000e+02 2.866661988877828549e+02
8.010000000000000000e+02 -9.422768162051501406e+01
8.020000000000000000e+02 2.364427639420278240e+02
8.030000000000000000e+02 2.225506273302418663e+02
8.040000000000000000e+02 2.611590433541862808e+02
8.050000000000000000e+02 2.304170272382731071e+02
8.060000000000000000e+02 1.896729363791405660e+02
8.070000000000000000e+02 2.859521783534204360e+02
8.080000000000000000e+02 2.393201032941973949e+01
8.090000000000000000e+02 2.573500785457213738e+02
8.100000000000000000e+02 2.690238138741397620e+02
8.110000000000000000e+02 2.737666631711134073e+02
8.120000000000000000e+02 2.224257189394857051e+02
8.130000000000000000e+02 2.879283620850949319e+02
8.140000000000000000e+02 2.789633975562114188e+02
8.150000000000000000e+02 2.169166019412784578e+02
8.160000000000000000e+02 2.369671472181786669e+02
8.170000000000000000e+02 2.899603079610299119e+02
8.180000000000000000e+02 2.626168429561993207e+02
8.190000000000000000e+02 2.553778643350684661e+02
8.200000000000000000e+02 2.314030755181683787e+02
8.210000000000000000e+02 2.550505384279240104e+02
8.220000000000000000e+02 2.278582081090348765e+02
8.230000000000000000e+02 2.328343767575341019e+02
8.240000000000000000e+02 2.544319627926225564e+02
8.250000000000000000e+02 2.405453207534671378e+02
8.260000000000000000e+02 2.450428361279524836e+02
8.270000000000000000e+02 -8.223600975876431107e+01
8.280000000000000000e+02 2.240415604396017386e+02
8.290000000000000000e+02 2.557871052245017154e+02
8.300000000000000000e+02 2.710927779230962642e+02
8.310000000000000000e+02 -3.074392152850567754e+02
8.320000000000000000e+02 2.024203842784582150e+02
8.330000000000000000e+02 -2.581513430435320515e+02
8.340000000000000000e+02 2.756124288608294250e+02
8.350000000000000000e+02 2.678370445304176428e+02
8.360000000000000000e+02 2.371781033333402320e+02
8.370000000000000000e+02 2.166914310174063019e+02
8.380000000000000000e+02 -2.737355350660688487e+02
8.390000000000000000e+02 2.484882520425546488e+02
8.400000000000000000e+02 -1.721697512209776448e+01
8.410000000000000000e+02 -2.557484048154708773e+02
8.420000000000000000e+02 -6.945396356379933422e+01
8.430000000000000000e+02 -2.588847487170224895e+02
8.440000000000000000e+02 1.308288854816689195e+02
8.450000000000000000e+02 -6.806322443055964300e+01
8.460000000000000000e+02 -8.234364925062082818e+01
8.470000000000000000e+02 2.771361090483209182e+02
8.480000000000000000e+02 2.628913435733112465e+02
8.490000000000000000e+02 2.402588351959146280e+02
8.500000000000000000e+02 -1.181905634088900570e+02
8.510000000000000000e+02 2.364243180869551679e+02
8.520000000000000000e+02 2.567356082074362575e+02
8.530000000000000000e+02 2.368826863883042222e+02
8.540000000000000000e+02 -9.051200796824240058e+01
8.550000000000000000e+02 2.655843753626761483e+01
8.560000000000000000e+02 -7.613636703019655272e+01
8.570000000000000000e+02 -3.866783950085962260e+02
8.580000000000000000e+02 2.376878520330651838e+02
8.590000000000000000e+02 -1.744867223515329897e+02
8.600000000000000000e+02 -1.248023324541937740e+02
8.610000000000000000e+02 2.410751181153381140e+02
8.620000000000000000e+02 -1.439001537640753270e+01
8.630000000000000000e+02 2.447213847486567602e+02
8.640000000000000000e+02 -2.050446284468175122e+02
8.650000000000000000e+02 2.465789225968313758e+02
8.660000000000000000e+02 2.125176948678525264e+02
8.670000000000000000e+02 2.839558161968999457e+02
8.680000000000000000e+02 2.736498420770167286e+02
8.690000000000000000e+02 -3.449519686935049094e+02
8.700000000000000000e+02 -3.726492292850423382e+02
8.710000000000000000e+02 -6.407051851440374435e+01
8.720000000000000000e+02 -2.658674621168826775e+02
8.730000000000000000e+02 -3.995030106060669368e+02
8.740000000000000000e+02 -1.349045509188020162e+02
8.750000000000000000e+02 -1.402485764559655763e+02
8.760000000000000000e+02 -2.070077079557428874e+02
8.770000000000000000e+02 -2.339634144845858543e+01
8.780000000000000000e+02 2.615533819572684706e+02
8.790000000000000000e+02 1.945983325592211486e+02
8.800000000000000000e+02 -2.071804716715874690e+02
8.810000000000000000e+02 2.016227611221241318e+02
8.820000000000000000e+02 -1.020042577680642637e+01
8.830000000000000000e+02 2.746249388747125977e+02
8.840000000000000000e+02 -2.045362744789933629e+02
8.850000000000000000e+02 -1.091231299633478216e+02
8.860000000000000000e+02 -3.420792011509272470e+02
8.870000000000000000e+02 -2.380060755522134457e+02
8.880000000000000000e+02 2.510440868955729457e+02
8.890000000000000000e+02 -1.927418501631281629e+02
8.900000000000000000e+02 -8.398144963613788150e+01
8.910000000000000000e+02 -1.461003830735784277e+02
8.920000000000000000e+02 1.778452238534455887e+02
8.930000000000000000e+02 2.578589816209292849e+02
8.940000000000000000e+02 -2.361849607189077460e+02
8.950000000000000000e+02 -1.462749449847923415e+02
8.960000000000000000e+02 -2.900584196746111729e+02
8.970000000000000000e+02 2.609837824587256137e+02
8.980000000000000000e+02 9.671872946788523961e+01
8.990000000000000000e+02 -2.321007456338242889e+02
9.000000000000000000e+02 2.834856188514509086e+02
9.010000000000000000e+02 1.079370979214215787e+01
9.020000000000000000e+02 2.615095433406812617e+02
9.030000000000000000e+02 2.950639029070080710e+02
9.040000000000000000e+02 -1.184776255579511712e+02
9.050000000000000000e+02 3.023612678683179524e+02
9.060000000000000000e+02 2.290279264929381782e+02
9.070000000000000000e+02 -2.690003852197146443e+02
9.080000000000000000e+02 3.289705792123967854e+00
9.090000000000000000e+02 2.150057218440779820e+02
9.100000000000000000e+02 -5.417647975618399414e+01
9.110000000000000000e+02 2.109432520227227599e+02
9.120000000000000000e+02 2.840302032600589541e+02
9.130000000000000000e+02 2.423806405960789334e+02
9.140000000000000000e+02 2.384489118708910951e+02
9.150000000000000000e+02 2.945299746039724482e+02
9.160000000000000000e+02 2.761576241278189627e+02
9.170000000000000000e+02 2.152169311530853122e+02
9.180000000000000000e+02 -3.391424995432723222e+01
9.190000000000000000e+02 2.250693681045585777e+02
9.200000000000000000e+02 2.878464799786737558e+02
9.210000000000000000e+02 -4.957572051192330065e+01
9.220000000000000000e+02 2.401842207864571037e+02
9.230000000000000000e+02 2.558480827951679260e+01
9.240000000000000000e+02 2.308706135113220057e+02
9.250000000000000000e+02 2.976689829914945449e+02
9.260000000000000000e+02 2.589067426668223106e+02
9.270000000000000000e+02 2.671221622225983765e+02
9.280000000000000000e+02 2.160469662480144279e+02
9.290000000000000000e+02 2.381757228263988111e+02
9.300000000000000000e+02 2.416477255237325323e+02
9.310000000000000000e+02 -1.769339555664003001e+02
9.320000000000000000e+02 2.784647462480454010e+02
9.330000000000000000e+02 2.600204458404334673e+02
9.340000000000000000e+02 2.955832456921145877e+02
9.350000000000000000e+02 2.714380382753569165e+02
9.360000000000000000e+02 2.645780003013936721e+02
9.370000000000000000e+02 2.125377817980915154e+02
9.380000000000000000e+02 2.472414999850355173e+02
9.390000000000000000e+02 2.352139857501542224e+02
9.400000000000000000e+02 2.187135083413153893e+02
9.410000000000000000e+02 2.586321812000621776e+02
9.420000000000000000e+02 2.903878900551547417e+02
9.430000000000000000e+02 2.756958482048881365e+02
9.440000000000000000e+02 2.937136408609952696e+02
9.450000000000000000e+02 2.839652177685723018e+02
9.460000000000000000e+02 2.408528764213227191e+02
9.470000000000000000e+02 2.576999385875596431e+02
9.480000000000000000e+02 2.406024410906358924e+02
9.490000000000000000e+02 2.249521445403047437e+02
9.500000000000000000e+02 1.728976746536396547e+01
9.510000000000000000e+02 2.294276059623360879e+02
9.520000000000000000e+02 2.265757215721179421e+02
9.530000000000000000e+02 2.458656182788650426e+02
9.540000000000000000e+02 2.766543784612823629e+02
9.550000000000000000e+02 2.582604466212582111e+02
9.560000000000000000e+02 2.388062513968351084e+02
9.570000000000000000e+02 2.403651155747099892e+02
9.580000000000000000e+02 1.769227648290865318e+02
9.590000000000000000e+02 2.748570737389185865e+02
9.600000000000000000e+02 2.518335039331927874e+02
9.610000000000000000e+02 -1.775770107101604367e+02
9.620000000000000000e+02 2.619910132081635084e+02
9.630000000000000000e+02 2.129146827732767520e+02
9.640000000000000000e+02 -1.277470795934250702e+02
9.650000000000000000e+02 2.466027040341059546e+02
9.660000000000000000e+02 2.434105218160749757e+02
9.670000000000000000e+02 -2.672747577028447949e+02
9.680000000000000000e+02 2.379006057193542460e+02
9.690000000000000000e+02 -1.744139429914544621e+02
9.700000000000000000e+02 -1.962260607550042835e+02
9.710000000000000000e+02 1.160184708098048247e+02
9.720000000000000000e+02 2.351278267842714342e+02
9.730000000000000000e+02 2.719838313929286642e+02
9.740000000000000000e+02 2.300900394783003549e+02
9.750000000000000000e+02 -2.143253676244351595e+02
9.760000000000000000e+02 -8.270643010127608363e+01
9.770000000000000000e+02 2.950518683705594754e+02
9.780000000000000000e+02 2.925459096330324655e+02
9.790000000000000000e+02 2.774397596421092658e+02
9.800000000000000000e+02 2.690267266963107886e+02
9.810000000000000000e+02 2.345695664256910788e+02
9.820000000000000000e+02 2.698531418713978951e+02
9.830000000000000000e+02 2.893901870039742903e+02
9.840000000000000000e+02 2.666322068279042128e+02
9.850000000000000000e+02 2.767704718248080553e+02
9.860000000000000000e+02 2.982815646615525225e+02
9.870000000000000000e+02 2.350723909686936679e+02
9.880000000000000000e+02 2.535404305310022721e+02
9.890000000000000000e+02 2.701529497122442081e+02
9.900000000000000000e+02 2.713471503475818736e+02
9.910000000000000000e+02 2.523722750302221698e+02
9.920000000000000000e+02 2.386618822121262724e+02
9.930000000000000000e+02 2.074451579196223179e+02
9.940000000000000000e+02 -5.414696619670515076e+01
9.950000000000000000e+02 2.161189252550478272e+02
9.960000000000000000e+02 2.290747589340996626e+02
9.970000000000000000e+02 2.282612914634852643e+02
9.980000000000000000e+02 2.943538722331063582e+02
9.990000000000000000e+02 2.540865552814043724e+02
