0.000000000000000000e+00 -5.239387140917665420e+02
1.000000000000000000e+00 -3.003444542307706797e+02
2.000000000000000000e+00 -2.210700026362160315e+02
3.000000000000000000e+00 -5.318400035353058684e+02
4.000000000000000000e+00 -3.760451856614486132e+02
5.000000000000000000e+00 -5.854452138547051163e+02
6.000000000000000000e+00 -5.727746207786724426e+02
7.000000000000000000e+00 -4.557083066199171526e+02
8.000000000000000000e+00 -5.364941419407348349e+02
9.000000000000000000e+00 -2.777441388098336574e+02
1.000000000000000000e+01 -5.743626754625250896e+02
1.100000000000000000e+01 -2.363377569717042945e+02
1.200000000000000000e+01 -3.199690022636775666e+02
1.300000000000000000e+01 -1.738807920093780126e+02
1.400000000000000000e+01 -4.166035434876566796e+02
1.500000000000000000e+01 -5.204241809333404944e+02
1.600000000000000000e+01 -4.960634848044877288e+01
1.700000000000000000e+01 -3.209896486976885512e+02
1.800000000000000000e+01 -4.160443151574808240e+01
1.900000000000000000e+01 -2.957498771091715071e+02
2.000000000000000000e+01 -2.115129024186106506e+02
2.100000000000000000e+01 -2.277194483082010947e+02
2.200000000000000000e+01 -2.280511971499541062e+02
2.300000000000000000e+01 -2.653299196335993315e+00
2.400000000000000000e+01 -2.442497879790032016e+02
2.500000000000000000e+01 -3.233661918953352483e+02
2.600000000000000000e+01 -2.273045176954863109e+02
2.700000000000000000e+01 -3.481648659687987220e+02
2.800000000000000000e+01 -2.369551653195353822e+02
2.900000000000000000e+01 -8.415861420045879981e+01
3.000000000000000000e+01 -2.369197920317068338e+02
3.100000000000000000e+01 -4.214068696680766948e+02
3.200000000000000000e+01 -4.732216896016848295e+01
3.300000000000000000e+01 -2.751692204798189323e+02
3.400000000000000000e+01 -2.846854314948850515e+02
3.500000000000000000e+01 -1.155339059314478334e+02
3.600000000000000000e+01 -2.618853746836317669e+02
3.700000000000000000e+01 -2.748231116163304932e+02
3.800000000000000000e+01 -3.112986271300377439e+02
3.900000000000000000e+01 -4.541284307170931243e+02
4.000000000000000000e+01 -3.949785357699288397e+02
4.100000000000000000e+01 -3.557802570781033182e+02
4.200000000000000000e+01 -2.930719112691494956e+02
4.300000000000000000e+01 -3.990972385734189629e+02
4.400000000000000000e+01 -6.485396078584831514e+01
4.500000000000000000e+01 -3.215686956393041100e+02
4.600000000000000000e+01 -3.809039452429466905e+02
4.700000000000000000e+01 -3.457042961074079130e+02
4.800000000000000000e+01 -1.295423261668366877e+02
4.900000000000000000e+01 -1.436232095611018451e+02
5.000000000000000000e+01 -4.752899200045858663e+01
5.100000000000000000e+01 -2.317502199562132716e+02
5.200000000000000000e+01 -2.989373213477023228e+00
5.300000000000000000e+01 -2.989673778012852381e+02
5.400000000000000000e+01 -1.842206152290022914e+01
5.500000000000000000e+01 -4.550333881866724539e+01
5.600000000000000000e+01 -3.774002784654271068e+02
5.700000000000000000e+01 -3.141288539686623835e+02
5.800000000000000000e+01 -2.148424112514915976e+02
5.900000000000000000e+01 -2.798844609520293147e+01
6.000000000000000000e+01 -1.984567301860957969e+02
6.100000000000000000e+01 -3.445338921807587553e+02
6.200000000000000000e+01 7.567511359115158598e+00
6.300000000000000000e+01 -1.663026991112040776e+02
6.400000000000000000e+01 -2.682937909057875459e+02
6.500000000000000000e+01 -1.552419080198799293e+02
6.600000000000000000e+01 -1.449086848926487505e+02
6.700000000000000000e+01 -4.970482734952966553e+01
6.800000000000000000e+01 -1.517820664843501106e+02
6.900000000000000000e+01 -1.585377907756083289e+02
7.000000000000000000e+01 -1.486179872873739498e+02
7.100000000000000000e+01 -8.725235858690837176e+00
7.200000000000000000e+01 -2.640676611424119073e+02
7.300000000000000000e+01 -6.344392680119855044e+01
7.400000000000000000e+01 -2.460507949747400573e+02
7.500000000000000000e+01 -1.529141088575748597e+01
7.600000000000000000e+01 -1.155921366220826911e+02
7.700000000000000000e+01 -1.417080037258678544e+02
7.800000000000000000e+01 -9.941915479621448526e+01
7.900000000000000000e+01 -5.247201275174955271e+01
8.000000000000000000e+01 -6.706606597698817041e+01
8.100000000000000000e+01 -3.385369177595757151e+01
8.200000000000000000e+01 -4.382685704918878145e+01
8.300000000000000000e+01 -1.936560813795037177e+02
8.400000000000000000e+01 -3.609793951211502705e+00
8.500000000000000000e+01 -6.326900386809860777e+00
8.600000000000000000e+01 -6.962932964950394421e+01
8.700000000000000000e+01 -1.509712778112372966e+01
8.800000000000000000e+01 -2.585502739079140966e+01
8.900000000000000000e+01 -2.251747752322568275e+01
9.000000000000000000e+01 1.205595309972967755e+01
9.100000000000000000e+01 -2.409889672544012384e+01
9.200000000000000000e+01 -5.915754314502365219e+00
9.300000000000000000e+01 3.859445262664096532e+01
9.400000000000000000e+01 3.795910798621139293e+01
9.500000000000000000e+01 2.492373702652736611e+01
9.600000000000000000e+01 1.818946001126443335e+01
9.700000000000000000e+01 5.000518370352917685e+01
9.800000000000000000e+01 4.083390229154248630e+01
9.900000000000000000e+01 5.603355122137113398e+01
1.000000000000000000e+02 2.221464221857922183e+01
1.010000000000000000e+02 -1.193258204472554098e+02
1.020000000000000000e+02 7.907746940401692015e+00
1.030000000000000000e+02 8.663240379094352406e+00
1.040000000000000000e+02 -2.208538102629943012e+01
1.050000000000000000e+02 4.540737265378365528e+00
1.060000000000000000e+02 -3.148497345259348776e+02
1.070000000000000000e+02 -3.109023882469178943e+02
1.080000000000000000e+02 2.802570439556114934e+01
1.090000000000000000e+02 1.156125641090700462e+01
1.100000000000000000e+02 3.799308469027914015e+01
1.110000000000000000e+02 3.272884014416675313e+01
1.120000000000000000e+02 6.049109517854444107e+01
1.130000000000000000e+02 3.873453516401188779e+01
1.140000000000000000e+02 1.559493815299235031e+01
1.150000000000000000e+02 3.000797462836012386e+01
1.160000000000000000e+02 7.272842131213538153e+01
1.170000000000000000e+02 4.376265074785756326e+01
1.180000000000000000e+02 9.430444175447502175e+01
1.190000000000000000e+02 3.750977073233509884e+01
1.200000000000000000e+02 6.330186786316582470e+01
1.210000000000000000e+02 2.331479935487533908e+02
1.220000000000000000e+02 -1.672374262600358747e+02
1.230000000000000000e+02 1.916908052083875873e+02
1.240000000000000000e+02 8.842674311484987015e+01
1.250000000000000000e+02 -1.985451241544595860e+02
1.260000000000000000e+02 2.325428118189643101e+01
1.270000000000000000e+02 9.297032588612040627e+01
1.280000000000000000e+02 5.529106312329346906e+01
1.290000000000000000e+02 8.144546223795778417e+01
1.300000000000000000e+02 1.048192073770199499e+02
1.310000000000000000e+02 2.056768494310307744e+02
1.320000000000000000e+02 2.063951074668844967e+02
1.330000000000000000e+02 1.221662662008822053e+01
1.340000000000000000e+02 2.371436811834801688e+02
1.350000000000000000e+02 1.266226978084425383e+02
1.360000000000000000e+02 1.323859096234782839e+02
1.370000000000000000e+02 6.655498700922143485e+01
1.380000000000000000e+02 2.094310765088745541e+02
1.390000000000000000e+02 1.418546196507729178e+02
1.400000000000000000e+02 8.292605451565590613e+01
1.410000000000000000e+02 1.970498385115349720e+02
1.420000000000000000e+02 4.850305899472257920e+01
1.430000000000000000e+02 1.320041243630173255e+02
1.440000000000000000e+02 1.285367319238318089e+02
1.450000000000000000e+02 1.187866125040185210e+02
1.460000000000000000e+02 2.413800831929032995e+02
1.470000000000000000e+02 -1.125507041184372241e+02
1.480000000000000000e+02 2.109902438860714540e+02
1.490000000000000000e+02 -1.300031601389476066e+02
1.500000000000000000e+02 -1.632227799484514321e+02
1.510000000000000000e+02 2.308245590571888499e+02
1.520000000000000000e+02 -2.066288364453629356e+01
1.530000000000000000e+02 -1.120886888909102481e+02
1.540000000000000000e+02 2.373883872606615455e+02
1.550000000000000000e+02 1.602964936116328261e+02
1.560000000000000000e+02 2.577246234508600082e+02
1.570000000000000000e+02 2.112875535819874244e+02
1.580000000000000000e+02 2.663833221469428167e+02
1.590000000000000000e+02 8.614720626993493724e+00
1.600000000000000000e+02 -1.261958345163141502e+02
1.610000000000000000e+02 2.686140591496198340e+02
1.620000000000000000e+02 2.999252903844715092e+02
1.630000000000000000e+02 1.493626784308341655e+02
1.640000000000000000e+02 2.793621103059998632e+02
1.650000000000000000e+02 -3.899942155777964103e+01
1.660000000000000000e+02 1.243469835803847303e+02
1.670000000000000000e+02 1.213272317884122060e+02
1.680000000000000000e+02 2.236089082008105891e+02
1.690000000000000000e+02 2.631579973575441045e+02
1.700000000000000000e+02 -6.503699454628792864e+01
1.710000000000000000e+02 2.283345184811759907e+02
1.720000000000000000e+02 2.587409218356908696e+02
1.730000000000000000e+02 2.127884447812384110e+02
1.740000000000000000e+02 -8.362182726467372618e+01
1.750000000000000000e+02 -6.442303804747984586e+00
1.760000000000000000e+02 -5.026979593991540014e+02
1.770000000000000000e+02 -3.480914640969579068e+02
1.780000000000000000e+02 2.614765149659716030e+02
1.790000000000000000e+02 2.510920024698868360e+02
1.800000000000000000e+02 2.285058359198145013e+02
1.810000000000000000e+02 1.903200241687783603e+02
1.820000000000000000e+02 2.544032614930527814e+02
1.830000000000000000e+02 1.360527883728294398e+02
1.840000000000000000e+02 2.318928510784711534e+02
1.850000000000000000e+02 2.429223365379930044e+02
1.860000000000000000e+02 1.869842405057990504e+02
1.870000000000000000e+02 -6.666035513559256742e+01
1.880000000000000000e+02 1.345182375525167231e+02
1.890000000000000000e+02 1.280754327139913187e+02
1.900000000000000000e+02 2.576542412580399741e+02
1.910000000000000000e+02 2.718959764731564519e+02
1.920000000000000000e+02 2.510593780180905128e+02
1.930000000000000000e+02 2.586781192157883993e+02
1.940000000000000000e+02 1.676034646761593194e+02
1.950000000000000000e+02 2.361054055885778666e+02
1.960000000000000000e+02 9.656036479095821790e+01
1.970000000000000000e+02 2.547735422405684744e+02
1.980000000000000000e+02 2.392761253733563365e+02
1.990000000000000000e+02 -7.986332335233038293e+01
2.000000000000000000e+02 2.417140937330912323e+02
2.010000000000000000e+02 1.472044971050770243e+02
2.020000000000000000e+02 1.457806847552166687e+02
2.030000000000000000e+02 -4.490304123112011325e+01
2.040000000000000000e+02 1.840905493783823772e+02
2.050000000000000000e+02 2.837379409919771547e+02
2.060000000000000000e+02 2.453146393686562305e+02
2.070000000000000000e+02 1.122671786434582941e+02
2.080000000000000000e+02 2.468616026529836347e+02
2.090000000000000000e+02 2.064541574557940180e+02
2.100000000000000000e+02 2.183474013019760775e+02
2.110000000000000000e+02 2.263556314660129090e+02
2.120000000000000000e+02 2.290561312314634961e+02
2.130000000000000000e+02 9.314982131902239360e+01
2.140000000000000000e+02 2.462602740071342851e+02
2.150000000000000000e+02 2.096071116116093833e+02
2.160000000000000000e+02 2.585639643071847331e+02
2.170000000000000000e+02 2.036026373588945262e+02
2.180000000000000000e+02 2.552352238247261482e+02
2.190000000000000000e+02 2.114462848513329050e+02
2.200000000000000000e+02 2.547675915219171827e+02
2.210000000000000000e+02 2.168163750588631729e+02
2.220000000000000000e+02 2.204698366958718907e+02
2.230000000000000000e+02 2.425997862827761651e+02
2.240000000000000000e+02 2.341442723248190418e+02
2.250000000000000000e+02 2.195137221174544209e+02
2.260000000000000000e+02 2.903842249641581930e+02
2.270000000000000000e+02 2.288781045853254739e+02
2.280000000000000000e+02 2.512300095176045147e+02
2.290000000000000000e+02 2.678015875351008503e+02
2.300000000000000000e+02 2.452683848760224521e+02
2.310000000000000000e+02 3.012463922534243466e+02
2.320000000000000000e+02 2.527545668468624456e+02
2.330000000000000000e+02 1.906013273769621605e+02
2.340000000000000000e+02 2.553090250419126050e+02
2.350000000000000000e+02 2.633984400523331715e+02
2.360000000000000000e+02 -3.979754853772618617e+01
2.370000000000000000e+02 1.576909024603042440e+02
2.380000000000000000e+02 2.227936215814246168e+02
2.390000000000000000e+02 2.443078987545433449e+02
2.400000000000000000e+02 2.769355880267311250e+02
2.410000000000000000e+02 -6.691956260974203019e+01
2.420000000000000000e+02 2.731519229866688647e+02
2.430000000000000000e+02 2.280311184433863900e+02
2.440000000000000000e+02 2.547243100033131498e+02
2.450000000000000000e+02 2.706181237585627741e+02
2.460000000000000000e+02 1.733413871013923426e+02
2.470000000000000000e+02 2.331511882869550050e+02
2.480000000000000000e+02 2.696478228848383765e+02
2.490000000000000000e+02 -3.026153374522390038e+01
2.500000000000000000e+02 2.510315129901740647e+02
2.510000000000000000e+02 2.571550467469517116e+02
2.520000000000000000e+02 3.417792425384857324e+01
2.530000000000000000e+02 2.786487288925391113e+02
2.540000000000000000e+02 2.609882618178596658e+02
2.550000000000000000e+02 2.061057869703827237e+02
2.560000000000000000e+02 2.649524409328784031e+02
2.570000000000000000e+02 2.471980720792889770e+02
2.580000000000000000e+02 1.803982123683060763e+02
2.590000000000000000e+02 2.382116290577956761e+02
2.600000000000000000e+02 2.759994510840928115e+02
2.610000000000000000e+02 1.876665234050172728e+02
2.620000000000000000e+02 2.504131548227404664e+02
2.630000000000000000e+02 2.504168665549246668e+02
2.640000000000000000e+02 1.522735633883456217e+02
2.650000000000000000e+02 2.501344691961960223e+02
2.660000000000000000e+02 2.366337639460319906e+02
2.670000000000000000e+02 2.834065109742118125e+02
2.680000000000000000e+02 2.531569642003108243e+02
2.690000000000000000e+02 2.330551380267343689e+02
2.700000000000000000e+02 2.336049638619635118e+02
2.710000000000000000e+02 2.542791530743367900e+02
2.720000000000000000e+02 2.225620108739817340e+02
2.730000000000000000e+02 2.509370668241636508e+02
2.740000000000000000e+02 2.905733520873739621e+02
2.750000000000000000e+02 2.325652441950744560e+02
2.760000000000000000e+02 2.576118709469389501e+02
2.770000000000000000e+02 -4.455300067739553072e+01
2.780000000000000000e+02 2.238239988309934745e+02
2.790000000000000000e+02 2.228312483652913727e+02
2.800000000000000000e+02 2.526331487682594172e+02
2.810000000000000000e+02 2.549235968545897606e+02
2.820000000000000000e+02 2.113320849913707491e+02
2.830000000000000000e+02 2.278921010501035198e+02
2.840000000000000000e+02 5.767088804962781978e+00
2.850000000000000000e+02 1.946452250971373417e+02
2.860000000000000000e+02 2.701864355248647485e+02
2.870000000000000000e+02 2.625692239513530239e+02
2.880000000000000000e+02 2.818863737703637753e+02
2.890000000000000000e+02 2.789580208520657152e+02
2.900000000000000000e+02 2.627038645427901429e+02
2.910000000000000000e+02 2.782224754114113807e+02
2.920000000000000000e+02 2.755134340299100018e+02
2.930000000000000000e+02 2.810394145487895798e+02
2.940000000000000000e+02 1.791241447318784878e+02
2.950000000000000000e+02 2.620125559019657544e+02
2.960000000000000000e+02 1.270427978852654292e+02
2.970000000000000000e+02 1.894460493338281424e+02
2.980000000000000000e+02 2.701011680747632226e+02
2.990000000000000000e+02 1.585596055004591562e+02
3.000000000000000000e+02 2.334600624498904438e+02
3.010000000000000000e+02 2.893142674192428672e+02
3.020000000000000000e+02 1.573010010731453576e+02
3.030000000000000000e+02 2.396608747250247688e+02
3.040000000000000000e+02 2.584484370868973429e+02
3.050000000000000000e+02 2.859496976022439867e+02
3.060000000000000000e+02 2.607002559786153029e+02
3.070000000000000000e+02 1.837398976164432440e+01
3.080000000000000000e+02 2.520444732156432508e+02
3.090000000000000000e+02 2.572009778449711348e+02
3.100000000000000000e+02 2.379760506887512292e+02
3.110000000000000000e+02 2.574151068251641163e+02
3.120000000000000000e+02 2.190778287981081007e+02
3.130000000000000000e+02 2.319921795384306620e+02
3.140000000000000000e+02 2.243739958013081832e+02
3.150000000000000000e+02 2.045556891848677878e+02
3.160000000000000000e+02 2.860832170280011724e+02
3.170000000000000000e+02 2.714903270393197658e+02
3.180000000000000000e+02 2.558021072643835225e+02
3.190000000000000000e+02 2.570427146376289329e+02
3.200000000000000000e+02 2.518713060719421151e+02
3.210000000000000000e+02 2.725791971597043357e+02
3.220000000000000000e+02 2.802559234699236868e+02
3.230000000000000000e+02 2.377028194471080553e+02
3.240000000000000000e+02 2.458528065699359786e+02
3.250000000000000000e+02 1.922497984542917493e+02
3.260000000000000000e+02 2.237528597688788352e+02
3.270000000000000000e+02 2.679618601279197492e+02
3.280000000000000000e+02 2.182771963674672975e+02
3.290000000000000000e+02 2.322708252677880978e+02
3.300000000000000000e+02 2.469371354280775108e+02
3.310000000000000000e+02 7.865494045267492140e+01
3.320000000000000000e+02 2.694495988376751257e+02
3.330000000000000000e+02 2.080590135684497568e+02
3.340000000000000000e+02 2.265879212233166413e+02
3.350000000000000000e+02 1.794114348454636740e+02
3.360000000000000000e+02 -6.580730406939986210e+01
3.370000000000000000e+02 2.143537882560433445e+02
3.380000000000000000e+02 2.436603460987716687e+02
3.390000000000000000e+02 2.327976770921274294e+02
3.400000000000000000e+02 2.366840445636175048e+02
3.410000000000000000e+02 2.351634167704482934e+02
3.420000000000000000e+02 2.689476259167009857e+02
3.430000000000000000e+02 -9.332588992130895633e+01
3.440000000000000000e+02 2.472476799982934779e+02
3.450000000000000000e+02 2.382659795848755380e+02
3.460000000000000000e+02 2.291550402061864702e+02
3.470000000000000000e+02 2.287637914072348622e+02
3.480000000000000000e+02 -7.205636150293662467e+01
3.490000000000000000e+02 2.225839737731359946e+02
3.500000000000000000e+02 -3.778690600282494927e+01
3.510000000000000000e+02 -2.138963298299954296e-01
3.520000000000000000e+02 2.469061124856332299e+02
3.530000000000000000e+02 2.527771469048892641e+02
3.540000000000000000e+02 1.883202653856756825e+01
3.550000000000000000e+02 9.728226051727651225e+01
3.560000000000000000e+02 1.674613770019890353e+02
3.570000000000000000e+02 2.616268458219159356e+02
3.580000000000000000e+02 2.734389693964678827e+02
3.590000000000000000e+02 2.301338336316026130e+02
3.600000000000000000e+02 -5.125826469118054263e+01
3.610000000000000000e+02 2.863021174230370889e+02
3.620000000000000000e+02 2.315878528779763883e+02
3.630000000000000000e+02 2.092927350099595287e+02
3.640000000000000000e+02 -6.002721671131764225e+01
3.650000000000000000e+02 7.611630607061636056e+01
3.660000000000000000e+02 1.423677115977905032e+02
3.670000000000000000e+02 2.913235395172704330e+02
3.680000000000000000e+02 2.735885324601713364e+02
3.690000000000000000e+02 1.907842626307416367e+02
3.700000000000000000e+02 2.425279120321739015e+02
3.710000000000000000e+02 2.862466445335673981e+01
3.720000000000000000e+02 1.598341501077829889e+02
3.730000000000000000e+02 2.638960583199622079e+02
3.740000000000000000e+02 2.548952942034835871e+02
3.750000000000000000e+02 2.198568505662182702e+02
3.760000000000000000e+02 2.610028819229307828e+02
3.770000000000000000e+02 2.532269625874848202e+02
3.780000000000000000e+02 2.899006434327591251e+02
3.790000000000000000e+02 2.844331827572542579e+02
3.800000000000000000e+02 2.694076869624681763e+02
3.810000000000000000e+02 1.809573132902747261e+02
3.820000000000000000e+02 2.466421799596095639e+02
3.830000000000000000e+02 2.716961470027647465e+02
3.840000000000000000e+02 -4.910794941370238575e+01
3.850000000000000000e+02 -7.454542352961915697e+01
3.860000000000000000e+02 1.079601138612120650e+02
3.870000000000000000e+02 2.523302629920379161e+02
3.880000000000000000e+02 1.986474948357987387e+02
3.890000000000000000e+02 -1.216867997647513278e+02
3.900000000000000000e+02 3.001993091498704302e+00
3.910000000000000000e+02 2.686701423840104326e+02
3.920000000000000000e+02 2.545483730730278751e+02
3.930000000000000000e+02 1.949871418395442788e+02
3.940000000000000000e+02 2.807311068561589309e+02
3.950000000000000000e+02 2.365852496766672743e+02
3.960000000000000000e+02 2.577498954058758045e+02
3.970000000000000000e+02 2.714676047197108915e+02
3.980000000000000000e+02 2.596187025698801563e+02
3.990000000000000000e+02 1.381708722066031214e+02
4.000000000000000000e+02 2.476055251813037330e+02
4.010000000000000000e+02 2.598213829260196803e+02
4.020000000000000000e+02 -1.026212495502972644e+02
4.030000000000000000e+02 2.525709937512965553e+02
4.040000000000000000e+02 -2.714376833330512113e+02
4.050000000000000000e+02 2.002830684012025131e+02
4.060000000000000000e+02 2.755599724615384503e+02
4.070000000000000000e+02 2.262808982616750768e+02
4.080000000000000000e+02 2.517697055791413163e+02
4.090000000000000000e+02 2.973048355610245608e+02
4.100000000000000000e+02 2.632472239578263498e+02
4.110000000000000000e+02 -5.493573187759758980e+01
4.120000000000000000e+02 2.360132525242908059e+02
4.130000000000000000e+02 2.757978341862485649e+02
4.140000000000000000e+02 1.791634903987763323e+02
4.150000000000000000e+02 2.745537122071957583e+02
4.160000000000000000e+02 2.528474567078995676e+02
4.170000000000000000e+02 2.485514260675092544e+02
4.180000000000000000e+02 2.826051957649876272e+02
4.190000000000000000e+02 2.953190562808964614e+02
4.200000000000000000e+02 2.981783784187324500e+02
4.210000000000000000e+02 2.476376659565949865e+02
4.220000000000000000e+02 2.543876560071353765e+02
4.230000000000000000e+02 4.009049192825341379e+01
4.240000000000000000e+02 2.011066136650053409e+02
4.250000000000000000e+02 2.236386112668043893e+02
4.260000000000000000e+02 2.853201061833888161e+02
4.270000000000000000e+02 2.443628095261705937e+02
4.280000000000000000e+02 2.110885325015183298e+02
4.290000000000000000e+02 2.585529713219652876e+02
4.300000000000000000e+02 2.098285590455995475e+02
4.310000000000000000e+02 2.626013007717514824e+02
4.320000000000000000e+02 2.206930945516033944e+02
4.330000000000000000e+02 2.769500752533555215e+02
4.340000000000000000e+02 1.895413161585542809e+02
4.350000000000000000e+02 2.916350009815332669e+02
4.360000000000000000e+02 2.523754246599294220e+02
4.370000000000000000e+02 2.733991696178887310e+02
4.380000000000000000e+02 1.363702977097551923e+02
4.390000000000000000e+02 2.135642190052847127e+02
4.400000000000000000e+02 2.111385054797206067e+02
4.410000000000000000e+02 2.646594418300268217e+02
4.420000000000000000e+02 2.487573857144041654e+02
4.430000000000000000e+02 1.322222338746531420e+02
4.440000000000000000e+02 2.233582751688674364e+02
4.450000000000000000e+02 2.508330340241880094e+02
4.460000000000000000e+02 2.814447418841270974e+02
4.470000000000000000e+02 2.583907374634782173e+02
4.480000000000000000e+02 1.472813794230007147e+02
4.490000000000000000e+02 2.836264971983758301e+02
4.500000000000000000e+02 2.509052013783752670e+02
4.510000000000000000e+02 2.594555867057341629e+02
4.520000000000000000e+02 2.302042251409685321e+02
4.530000000000000000e+02 2.708635632446488444e+02
4.540000000000000000e+02 2.600134757999494468e+02
4.550000000000000000e+02 -4.944591771385145762e+01
4.560000000000000000e+02 2.704100169177139605e+02
4.570000000000000000e+02 2.614495819969014860e+02
4.580000000000000000e+02 2.725786715946788377e+02
4.590000000000000000e+02 1.313495049696450394e+02
4.600000000000000000e+02 2.798239115072178151e+02
4.610000000000000000e+02 2.466460438098941097e+02
4.620000000000000000e+02 2.616309734514580896e+02
4.630000000000000000e+02 2.775982895113774021e+02
4.640000000000000000e+02 3.164545973810586474e+02
4.650000000000000000e+02 2.752801860187815919e+02
4.660000000000000000e+02 2.947386737972227593e+02
4.670000000000000000e+02 2.754688943688715312e+02
4.680000000000000000e+02 2.580102101658842457e+02
4.690000000000000000e+02 2.939052981457952001e+02
4.700000000000000000e+02 3.016705794232841527e+02
4.710000000000000000e+02 2.566494872016055524e+02
4.720000000000000000e+02 1.878523203182219845e+02
4.730000000000000000e+02 2.867683241959556426e+02
4.740000000000000000e+02 2.679333820439908891e+02
4.750000000000000000e+02 2.776456583281021153e+02
4.760000000000000000e+02 2.668701641298741833e+02
4.770000000000000000e+02 2.625575597953593956e+02
4.780000000000000000e+02 2.647003284028125449e+02
4.790000000000000000e+02 2.550871099580326131e+02
4.800000000000000000e+02 2.717605982508671900e+02
4.810000000000000000e+02 2.910112675927016994e+02
4.820000000000000000e+02 -4.652168895046529684e+01
4.830000000000000000e+02 2.610379386962458170e+02
4.840000000000000000e+02 2.366499775388720366e+02
4.850000000000000000e+02 2.042008747303731298e+02
4.860000000000000000e+02 2.401724309347112296e+02
4.870000000000000000e+02 2.754532781724842607e+02
4.880000000000000000e+02 2.606862448332594795e+02
4.890000000000000000e+02 2.692668968290879548e+02
4.900000000000000000e+02 2.746350810545155809e+02
4.910000000000000000e+02 1.928315519251971750e+02
4.920000000000000000e+02 2.238654680744232621e+02
4.930000000000000000e+02 2.405041095110126435e+02
4.940000000000000000e+02 2.538021638409678928e+02
4.950000000000000000e+02 2.463070261447572022e+02
4.960000000000000000e+02 2.421529586644467713e+02
4.970000000000000000e+02 2.470455210131248691e+02
4.980000000000000000e+02 2.417821966318206250e+02
4.990000000000000000e+02 2.863816830969829539e+02
5.000000000000000000e+02 2.393535736416309589e+02
5.010000000000000000e+02 2.410727845051674763e+02
5.020000000000000000e+02 2.554266204127609967e+02
5.030000000000000000e+02 2.476812440703363620e+02
5.040000000000000000e+02 2.743394095930741514e+02
5.050000000000000000e+02 2.595973906527057125e+02
5.060000000000000000e+02 2.342400861096143956e+02
5.070000000000000000e+02 2.562095462225356641e+02
5.080000000000000000e+02 2.418154157483810991e+02
5.090000000000000000e+02 2.800087949003134895e+02
5.100000000000000000e+02 2.127958657406190355e+02
5.110000000000000000e+02 2.735294705382373195e+02
5.120000000000000000e+02 2.649341066807490961e+02
5.130000000000000000e+02 2.896793892477729742e+02
5.140000000000000000e+02 2.726367900511747848e+02
5.150000000000000000e+02 2.739751119972255538e+02
5.160000000000000000e+02 2.583277162304194690e+02
5.170000000000000000e+02 2.813275431837581664e+02
5.180000000000000000e+02 2.918509651209809590e+02
5.190000000000000000e+02 2.540674778452768976e+02
5.200000000000000000e+02 3.036889520779728855e+02
5.210000000000000000e+02 2.833874182829325719e+02
5.220000000000000000e+02 2.423346891903048004e+02
5.230000000000000000e+02 -1.481162831877033170e+01
5.240000000000000000e+02 1.333097877487635685e+01
5.250000000000000000e+02 2.367198621238217981e+02
5.260000000000000000e+02 2.514457711949516749e+02
5.270000000000000000e+02 2.335304450064351158e+02
5.280000000000000000e+02 2.958581422444949567e+02
5.290000000000000000e+02 3.052405623676543200e+02
5.300000000000000000e+02 2.753246016655104995e+02
5.310000000000000000e+02 2.714898435281194224e+02
5.320000000000000000e+02 2.780794139818495410e+02
5.330000000000000000e+02 2.889009215006893783e+02
5.340000000000000000e+02 2.473157183186725945e+02
5.350000000000000000e+02 2.427328108327808991e+02
5.360000000000000000e+02 2.451691240945912114e+02
5.370000000000000000e+02 2.426696915040758995e+02
5.380000000000000000e+02 2.540446560114348244e+02
5.390000000000000000e+02 2.702235499218767245e+02
5.400000000000000000e+02 2.755492656670759857e+02
5.410000000000000000e+02 1.336215154515892607e+02
5.420000000000000000e+02 2.865112219405611995e+02
5.430000000000000000e+02 2.631871280409194469e+02
5.440000000000000000e+02 2.342178492752776435e+02
5.450000000000000000e+02 2.378817002888649199e+02
5.460000000000000000e+02 2.101362952473594987e+02
5.470000000000000000e+02 2.878483280183946817e+02
5.480000000000000000e+02 -9.480930695413633202e+00
5.490000000000000000e+02 1.889502283695483698e+02
5.500000000000000000e+02 3.105974026382307329e+02
5.510000000000000000e+02 2.450007574189199033e+02
5.520000000000000000e+02 2.539392108985567802e+02
5.530000000000000000e+02 2.472124922414605237e+02
5.540000000000000000e+02 2.471910362297462029e+02
5.550000000000000000e+02 2.535602237268652175e+02
5.560000000000000000e+02 2.829279546070691254e+02
5.570000000000000000e+02 3.247595887965005090e+00
5.580000000000000000e+02 2.355152248646507473e+02
5.590000000000000000e+02 2.166965001710595402e+02
5.600000000000000000e+02 2.420511426796580281e+02
5.610000000000000000e+02 2.690545582145437038e+02
5.620000000000000000e+02 2.749196517383136324e+02
5.630000000000000000e+02 2.726159479875024090e+02
5.640000000000000000e+02 2.383660412082582241e+02
5.650000000000000000e+02 1.174108603750544830e+02
5.660000000000000000e+02 2.648477766964712146e+02
5.670000000000000000e+02 2.704639345520567986e+02
5.680000000000000000e+02 2.365122259159389557e+02
5.690000000000000000e+02 2.271346962537639058e+02
5.700000000000000000e+02 2.295481111522916251e+02
5.710000000000000000e+02 2.617965803732062113e+02
5.720000000000000000e+02 2.845035725870376382e+02
5.730000000000000000e+02 2.521917333473465419e+02
5.740000000000000000e+02 2.370119614135589075e+02
5.750000000000000000e+02 2.331837137500012886e+02
5.760000000000000000e+02 2.153180464431575274e+02
5.770000000000000000e+02 2.344544080070227210e+02
5.780000000000000000e+02 2.272411587265575577e+02
5.790000000000000000e+02 2.568666199217738040e+02
5.800000000000000000e+02 2.844115902787077630e+02
5.810000000000000000e+02 2.714736170084582909e+02
5.820000000000000000e+02 2.664501163786230791e+02
5.830000000000000000e+02 2.625484163560104776e+02
5.840000000000000000e+02 2.553866680928871062e+02
5.850000000000000000e+02 2.679350363852491910e+02
5.860000000000000000e+02 2.922232444834489797e+02
5.870000000000000000e+02 2.493111385675400413e+02
5.880000000000000000e+02 2.601524155501692803e+02
5.890000000000000000e+02 2.558970085360852522e+02
5.900000000000000000e+02 2.553632328844749679e+02
5.910000000000000000e+02 2.822008292953305499e+02
5.920000000000000000e+02 2.534066609538615751e+02
5.930000000000000000e+02 2.854517070807785331e+02
5.940000000000000000e+02 2.184169626577657652e+02
5.950000000000000000e+02 1.985206273598845996e+02
5.960000000000000000e+02 2.612178823568818871e+02
5.970000000000000000e+02 2.353469788764699615e+02
5.980000000000000000e+02 2.631940124547521691e+02
5.990000000000000000e+02 2.507809305674072107e+02
6.000000000000000000e+02 2.620785867747979978e+02
6.010000000000000000e+02 2.691378991991118710e+02
6.020000000000000000e+02 2.515819152488583939e+02
6.030000000000000000e+02 2.432667008219643776e+02
6.040000000000000000e+02 2.797051935664004532e+02
6.050000000000000000e+02 -5.519022188799922333e+02
6.060000000000000000e+02 2.239549072206623350e+02
6.070000000000000000e+02 2.654379459255093252e+02
6.080000000000000000e+02 2.678812646758039477e+02
6.090000000000000000e+02 2.703476855559194973e+02
6.100000000000000000e+02 2.359070419577876692e+02
6.110000000000000000e+02 4.500348546913747327e+01
6.120000000000000000e+02 3.013100719706379778e+02
6.130000000000000000e+02 2.445390510163419151e+02
6.140000000000000000e+02 2.630417379968819205e+02
6.150000000000000000e+02 2.541711891105621532e+02
6.160000000000000000e+02 -6.142235442025424845e+02
6.170000000000000000e+02 -4.761856399223358380e+02
6.180000000000000000e+02 1.530155931509499965e+02
6.190000000000000000e+02 2.849758891958764480e+02
6.200000000000000000e+02 2.518006746006415995e+02
6.210000000000000000e+02 2.524330154019347958e+02
6.220000000000000000e+02 -4.770649981730870763e+02
6.230000000000000000e+02 2.840574143094393662e+02
6.240000000000000000e+02 2.575049076849256267e+02
6.250000000000000000e+02 -1.384908071564639442e+01
6.260000000000000000e+02 3.096992493590934146e+02
6.270000000000000000e+02 2.391649013767524252e+02
6.280000000000000000e+02 2.258127582651066234e+01
6.290000000000000000e+02 -4.536163793316695205e+02
6.300000000000000000e+02 2.781933225100830214e+02
6.310000000000000000e+02 2.553265657828702047e+02
6.320000000000000000e+02 2.965567634850116292e+02
6.330000000000000000e+02 2.797568457601973932e+02
6.340000000000000000e+02 2.306819952573861201e+02
6.350000000000000000e+02 2.396671628375470107e+02
6.360000000000000000e+02 2.614929243247129307e+02
6.370000000000000000e+02 2.647821310904833467e+02
6.380000000000000000e+02 2.615975233151064003e+02
6.390000000000000000e+02 2.558494649008697763e+02
6.400000000000000000e+02 1.805351851443559497e+01
6.410000000000000000e+02 2.854515123885277603e+02
6.420000000000000000e+02 2.751245799454251255e+02
6.430000000000000000e+02 2.924619071549576574e+02
6.440000000000000000e+02 2.803079264677852507e+02
6.450000000000000000e+02 2.722924021775437495e+02
6.460000000000000000e+02 2.888451509920042781e+02
6.470000000000000000e+02 2.667966453378183544e+01
6.480000000000000000e+02 2.505462725874222087e+02
6.490000000000000000e+02 2.737744058743954838e+02
6.500000000000000000e+02 2.556493367638231007e+02
6.510000000000000000e+02 2.374072322227409018e+02
6.520000000000000000e+02 2.646203323648312562e+02
6.530000000000000000e+02 2.824521085185290303e+02
6.540000000000000000e+02 2.815302742481235327e+02
6.550000000000000000e+02 2.402138519845891551e+02
6.560000000000000000e+02 2.207595292632244082e+02
6.570000000000000000e+02 7.875832770200355526e+01
6.580000000000000000e+02 3.015864929624161164e+02
6.590000000000000000e+02 2.685764826109884780e+02
6.600000000000000000e+02 2.509139018759969133e+02
6.610000000000000000e+02 2.729503356545891393e+02
6.620000000000000000e+02 2.441892297461955081e+02
6.630000000000000000e+02 2.561719420287835192e+02
6.640000000000000000e+02 2.581149921796209128e+02
6.650000000000000000e+02 3.146615414829931296e+02
6.660000000000000000e+02 2.766640945894231436e+02
6.670000000000000000e+02 2.874802901143843883e+02
6.680000000000000000e+02 2.422686637416572353e+02
6.690000000000000000e+02 2.433317523930679727e+02
6.700000000000000000e+02 2.802680795779468781e+02
6.710000000000000000e+02 2.573374612197379747e+02
6.720000000000000000e+02 2.158598218664519948e+02
6.730000000000000000e+02 2.365250984985123637e+02
6.740000000000000000e+02 2.120137821465454522e+02
6.750000000000000000e+02 2.798107045481906994e+02
6.760000000000000000e+02 2.747531503035384048e+02
6.770000000000000000e+02 2.446594103129146163e+02
6.780000000000000000e+02 3.061826937520842762e+02
6.790000000000000000e+02 2.670047964006812435e+02
6.800000000000000000e+02 2.275325130859614262e+02
6.810000000000000000e+02 2.473454925772387867e+02
6.820000000000000000e+02 2.786139663539821640e+02
6.830000000000000000e+02 7.715398861998002644e+01
6.840000000000000000e+02 1.984789755630463333e+02
6.850000000000000000e+02 2.435791934721309531e+02
6.860000000000000000e+02 2.976944811582274042e+02
6.870000000000000000e+02 2.771963082913382550e+02
6.880000000000000000e+02 2.840210889615289034e+02
6.890000000000000000e+02 2.550598777541387392e+02
6.900000000000000000e+02 2.863461771274593843e+02
6.910000000000000000e+02 2.830993631670972377e+02
6.920000000000000000e+02 2.672248954505007532e+02
6.930000000000000000e+02 2.971007701827734309e+02
6.940000000000000000e+02 2.861954963157839984e+02
6.950000000000000000e+02 2.686112746590216602e+02
6.960000000000000000e+02 6.142220278824882485e+01
6.970000000000000000e+02 2.848674907518382611e+02
6.980000000000000000e+02 2.696121547445458191e+02
6.990000000000000000e+02 2.501914326432352595e+02
7.000000000000000000e+02 2.810201704699969696e+02
7.010000000000000000e+02 2.955634225300387357e+02
7.020000000000000000e+02 2.831847624269642552e+02
7.030000000000000000e+02 2.293161746936609973e+02
7.040000000000000000e+02 4.797640158229839358e+01
7.050000000000000000e+02 6.783227020557060882e+01
7.060000000000000000e+02 2.612193714548437811e+02
7.070000000000000000e+02 2.545084470085282078e+02
7.080000000000000000e+02 2.386603550750869545e+02
7.090000000000000000e+02 2.284524110767932257e+02
7.100000000000000000e+02 2.803400337281473185e+02
7.110000000000000000e+02 2.874708291747083990e+02
7.120000000000000000e+02 2.954895609118890434e+02
7.130000000000000000e+02 2.861711932977832475e+02
7.140000000000000000e+02 2.771594708477316544e+02
7.150000000000000000e+02 2.372213345778293956e+02
7.160000000000000000e+02 2.335152839753350804e+02
7.170000000000000000e+02 2.526441189088820352e+02
7.180000000000000000e+02 2.931927777460006155e+02
7.190000000000000000e+02 2.541250681581212802e+02
7.200000000000000000e+02 2.517653140548099202e+02
7.210000000000000000e+02 2.744734563394606539e+02
7.220000000000000000e+02 2.224047052296963045e+02
7.230000000000000000e+02 2.554754089755836617e+02
7.240000000000000000e+02 2.381299415023172230e+02
7.250000000000000000e+02 4.746095484213211080e+01
7.260000000000000000e+02 2.810149511605920907e+02
7.270000000000000000e+02 2.549038932697360735e+02
7.280000000000000000e+02 2.681605238851776676e+02
7.290000000000000000e+02 2.650930425074765253e+02
7.300000000000000000e+02 2.635369975855170992e+02
7.310000000000000000e+02 2.431282729342856044e+02
7.320000000000000000e+02 2.722504347240887910e+02
7.330000000000000000e+02 3.082406843179639964e+02
7.340000000000000000e+02 2.696474995562010690e+02
7.350000000000000000e+02 3.882882896883231183e+01
7.360000000000000000e+02 2.749144698677906149e+02
7.370000000000000000e+02 9.662848508476281495e+01
7.380000000000000000e+02 3.041024737824309341e+02
7.390000000000000000e+02 3.315580189903087671e+01
7.400000000000000000e+02 2.552202063965985417e+02
7.410000000000000000e+02 3.150100729999206806e+02
7.420000000000000000e+02 6.661969706147867498e+01
7.430000000000000000e+02 2.764698563630053059e+02
7.440000000000000000e+02 2.512654266253202024e+02
7.450000000000000000e+02 2.758206567656842481e+02
7.460000000000000000e+02 2.724000272233834039e+02
7.470000000000000000e+02 2.678035687422927253e+02
7.480000000000000000e+02 2.270959594909182613e+02
7.490000000000000000e+02 2.468224408743301410e+02
7.500000000000000000e+02 2.646546443350821392e+02
7.510000000000000000e+02 2.318714103545912906e+02
7.520000000000000000e+02 2.474074541761369233e+02
7.530000000000000000e+02 4.028095433786990043e+01
7.540000000000000000e+02 2.157499194623310927e+02
7.550000000000000000e+02 2.917774199236727100e+02
7.560000000000000000e+02 2.667604268001521746e+02
7.570000000000000000e+02 2.829519862932485239e+02
7.580000000000000000e+02 2.701303108637083596e+02
7.590000000000000000e+02 2.269995750525306164e+02
7.600000000000000000e+02 2.223645802294928444e+02
7.610000000000000000e+02 3.068833035127754556e+02
7.620000000000000000e+02 2.424925814115124183e+02
7.630000000000000000e+02 2.689252346452697111e+02
7.640000000000000000e+02 2.487227647655315934e+02
7.650000000000000000e+02 1.251009865696773744e+02
7.660000000000000000e+02 2.791461747657222645e+02
7.670000000000000000e+02 2.943142456179044189e+02
7.680000000000000000e+02 2.993643640230930032e+02
7.690000000000000000e+02 2.581573783805270068e+02
7.700000000000000000e+02 2.683131219003365118e+02
7.710000000000000000e+02 2.423316357074662051e+02
7.720000000000000000e+02 2.564855186153982345e+02
7.730000000000000000e+02 2.519605401086986944e+02
7.740000000000000000e+02 2.833640638286682361e+02
7.750000000000000000e+02 6.607904827429223360e+01
7.760000000000000000e+02 2.241278441213577537e+02
7.770000000000000000e+02 2.787706878844558105e+02
7.780000000000000000e+02 2.921853361735858243e+02
7.790000000000000000e+02 2.552995709845027932e+02
7.800000000000000000e+02 2.713565192927802627e+02
7.810000000000000000e+02 2.301930595412124489e+02
7.820000000000000000e+02 2.558357005532724315e+02
7.830000000000000000e+02 2.409884942262356731e+02
7.840000000000000000e+02 2.957417912335737924e+02
7.850000000000000000e+02 2.329280839453175531e+02
7.860000000000000000e+02 2.703265128925403360e+02
7.870000000000000000e+02 2.209441699447876601e+02
7.880000000000000000e+02 2.925216972265053528e+02
7.890000000000000000e+02 2.164244865215244147e+02
7.900000000000000000e+02 2.474997951550999460e+02
7.910000000000000000e+02 2.249765110746323558e+02
7.920000000000000000e+02 2.483821905872290188e+02
7.930000000000000000e+02 2.677276582994842329e+02
7.940000000000000000e+02 6.433349782326570221e+01
7.950000000000000000e+02 2.587237082911395305e+02
7.960000000000000000e+02 2.544616888754377726e+02
7.970000000000000000e+02 2.164467233748717376e+02
7.980000000000000000e+02 2.612035732668430228e+02
7.990000000000000000e+02 1.534097362850036745e+02
8.000000000000000000e+02 3.039938236890834560e+02
8.010000000000000000e+02 2.669194365155987043e+02
8.020000000000000000e+02 2.491013394993792076e+02
8.030000000000000000e+02 2.802802353649391307e+02
8.040000000000000000e+02 2.461600113191060188e+02
8.050000000000000000e+02 2.978714883696127345e+02
8.060000000000000000e+02 2.560888036335248898e+02
8.070000000000000000e+02 2.928364688661357604e+02
8.080000000000000000e+02 1.158207014733354043e+02
8.090000000000000000e+02 2.832648343637202970e+02
8.100000000000000000e+02 -5.435293947529249436e+01
8.110000000000000000e+02 2.614630944259137095e+02
8.120000000000000000e+02 2.670551029758349841e+02
8.130000000000000000e+02 1.113463458972147180e+01
8.140000000000000000e+02 2.958721943546506168e+02
8.150000000000000000e+02 2.788191262301905908e+02
8.160000000000000000e+02 2.439489174116340280e+02
8.170000000000000000e+02 2.900227810032297953e+02
8.180000000000000000e+02 -2.441566873084472888e+01
8.190000000000000000e+02 -1.289679416705934614e+02
8.200000000000000000e+02 -1.992336243895065309e+02
8.210000000000000000e+02 2.396498934621415344e+02
8.220000000000000000e+02 2.498369573403334130e+02
8.230000000000000000e+02 2.431707555676998709e+02
8.240000000000000000e+02 2.660179529111843522e+02
8.250000000000000000e+02 2.200074478043785575e+02
8.260000000000000000e+02 2.752434055682573444e+02
8.270000000000000000e+02 -1.960204208279595264e+02
8.280000000000000000e+02 2.793224593319463338e+02
8.290000000000000000e+02 2.018358412083650251e+02
8.300000000000000000e+02 2.869209811097756528e+02
8.310000000000000000e+02 2.178296631277187316e+02
8.320000000000000000e+02 2.720215836036953760e+02
8.330000000000000000e+02 2.486110617129223215e+02
8.340000000000000000e+02 -1.092423208248412578e+02
8.350000000000000000e+02 2.747324184187474430e+02
8.360000000000000000e+02 2.519054089051898302e+02
8.370000000000000000e+02 2.517473942472784643e+02
8.380000000000000000e+02 2.368931800484331518e+02
8.390000000000000000e+02 2.690720632166511450e+02
8.400000000000000000e+02 1.132676240661594136e+02
8.410000000000000000e+02 2.876174624504121766e+02
8.420000000000000000e+02 1.959996931140162815e+02
8.430000000000000000e+02 2.647963961184514687e+02
8.440000000000000000e+02 2.936850447988232418e+02
8.450000000000000000e+02 2.858134118644268824e+02
8.460000000000000000e+02 3.070978254080185934e+02
8.470000000000000000e+02 2.645069337465173476e+02
8.480000000000000000e+02 2.841233671617223990e+02
8.490000000000000000e+02 2.785640778877090042e+02
8.500000000000000000e+02 2.672967590909363480e+02
8.510000000000000000e+02 2.644170746305480861e+02
8.520000000000000000e+02 2.932159895462802979e+02
8.530000000000000000e+02 2.801731895106880188e+02
8.540000000000000000e+02 2.683409761363231496e+02
8.550000000000000000e+02 2.881624054026651720e+02
8.560000000000000000e+02 -1.229608795196399882e+02
8.570000000000000000e+02 -1.828811179441667036e+02
8.580000000000000000e+02 -1.950107472215542259e+02
8.590000000000000000e+02 2.821244339426064585e+02
8.600000000000000000e+02 2.850629192020241476e+02
8.610000000000000000e+02 2.728895898242880094e+02
8.620000000000000000e+02 2.334944624519630736e+02
8.630000000000000000e+02 2.705906260023874097e+02
8.640000000000000000e+02 3.093132691151360518e+02
8.650000000000000000e+02 2.878475714019428437e+02
8.660000000000000000e+02 2.536405406986508240e+02
8.670000000000000000e+02 2.825472179266812986e+02
8.680000000000000000e+02 2.875237536702877605e+02
8.690000000000000000e+02 -1.327196890556005542e+02
8.700000000000000000e+02 2.593130312663569725e+02
8.710000000000000000e+02 2.795695123577979757e+02
8.720000000000000000e+02 -9.623511958807392830e+01
8.730000000000000000e+02 2.535150035576238849e+02
8.740000000000000000e+02 2.466455646401145145e+02
8.750000000000000000e+02 2.185144632785131762e+02
8.760000000000000000e+02 2.414562318195963542e+02
8.770000000000000000e+02 2.636310756562206734e+02
8.780000000000000000e+02 2.601669876827594408e+02
8.790000000000000000e+02 2.444039456919366273e+02
8.800000000000000000e+02 -4.169526193329385819e+02
8.810000000000000000e+02 -2.563577479096256866e+02
8.820000000000000000e+02 2.506096501645698709e+02
8.830000000000000000e+02 -7.658620698749210476e+01
8.840000000000000000e+02 2.542736087843813095e+02
8.850000000000000000e+02 2.534806503713726897e+02
8.860000000000000000e+02 -1.210448915465486550e+02
8.870000000000000000e+02 2.686701612458677459e+02
8.880000000000000000e+02 2.650347571703760536e+02
8.890000000000000000e+02 2.651583024667974087e+01
8.900000000000000000e+02 4.679531390791959211e+01
8.910000000000000000e+02 1.842305449917451483e+02
8.920000000000000000e+02 3.047303280247669477e+01
8.930000000000000000e+02 4.209148862572209282e+01
8.940000000000000000e+02 2.733095057611105858e+02
8.950000000000000000e+02 2.694362124639685874e+01
8.960000000000000000e+02 2.540596372659403812e+02
8.970000000000000000e+02 -3.110933739617038896e+00
8.980000000000000000e+02 2.491846468112580055e+02
8.990000000000000000e+02 2.745568371853120198e+02
9.000000000000000000e+02 -1.210221813919593217e+02
9.010000000000000000e+02 -5.228785882401446088e+02
9.020000000000000000e+02 -1.707852413275298034e+02
9.030000000000000000e+02 2.491675552254084778e+02
9.040000000000000000e+02 2.594670086177778785e+02
9.050000000000000000e+02 2.447130863694650884e+02
9.060000000000000000e+02 2.842145830564186326e+02
9.070000000000000000e+02 2.873400477791975618e+02
9.080000000000000000e+02 -2.414523292632850655e+02
9.090000000000000000e+02 -4.446334723134671094e+02
9.100000000000000000e+02 -1.220155815529773236e+02
9.110000000000000000e+02 3.872746617530236790e+01
9.120000000000000000e+02 -2.459788851511082157e+02
9.130000000000000000e+02 2.509353232367163855e+01
9.140000000000000000e+02 -1.014770658362178040e+02
9.150000000000000000e+02 -1.632332575191230717e+01
9.160000000000000000e+02 -6.580497087737791162e+02
9.170000000000000000e+02 -2.970050742183256887e+01
9.180000000000000000e+02 -5.132954633900180852e+02
9.190000000000000000e+02 2.866576938949943951e+02
9.200000000000000000e+02 -2.875520985698673258e+02
9.210000000000000000e+02 -4.757843421994738833e+02
9.220000000000000000e+02 2.769040027657263181e+02
9.230000000000000000e+02 -2.259743078221861197e+02
9.240000000000000000e+02 -5.820632379671859979e+01
9.250000000000000000e+02 -9.412997774058584355e+01
9.260000000000000000e+02 -1.824437703507380206e+02
9.270000000000000000e+02 -1.110138714351199809e+02
9.280000000000000000e+02 -1.048974649805670225e+02
9.290000000000000000e+02 -1.936540761421440777e+02
9.300000000000000000e+02 -2.873924346950170730e+02
9.310000000000000000e+02 -7.308864128839373109e+01
9.320000000000000000e+02 2.091386688979615656e+02
9.330000000000000000e+02 -2.096388684225578345e+02
9.340000000000000000e+02 -2.564175403960942390e+02
9.350000000000000000e+02 -1.400472944054092750e+02
9.360000000000000000e+02 1.991521051144324872e+02
9.370000000000000000e+02 -1.109098191162760116e+02
9.380000000000000000e+02 2.321252651882450664e+02
9.390000000000000000e+02 -1.021662152412480680e+02
9.400000000000000000e+02 2.501706943288387777e+02
9.410000000000000000e+02 2.366361529065573279e+02
9.420000000000000000e+02 -7.738332578722311439e+01
9.430000000000000000e+02 -1.411177030667843439e+02
9.440000000000000000e+02 -4.947028560638719910e+02
9.450000000000000000e+02 -6.547764313576495852e+02
9.460000000000000000e+02 -2.974906483226632190e+02
9.470000000000000000e+02 -7.447021294025055340e+02
9.480000000000000000e+02 -5.500508384512545490e+02
9.490000000000000000e+02 -9.154787895748519588e+01
9.500000000000000000e+02 -1.595937510767182914e+02
9.510000000000000000e+02 -4.088633553485919379e+02
9.520000000000000000e+02 -8.651469242531774171e+02
9.530000000000000000e+02 -8.302907791556193615e+02
9.540000000000000000e+02 -3.888504013418583440e+02
9.550000000000000000e+02 -9.381567267100551817e+02
9.560000000000000000e+02 -8.663982285168984845e+02
9.570000000000000000e+02 -6.676689144433719321e+02
9.580000000000000000e+02 -8.001108656583268157e+02
9.590000000000000000e+02 -7.450422858187732800e+02
9.600000000000000000e+02 -7.646128743502673615e+02
9.610000000000000000e+02 -5.917525228045376480e+02
9.620000000000000000e+02 -8.716984110845697842e+02
9.630000000000000000e+02 -4.310116748702910741e+02
9.640000000000000000e+02 -5.233274824326433645e+02
9.650000000000000000e+02 -6.300795670336960939e+02
9.660000000000000000e+02 -8.955917000837604292e+02
9.670000000000000000e+02 -5.495599152986750369e+02
9.680000000000000000e+02 -8.661577510294833360e+01
9.690000000000000000e+02 -6.154837686984648144e+02
9.700000000000000000e+02 -3.883014884759220422e+02
9.710000000000000000e+02 -4.269968101742767317e+02
9.720000000000000000e+02 -4.879253060968959517e+02
9.730000000000000000e+02 -2.725716382456054134e+02
9.740000000000000000e+02 -3.005134586167375801e+02
9.750000000000000000e+02 -4.387513163281417974e+02
9.760000000000000000e+02 -4.303847102794863417e+02
9.770000000000000000e+02 -5.946947431373882864e+02
9.780000000000000000e+02 -6.487095596305845220e+02
9.790000000000000000e+02 -6.319435954559502306e+02
9.800000000000000000e+02 -4.445991952052466445e+02
9.810000000000000000e+02 -6.606915752524075742e+02
9.820000000000000000e+02 -5.998982978007372822e+02
9.830000000000000000e+02 -5.135531421468920144e+02
9.840000000000000000e+02 -3.494032830923624715e+02
9.850000000000000000e+02 -3.471650522485742840e+02
9.860000000000000000e+02 -4.780148548862040343e+02
9.870000000000000000e+02 -4.910362349153693913e+02
9.880000000000000000e+02 2.415748063778391952e+02
9.890000000000000000e+02 -7.085487045287721912e+02
9.900000000000000000e+02 -3.522863944332614210e+02
9.910000000000000000e+02 -3.660591209033701716e+02
9.920000000000000000e+02 -2.394698724021467839e+01
9.930000000000000000e+02 -2.857146194505933181e+02
9.940000000000000000e+02 -5.790386164584592734e+02
9.950000000000000000e+02 -3.891154779708551246e+02
9.960000000000000000e+02 -1.111128997955452604e+02
9.970000000000000000e+02 -3.096097313027014479e+02
9.980000000000000000e+02 -4.122674525394203329e+02
9.990000000000000000e+02 -3.449446216921065798e+02
