0.000000000000000000e+00 -3.474819465837555299e+02
1.000000000000000000e+00 -3.423060997825344884e+02
2.000000000000000000e+00 -4.293281436254164873e+02
3.000000000000000000e+00 -2.228835873768474585e+02
4.000000000000000000e+00 -2.478508874655949228e+02
5.000000000000000000e+00 -4.320949873695078054e+02
6.000000000000000000e+00 -2.641747369460625805e+02
7.000000000000000000e+00 -2.440758613611779992e+01
8.000000000000000000e+00 -3.618242490869564563e+02
9.000000000000000000e+00 -4.793611529839781156e+02
1.000000000000000000e+01 -3.496903614430822245e+02
1.100000000000000000e+01 -1.947211051139838105e+02
1.200000000000000000e+01 -4.174957652044300858e+02
1.300000000000000000e+01 -3.095885598800191474e+02
1.400000000000000000e+01 -1.876971771351113603e+02
1.500000000000000000e+01 -3.872886481578362350e+02
1.600000000000000000e+01 -1.925433670301997324e+02
1.700000000000000000e+01 -4.163000940054200214e+02
1.800000000000000000e+01 -3.113716765719030946e+02
1.900000000000000000e+01 -5.092436360585634816e+02
2.000000000000000000e+01 -5.585400231565649847e+02
2.100000000000000000e+01 -4.378049086750197034e+02
2.200000000000000000e+01 -1.426375901949574541e+02
2.300000000000000000e+01 -5.286621223404974899e+02
2.400000000000000000e+01 -1.695350422483454338e+02
2.500000000000000000e+01 -4.894721287549988631e+01
2.600000000000000000e+01 -5.220311972189374501e+02
2.700000000000000000e+01 -1.396992653238845037e+02
2.800000000000000000e+01 -5.043122751899773561e+02
2.900000000000000000e+01 -4.168772290720896194e+02
3.000000000000000000e+01 -1.070072096072727561e+02
3.100000000000000000e+01 -2.865771710345350698e+02
3.200000000000000000e+01 -9.403924852464643891e+01
3.300000000000000000e+01 -2.972016761463405601e+02
3.400000000000000000e+01 5.140672961214048087e+01
3.500000000000000000e+01 -2.839295704470221153e+02
3.600000000000000000e+01 -3.311935595891812909e+02
3.700000000000000000e+01 -2.317961986472855642e+02
3.800000000000000000e+01 -4.186594685566915928e+02
3.900000000000000000e+01 -8.397937408504354551e+01
4.000000000000000000e+01 -4.590292509776310794e+02
4.100000000000000000e+01 -3.531582989126455914e+02
4.200000000000000000e+01 -3.106554169955319367e+02
4.300000000000000000e+01 -2.770111196273426231e+02
4.400000000000000000e+01 -2.928523569497428980e+00
4.500000000000000000e+01 -5.204166238622854053e+02
4.600000000000000000e+01 -5.428465313745302865e+02
4.700000000000000000e+01 -2.172144170544907240e+02
4.800000000000000000e+01 -2.100442329270073003e+02
4.900000000000000000e+01 -4.388253106949753146e+02
5.000000000000000000e+01 -4.358341258098562321e+02
5.100000000000000000e+01 -5.872682125549255971e+01
5.200000000000000000e+01 -2.419117439487614547e+02
5.300000000000000000e+01 -2.104347543148796262e+02
5.400000000000000000e+01 -7.425079256793770810e+01
5.500000000000000000e+01 -4.323787360949427239e+02
5.600000000000000000e+01 -3.614604218119929442e+02
5.700000000000000000e+01 -1.883687502994693830e+01
5.800000000000000000e+01 -2.753106577864245992e+02
5.900000000000000000e+01 -4.562814564226478069e+02
6.000000000000000000e+01 -2.467995421210100915e+02
6.100000000000000000e+01 -2.393739234708273216e+02
6.200000000000000000e+01 -9.585151017387067895e+01
6.300000000000000000e+01 -4.144623203142629677e+02
6.400000000000000000e+01 -5.687486535085016470e+01
6.500000000000000000e+01 -1.561473448048745354e+02
6.600000000000000000e+01 -9.185690051912594356e+01
6.700000000000000000e+01 -2.889272399458983500e+02
6.800000000000000000e+01 -5.678636109577280422e+02
6.900000000000000000e+01 -6.144015279130258023e+01
7.000000000000000000e+01 -2.641724762151522441e+02
7.100000000000000000e+01 -1.272514083735922839e+02
7.200000000000000000e+01 -1.508677218959211359e+02
7.300000000000000000e+01 -1.879460477647139953e+02
7.400000000000000000e+01 -4.065988006879152863e+02
7.500000000000000000e+01 -1.268613276345199523e+02
7.600000000000000000e+01 -5.211933953082439075e+01
7.700000000000000000e+01 -2.444915114582919102e+01
7.800000000000000000e+01 -4.034692983422584689e+01
7.900000000000000000e+01 -7.309841481540965447e+01
8.000000000000000000e+01 -1.434627679588663511e+02
8.100000000000000000e+01 2.484887218105035345e+01
8.200000000000000000e+01 -2.709787062614927322e+01
8.300000000000000000e+01 -1.056716894229611796e+02
8.400000000000000000e+01 -2.758898244702049283e+02
8.500000000000000000e+01 -8.893120838073063794e+01
8.600000000000000000e+01 -1.304811477767538008e+02
8.700000000000000000e+01 -2.483880132529868945e+01
8.800000000000000000e+01 -4.557599273899375447e+01
8.900000000000000000e+01 -2.036182421284996167e+02
9.000000000000000000e+01 -3.939828092959943717e+01
9.100000000000000000e+01 -3.449294499757196775e+01
9.200000000000000000e+01 -1.995325651378552720e+02
9.300000000000000000e+01 -1.241331017268228152e+02
9.400000000000000000e+01 -4.623947442741106784e+01
9.500000000000000000e+01 4.284374989053804939e+01
9.600000000000000000e+01 -8.873192470102375751e+01
9.700000000000000000e+01 1.102960608449592428e-01
9.800000000000000000e+01 -3.352976299454311970e+01
9.900000000000000000e+01 -1.552364875801728772e+02
1.000000000000000000e+02 -2.329805961206619145e+02
1.010000000000000000e+02 -5.163095764148582134e+01
1.020000000000000000e+02 -1.967126394424821001e+02
1.030000000000000000e+02 -1.000627447011083859e+00
1.040000000000000000e+02 -4.955751407974412359e+01
1.050000000000000000e+02 -1.552652696090133873e+02
1.060000000000000000e+02 -2.476531790443363832e+02
1.070000000000000000e+02 -1.301430487970699232e+02
1.080000000000000000e+02 -2.068051982125061841e+02
1.090000000000000000e+02 -2.288584392341305431e+02
1.100000000000000000e+02 -2.327981412555387237e+02
1.110000000000000000e+02 -2.536846366788416560e+02
1.120000000000000000e+02 -1.081308901993061227e+02
1.130000000000000000e+02 -6.896441552485198656e+01
1.140000000000000000e+02 -1.189284971727092000e+01
1.150000000000000000e+02 -1.300982063201752510e+02
1.160000000000000000e+02 -1.707743818769885138e+02
1.170000000000000000e+02 -8.129959264923817841e+01
1.180000000000000000e+02 -2.157314574895457326e+02
1.190000000000000000e+02 -1.236378641160554395e+02
1.200000000000000000e+02 -8.808838904858015439e+01
1.210000000000000000e+02 -1.142900013933468415e+02
1.220000000000000000e+02 -8.736649950392079234e+01
1.230000000000000000e+02 -1.844594582299751266e+02
1.240000000000000000e+02 -7.890857689055221158e+01
1.250000000000000000e+02 -1.038580821484435148e+02
1.260000000000000000e+02 -1.669739475890770279e+02
1.270000000000000000e+02 -9.986082787278159856e+01
1.280000000000000000e+02 -1.244956670434050068e+02
1.290000000000000000e+02 -1.052837724169210674e+02
1.300000000000000000e+02 -3.684625729815205091e+02
1.310000000000000000e+02 -5.998326705045683127e+01
1.320000000000000000e+02 -2.651101047892357698e+01
1.330000000000000000e+02 -4.011925553669435089e+02
1.340000000000000000e+02 -1.822082664994757906e+01
1.350000000000000000e+02 -2.051703970384409814e+01
1.360000000000000000e+02 3.332175749543102938e+01
1.370000000000000000e+02 -2.468929497201823864e+01
1.380000000000000000e+02 -2.557730224510231665e+01
1.390000000000000000e+02 -7.890817886073981491e+00
1.400000000000000000e+02 1.759561229881339273e+01
1.410000000000000000e+02 6.708046389765248918e+00
1.420000000000000000e+02 -2.913887193971413492e+00
1.430000000000000000e+02 3.680393810027448698e+00
1.440000000000000000e+02 -1.311689125875314410e+01
1.450000000000000000e+02 3.295481804108915469e+01
1.460000000000000000e+02 1.296508321396908414e+00
1.470000000000000000e+02 -2.638025992846888101e+01
1.480000000000000000e+02 -4.571651427052697869e+01
1.490000000000000000e+02 1.357084855100652909e+01
1.500000000000000000e+02 1.616147730536820148e+01
1.510000000000000000e+02 -1.456681643778154296e+02
1.520000000000000000e+02 3.920763072497814505e+01
1.530000000000000000e+02 -1.056512059767167333e-01
1.540000000000000000e+02 7.018782597087713349e+00
1.550000000000000000e+02 1.087974066430260933e+01
1.560000000000000000e+02 -2.501051143891428907e+01
1.570000000000000000e+02 4.571193659371461848e+01
1.580000000000000000e+02 1.016875712308491941e+01
1.590000000000000000e+02 1.807746980405764248e+01
1.600000000000000000e+02 9.306783403994362658e+00
1.610000000000000000e+02 -8.879824284019339764e-01
1.620000000000000000e+02 6.350266907559637986e+01
1.630000000000000000e+02 5.361224028519277596e+00
1.640000000000000000e+02 -1.831275084556571642e+01
1.650000000000000000e+02 3.273024450781025507e+01
1.660000000000000000e+02 -1.750331349196067521e+01
1.670000000000000000e+02 6.324577878731371783e+00
1.680000000000000000e+02 5.132648317884812172e+01
1.690000000000000000e+02 -3.480564046568774828e+00
1.700000000000000000e+02 2.296064146209977963e+01
1.710000000000000000e+02 1.418171787147340090e+01
1.720000000000000000e+02 -3.226289539312061834e+02
1.730000000000000000e+02 4.029012497512178470e+01
1.740000000000000000e+02 -8.458379680567152548e+01
1.750000000000000000e+02 2.201379640347531108e+01
1.760000000000000000e+02 1.653407219048044681e+02
1.770000000000000000e+02 -5.559464797863485686e+00
1.780000000000000000e+02 2.557605497066835554e+01
1.790000000000000000e+02 4.464961173764129398e+01
1.800000000000000000e+02 1.834877557907696399e+01
1.810000000000000000e+02 3.679070742597912158e+01
1.820000000000000000e+02 -2.511183927117310333e+01
1.830000000000000000e+02 9.240442623209756334e+01
1.840000000000000000e+02 4.216000032688629773e+01
1.850000000000000000e+02 1.039656350049970790e+01
1.860000000000000000e+02 1.690118977589340261e+02
1.870000000000000000e+02 4.558679148352899801e+01
1.880000000000000000e+02 7.170160207305917766e+01
1.890000000000000000e+02 2.877680237458215018e+01
1.900000000000000000e+02 -7.007700227017941152e-01
1.910000000000000000e+02 1.150605976653533133e+02
1.920000000000000000e+02 2.471203008291964238e+02
1.930000000000000000e+02 1.417425211784973555e+02
1.940000000000000000e+02 1.841531181597162572e+02
1.950000000000000000e+02 2.719759052041831637e+01
1.960000000000000000e+02 5.390720139132657351e+01
1.970000000000000000e+02 3.939036121264669532e+01
1.980000000000000000e+02 5.260590692480043629e+01
1.990000000000000000e+02 -9.964152233156501381e+01
2.000000000000000000e+02 1.510014891629086264e+01
2.010000000000000000e+02 1.815580777006088908e+02
2.020000000000000000e+02 2.107148094177379392e+02
2.030000000000000000e+02 2.059774117278854249e+02
2.040000000000000000e+02 1.944712602960682943e+02
2.050000000000000000e+02 2.185530332457526583e+02
2.060000000000000000e+02 7.645159666763655437e+00
2.070000000000000000e+02 1.913137720250329323e+02
2.080000000000000000e+02 -6.552547989829226083e+01
2.090000000000000000e+02 9.089138510796719572e+01
2.100000000000000000e+02 -1.019912592730449319e+01
2.110000000000000000e+02 2.222287366934621673e+02
2.120000000000000000e+02 2.409657015119912273e+02
2.130000000000000000e+02 -4.951413226038131654e+01
2.140000000000000000e+02 2.454292292352438949e+02
2.150000000000000000e+02 2.162877699078553064e+02
2.160000000000000000e+02 9.136027365736863359e+00
2.170000000000000000e+02 -4.281722757777354786e+02
2.180000000000000000e+02 -2.421910675920722156e+01
2.190000000000000000e+02 2.391121210805780493e+02
2.200000000000000000e+02 -1.769858369628689232e+01
2.210000000000000000e+02 2.233072435729373524e+02
2.220000000000000000e+02 -1.052154570251174164e+02
2.230000000000000000e+02 2.428595773426226572e+02
2.240000000000000000e+02 1.865825320943908991e+02
2.250000000000000000e+02 -5.055235998373700568e+01
2.260000000000000000e+02 1.062368018916797183e+02
2.270000000000000000e+02 1.851238447373499980e+02
2.280000000000000000e+02 -9.085316269403169542e+01
2.290000000000000000e+02 2.682174950081292764e+02
2.300000000000000000e+02 2.139453153706245416e+02
2.310000000000000000e+02 1.945967106662243680e+02
2.320000000000000000e+02 1.785972582485605074e+02
2.330000000000000000e+02 2.238054464113577069e+02
2.340000000000000000e+02 -1.268665394008609297e+02
2.350000000000000000e+02 1.746254753583991146e+02
2.360000000000000000e+02 -1.575316309645788238e+02
2.370000000000000000e+02 2.669445867808649950e+02
2.380000000000000000e+02 2.648829217219354177e+02
2.390000000000000000e+02 -2.769947196225147934e+01
2.400000000000000000e+02 2.434257425937188088e+02
2.410000000000000000e+02 1.854176136507787760e+02
2.420000000000000000e+02 -5.534974518057768478e+01
2.430000000000000000e+02 1.007574401826837800e+02
2.440000000000000000e+02 -5.129628802936009890e+01
2.450000000000000000e+02 2.826310766069017291e+02
2.460000000000000000e+02 2.065740883266511219e+02
2.470000000000000000e+02 -4.994149287834292750e+01
2.480000000000000000e+02 2.649540180149913340e+02
2.490000000000000000e+02 2.257700514120024309e+02
2.500000000000000000e+02 1.738224258458195095e+02
2.510000000000000000e+02 2.457058043672074348e+02
2.520000000000000000e+02 -1.319164874760265604e+02
2.530000000000000000e+02 1.537069822551952711e+02
2.540000000000000000e+02 -2.043722801850655202e+01
2.550000000000000000e+02 -1.793210596325083941e+02
2.560000000000000000e+02 1.288426229866715857e+02
2.570000000000000000e+02 -3.068327307950145268e+02
2.580000000000000000e+02 -2.590954938940200236e+01
2.590000000000000000e+02 2.233282496204589336e+02
2.600000000000000000e+02 2.588928343552221349e+02
2.610000000000000000e+02 2.779306505277411361e+02
2.620000000000000000e+02 2.318456178222616018e+02
2.630000000000000000e+02 2.628308346137120566e+02
2.640000000000000000e+02 -1.918702775568051777e+01
2.650000000000000000e+02 2.251524366636620016e+02
2.660000000000000000e+02 3.080868264099783573e+02
2.670000000000000000e+02 -4.351373628888867984e+01
2.680000000000000000e+02 2.180008513550879172e+02
2.690000000000000000e+02 2.336024773948433335e+02
2.700000000000000000e+02 2.248999756749497863e+02
2.710000000000000000e+02 1.858039941654193399e+02
2.720000000000000000e+02 2.344833230110873785e+02
2.730000000000000000e+02 -3.283823795971463824e+02
2.740000000000000000e+02 -1.512487135887880356e+02
2.750000000000000000e+02 2.569331131146684584e+02
2.760000000000000000e+02 -1.025114418815885813e+02
2.770000000000000000e+02 -1.084168041295438485e+02
2.780000000000000000e+02 2.095853393111317189e+02
2.790000000000000000e+02 2.415479295785505656e+02
2.800000000000000000e+02 2.233571172277673327e+02
2.810000000000000000e+02 -7.696950071241042224e+01
2.820000000000000000e+02 2.382684213201476950e+02
2.830000000000000000e+02 -4.963826734818981379e+01
2.840000000000000000e+02 1.478341489916982709e+02
2.850000000000000000e+02 5.311803049414812961e+00
2.860000000000000000e+02 2.623552972551602807e+02
2.870000000000000000e+02 -1.059800336796891429e+02
2.880000000000000000e+02 -4.944462981367064458e+01
2.890000000000000000e+02 -5.229402050587808759e+01
2.900000000000000000e+02 2.045289790591508279e+02
2.910000000000000000e+02 2.201545305112577466e+02
2.920000000000000000e+02 1.417306302572052346e+02
2.930000000000000000e+02 -2.440387569592699890e+01
2.940000000000000000e+02 -1.470796943673170460e+02
2.950000000000000000e+02 2.525317368098880877e+02
2.960000000000000000e+02 2.047130671403690201e+02
2.970000000000000000e+02 2.191417579539703979e+02
2.980000000000000000e+02 -2.993272774163496308e+01
2.990000000000000000e+02 2.146477629572867443e+02
3.000000000000000000e+02 -1.694749350626561579e+01
3.010000000000000000e+02 -2.608761695247761736e+01
3.020000000000000000e+02 2.857445068649466293e+02
3.030000000000000000e+02 1.885425183954823467e+02
3.040000000000000000e+02 2.050420620045194653e+02
3.050000000000000000e+02 -1.502879701327459117e+01
3.060000000000000000e+02 1.933077969809359047e+02
3.070000000000000000e+02 2.215458912956228801e+02
3.080000000000000000e+02 -7.715763666462406434e+01
3.090000000000000000e+02 2.477549217118087483e+02
3.100000000000000000e+02 1.726328095519525618e+02
3.110000000000000000e+02 -4.418182405643339052e+02
3.120000000000000000e+02 2.313489666896742847e+02
3.130000000000000000e+02 -1.202825351491705419e+01
3.140000000000000000e+02 2.655420893703438878e+02
3.150000000000000000e+02 2.281840583758717571e+02
3.160000000000000000e+02 -4.935356301828974779e+01
3.170000000000000000e+02 -1.244024173061062868e+02
3.180000000000000000e+02 -5.175930213648770462e+01
3.190000000000000000e+02 2.393642026228669693e+02
3.200000000000000000e+02 2.291266044118167713e+02
3.210000000000000000e+02 2.436472354376213048e+02
3.220000000000000000e+02 -1.881418323270145265e+02
3.230000000000000000e+02 2.791680757177979331e+02
3.240000000000000000e+02 2.253944851749043039e+02
3.250000000000000000e+02 2.220444780252100259e+02
3.260000000000000000e+02 2.404583287046226587e+02
3.270000000000000000e+02 1.318694080768507320e+02
3.280000000000000000e+02 2.015605063911255570e+02
3.290000000000000000e+02 2.044252419271238637e+02
3.300000000000000000e+02 1.892816166751486548e+02
3.310000000000000000e+02 1.672268511998149449e+02
3.320000000000000000e+02 2.427262685931626436e+02
3.330000000000000000e+02 2.696754498605755543e+02
3.340000000000000000e+02 1.214217027862708278e+02
3.350000000000000000e+02 2.082131300947730779e+02
3.360000000000000000e+02 -6.658691243577256103e+01
3.370000000000000000e+02 2.670431907357884143e+02
3.380000000000000000e+02 2.697609849891591693e+02
3.390000000000000000e+02 1.910564766356965833e+02
3.400000000000000000e+02 1.176516234544936879e+01
3.410000000000000000e+02 1.923097062846028393e+02
3.420000000000000000e+02 2.712830202390600220e+02
3.430000000000000000e+02 2.213016007448882192e+02
3.440000000000000000e+02 1.268222685047834375e+02
3.450000000000000000e+02 2.605958959710303020e+02
3.460000000000000000e+02 2.296510434620871877e+02
3.470000000000000000e+02 1.650515828785893859e+02
3.480000000000000000e+02 -2.773548995704676372e+02
3.490000000000000000e+02 2.317120694101609786e+02
3.500000000000000000e+02 1.579964726402105555e+02
3.510000000000000000e+02 1.975170342009207616e+02
3.520000000000000000e+02 2.816944860044674783e+02
3.530000000000000000e+02 2.510641531782002573e+02
3.540000000000000000e+02 2.335551447023205185e+02
3.550000000000000000e+02 2.834685441632426546e+02
3.560000000000000000e+02 2.460799947980823958e+02
3.570000000000000000e+02 2.810933301453588342e+02
3.580000000000000000e+02 2.518756557260601028e+02
3.590000000000000000e+02 8.814697771417590388e+01
3.600000000000000000e+02 -6.405919042995901691e+01
3.610000000000000000e+02 2.647874750579616148e+02
3.620000000000000000e+02 2.676055063784718868e+02
3.630000000000000000e+02 2.661642335337551231e+02
3.640000000000000000e+02 -2.886423761122154374e+01
3.650000000000000000e+02 2.513524622782604467e+02
3.660000000000000000e+02 1.548090537536983220e+02
3.670000000000000000e+02 -2.106479521225249698e+02
3.680000000000000000e+02 1.524698302009574604e+02
3.690000000000000000e+02 -6.026869904539190514e+01
3.700000000000000000e+02 -5.786707963190374926e+01
3.710000000000000000e+02 2.174934266424610314e+02
3.720000000000000000e+02 2.728283605359421244e+02
3.730000000000000000e+02 -2.389040852156284700e+01
3.740000000000000000e+02 1.412192378451515538e+02
3.750000000000000000e+02 2.619890975284949945e+02
3.760000000000000000e+02 1.133446842641610353e+01
3.770000000000000000e+02 2.794945031245562745e+02
3.780000000000000000e+02 2.715168192204918114e+02
3.790000000000000000e+02 2.595492106877875926e+02
3.800000000000000000e+02 1.944747945379356224e+02
3.810000000000000000e+02 2.569940520205196890e+02
3.820000000000000000e+02 1.533638548536373492e+02
3.830000000000000000e+02 2.397059255501833377e+02
3.840000000000000000e+02 -5.049452897744226334e+02
3.850000000000000000e+02 1.876927177089866063e+02
3.860000000000000000e+02 2.403015708236055161e+02
3.870000000000000000e+02 1.849162753852043011e+02
3.880000000000000000e+02 1.844347142435318574e+02
3.890000000000000000e+02 2.568837045019179186e+02
3.900000000000000000e+02 1.843091101501111666e+02
3.910000000000000000e+02 4.528593289567889002e+01
3.920000000000000000e+02 2.548018864192686408e+02
3.930000000000000000e+02 2.892721949003233703e+02
3.940000000000000000e+02 2.071390569051644093e+02
3.950000000000000000e+02 6.109631067680479788e+01
3.960000000000000000e+02 2.324046781030386910e+02
3.970000000000000000e+02 2.354745738473967265e+02
3.980000000000000000e+02 2.753741110037076396e+02
3.990000000000000000e+02 2.677380354971610359e+02
4.000000000000000000e+02 2.758396577329006618e+02
4.010000000000000000e+02 2.601951118094118556e+02
4.020000000000000000e+02 -2.582896714109837148e+02
4.030000000000000000e+02 2.238881505334778126e+02
4.040000000000000000e+02 2.490330314659293833e+02
4.050000000000000000e+02 2.008497829616472075e+02
4.060000000000000000e+02 2.347542830290879863e+02
4.070000000000000000e+02 2.434803482667080630e+02
4.080000000000000000e+02 1.832792847404946883e+02
4.090000000000000000e+02 2.341134670168938499e+02
4.100000000000000000e+02 4.168226532679972784e+00
4.110000000000000000e+02 -2.614571768420772742e+02
4.120000000000000000e+02 2.053863911078870217e+02
4.130000000000000000e+02 2.117873095884324925e+02
4.140000000000000000e+02 2.423958144236891599e+02
4.150000000000000000e+02 1.684151020951144631e+02
4.160000000000000000e+02 2.364477717693974341e+02
4.170000000000000000e+02 2.026394365264397095e+02
4.180000000000000000e+02 2.986106871605871902e+02
4.190000000000000000e+02 2.923550316392540367e+02
4.200000000000000000e+02 2.397894184815250469e+02
4.210000000000000000e+02 1.962315554074771740e+02
4.220000000000000000e+02 2.310963966903801747e+02
4.230000000000000000e+02 2.449841249128490688e+02
4.240000000000000000e+02 2.040292680013515394e+02
4.250000000000000000e+02 2.352706050076382951e+02
4.260000000000000000e+02 2.808797807809157803e+02
4.270000000000000000e+02 2.798459673581490392e+02
4.280000000000000000e+02 2.847416967869013433e+02
4.290000000000000000e+02 1.947918689321801367e+02
4.300000000000000000e+02 2.995689526121533959e+02
4.310000000000000000e+02 7.654819476123647348e+01
4.320000000000000000e+02 2.422421620404711291e+02
4.330000000000000000e+02 1.513763120761424545e+02
4.340000000000000000e+02 2.148191055554419222e+02
4.350000000000000000e+02 2.472246803250364735e+02
4.360000000000000000e+02 2.027201393929141204e+02
4.370000000000000000e+02 2.427351497070729636e+02
4.380000000000000000e+02 2.004865869924781805e+02
4.390000000000000000e+02 2.291751568318215675e+02
4.400000000000000000e+02 2.881679194548728447e+02
4.410000000000000000e+02 2.354165851833640772e+02
4.420000000000000000e+02 2.033844986239033119e+02
4.430000000000000000e+02 2.178656113190113501e+02
4.440000000000000000e+02 2.484801231614943902e+02
4.450000000000000000e+02 2.096274301594166900e+02
4.460000000000000000e+02 2.749663829296447943e+02
4.470000000000000000e+02 2.256578639602312819e+02
4.480000000000000000e+02 3.100710500428591558e+02
4.490000000000000000e+02 2.610996699228061289e+02
4.500000000000000000e+02 2.346934997339525921e+02
4.510000000000000000e+02 2.773709917634766384e+02
4.520000000000000000e+02 2.307469319337278648e+02
4.530000000000000000e+02 2.319194555869293879e+02
4.540000000000000000e+02 2.766104092465899384e+02
4.550000000000000000e+02 2.588136967263258725e+02
4.560000000000000000e+02 3.211034492523139079e+02
4.570000000000000000e+02 2.540059713460752562e+02
4.580000000000000000e+02 2.921204026932111333e+02
4.590000000000000000e+02 2.241937168563219416e+02
4.600000000000000000e+02 2.850452694485043139e+02
4.610000000000000000e+02 2.257280571877541604e+02
4.620000000000000000e+02 2.436766709936771349e+02
4.630000000000000000e+02 2.415191973580183742e+02
4.640000000000000000e+02 1.961018899961472925e+02
4.650000000000000000e+02 2.320481894204196465e+02
4.660000000000000000e+02 2.614365238780443406e+02
4.670000000000000000e+02 -1.865364792024064400e+02
4.680000000000000000e+02 -1.386336863658160610e+02
4.690000000000000000e+02 2.673979790515250556e+02
4.700000000000000000e+02 2.332373757772883494e+02
4.710000000000000000e+02 2.389562965493834099e+02
4.720000000000000000e+02 2.640800447768434083e+02
4.730000000000000000e+02 2.942881346330570409e+02
4.740000000000000000e+02 1.926895242802733605e+02
4.750000000000000000e+02 2.636212805962387620e+02
4.760000000000000000e+02 2.880191926776558375e+02
4.770000000000000000e+02 2.570149835095124331e+02
4.780000000000000000e+02 2.533645561509507900e+02
4.790000000000000000e+02 2.505969502710950962e+02
4.800000000000000000e+02 2.596106099873167636e+02
4.810000000000000000e+02 2.754354144418240367e+02
4.820000000000000000e+02 2.587237004162402627e+02
4.830000000000000000e+02 2.938074306455049509e+02
4.840000000000000000e+02 1.804208434914498866e+02
4.850000000000000000e+02 2.630572919829382386e+02
4.860000000000000000e+02 2.262394290666921393e+02
4.870000000000000000e+02 2.818007749793545145e+02
4.880000000000000000e+02 2.688593086837021247e+02
4.890000000000000000e+02 2.795327845995868756e+02
4.900000000000000000e+02 2.411186087434658418e+02
4.910000000000000000e+02 2.169848423356559977e+02
4.920000000000000000e+02 2.819198846260374012e+02
4.930000000000000000e+02 2.598325077551568825e+02
4.940000000000000000e+02 2.672220872441566826e+02
4.950000000000000000e+02 2.789242301302784881e+02
4.960000000000000000e+02 2.532529916065534223e+02
4.970000000000000000e+02 2.335443915272537652e+02
4.980000000000000000e+02 2.437530172930887886e+02
4.990000000000000000e+02 2.759283846146555561e+02
5.000000000000000000e+02 2.718224096983018399e+02
5.010000000000000000e+02 2.848457543144415354e+02
5.020000000000000000e+02 -3.724792315295424316e+01
5.030000000000000000e+02 1.642415270913884342e+02
5.040000000000000000e+02 2.477244530192654963e+02
5.050000000000000000e+02 2.673889288734420688e+02
5.060000000000000000e+02 2.169465898030186679e+02
5.070000000000000000e+02 2.623749340679530633e+02
5.080000000000000000e+02 2.515076652500566183e+02
5.090000000000000000e+02 2.515866779844218684e+02
5.100000000000000000e+02 2.846471822383643939e+02
5.110000000000000000e+02 -1.554989676922178603e+02
5.120000000000000000e+02 2.735698045568715884e+02
5.130000000000000000e+02 2.494854895121935670e+02
5.140000000000000000e+02 2.779710190425616929e+02
5.150000000000000000e+02 1.754855246030811884e+02
5.160000000000000000e+02 2.095561924584517897e+02
5.170000000000000000e+02 -5.838242175696962732e+01
5.180000000000000000e+02 8.987655996432810923e+01
5.190000000000000000e+02 1.986732760733448231e+02
5.200000000000000000e+02 2.223321458240362176e+02
5.210000000000000000e+02 2.210202461779848022e+02
5.220000000000000000e+02 2.419181267175453058e+02
5.230000000000000000e+02 2.401376581072929071e+02
5.240000000000000000e+02 -1.031999681728703422e+01
5.250000000000000000e+02 2.154385592897751280e+02
5.260000000000000000e+02 2.577125175717627599e+02
5.270000000000000000e+02 2.571103989204289064e+02
5.280000000000000000e+02 2.868331096296172973e+02
5.290000000000000000e+02 2.597137306817527929e+02
5.300000000000000000e+02 2.625050682295392335e+02
5.310000000000000000e+02 2.698474652509804628e+02
5.320000000000000000e+02 2.869678455117527847e+02
5.330000000000000000e+02 2.486176662909967945e+02
5.340000000000000000e+02 2.267258482708487008e+02
5.350000000000000000e+02 2.701883249513081182e+02
5.360000000000000000e+02 2.270502618691425596e+02
5.370000000000000000e+02 2.144507499768471348e+02
5.380000000000000000e+02 2.347144021970717915e+02
5.390000000000000000e+02 2.529938312959623659e+02
5.400000000000000000e+02 2.351251895733149695e+02
5.410000000000000000e+02 1.804073520043705230e+02
5.420000000000000000e+02 2.677301847056194788e+02
5.430000000000000000e+02 9.274107675754221702e+01
5.440000000000000000e+02 2.369334716721123186e+02
5.450000000000000000e+02 2.420271764080503658e+02
5.460000000000000000e+02 3.039710654922930644e+01
5.470000000000000000e+02 3.180351102091062785e+02
5.480000000000000000e+02 2.596008562470590846e+02
5.490000000000000000e+02 2.689114224861718867e+02
5.500000000000000000e+02 3.095558343141053115e+02
5.510000000000000000e+02 2.316405231994455960e+02
5.520000000000000000e+02 2.735019119012326883e+02
5.530000000000000000e+02 2.264539934619424457e+02
5.540000000000000000e+02 2.116889495608787115e+02
5.550000000000000000e+02 2.887716345266144344e+02
5.560000000000000000e+02 2.935454498283929752e+02
5.570000000000000000e+02 2.285684419646965466e+02
5.580000000000000000e+02 2.450068368623655033e+02
5.590000000000000000e+02 2.392356210182494749e+02
5.600000000000000000e+02 2.553355470024739589e+02
5.610000000000000000e+02 1.332930385324216900e+02
5.620000000000000000e+02 2.203454751137481082e+02
5.630000000000000000e+02 2.974916696768215161e+02
5.640000000000000000e+02 -1.732517522596842525e+02
5.650000000000000000e+02 2.583953395501397381e+02
5.660000000000000000e+02 2.484822877487959261e+02
5.670000000000000000e+02 2.310645223240423434e+02
5.680000000000000000e+02 2.310921439543532756e+02
5.690000000000000000e+02 2.571904650724015369e+02
5.700000000000000000e+02 2.155129882144549356e+02
5.710000000000000000e+02 -1.714521691783525057e+02
5.720000000000000000e+02 2.588489651079066789e+02
5.730000000000000000e+02 2.432953549353728420e+02
5.740000000000000000e+02 2.492042910651914269e+02
5.750000000000000000e+02 2.590070885358135229e+02
5.760000000000000000e+02 2.606613487384329346e+02
5.770000000000000000e+02 2.547162964322623111e+02
5.780000000000000000e+02 2.640731039393704123e+02
5.790000000000000000e+02 2.755742195856136618e+02
5.800000000000000000e+02 2.519948755455529863e+02
5.810000000000000000e+02 2.477839082368494417e+02
5.820000000000000000e+02 2.638252997607195312e+02
5.830000000000000000e+02 2.542570946864413202e+02
5.840000000000000000e+02 2.245865530358989304e+02
5.850000000000000000e+02 2.373107737333918692e+02
5.860000000000000000e+02 2.320327531239212817e+02
5.870000000000000000e+02 2.651395881950689954e+02
5.880000000000000000e+02 -1.217255872313641305e+02
5.890000000000000000e+02 -1.219909112040039787e+02
5.900000000000000000e+02 2.622877143520713048e+02
5.910000000000000000e+02 2.621132203818273183e+02
5.920000000000000000e+02 2.652741902872487003e+02
5.930000000000000000e+02 2.512325615474329368e+02
5.940000000000000000e+02 2.637077985389786932e+02
5.950000000000000000e+02 2.642711533072539396e+02
5.960000000000000000e+02 2.344460722865908906e+02
5.970000000000000000e+02 2.462702544649021945e+02
5.980000000000000000e+02 2.395734279871688273e+02
5.990000000000000000e+02 2.349936897357928558e+02
6.000000000000000000e+02 2.586053980420710445e+02
6.010000000000000000e+02 2.721536836233671011e+02
6.020000000000000000e+02 2.543481273955739539e+02
6.030000000000000000e+02 2.200950183702939569e+02
6.040000000000000000e+02 2.452002901788665667e+02
6.050000000000000000e+02 2.651873806663778055e+02
6.060000000000000000e+02 2.696886866413457255e+02
6.070000000000000000e+02 2.310898214967357660e+02
6.080000000000000000e+02 2.636009506986991369e+02
6.090000000000000000e+02 2.389955540684811126e+02
6.100000000000000000e+02 2.644045851725717284e+02
6.110000000000000000e+02 2.654175931907630570e+02
6.120000000000000000e+02 2.810231401284875119e+02
6.130000000000000000e+02 2.370307309907366857e+02
6.140000000000000000e+02 2.418103621597330175e+02
6.150000000000000000e+02 2.684482912204904324e+02
6.160000000000000000e+02 2.264239044858700254e+02
6.170000000000000000e+02 2.564417831995451138e+02
6.180000000000000000e+02 2.380682760804434963e+02
6.190000000000000000e+02 2.634299876879813382e+02
6.200000000000000000e+02 -1.900270724932299231e+02
6.210000000000000000e+02 2.658594703967768282e+02
6.220000000000000000e+02 7.271305553006453692e+01
6.230000000000000000e+02 2.372073726443314285e+02
6.240000000000000000e+02 -2.599074541596525592e+02
6.250000000000000000e+02 2.512734578291371008e+02
6.260000000000000000e+02 2.702820829164995757e+02
6.270000000000000000e+02 2.636599319379080271e+02
6.280000000000000000e+02 2.646047658955346833e+02
6.290000000000000000e+02 2.310752243900168139e+02
6.300000000000000000e+02 2.676801251110881594e+02
6.310000000000000000e+02 2.360662374313781129e+02
6.320000000000000000e+02 1.804932648492768976e+02
6.330000000000000000e+02 1.842964701327357204e+02
6.340000000000000000e+02 2.581432110972037322e+02
6.350000000000000000e+02 3.187634808410423375e+02
6.360000000000000000e+02 2.346413822217775760e+02
6.370000000000000000e+02 2.498728637120871383e+02
6.380000000000000000e+02 2.754788286779124178e+02
6.390000000000000000e+02 2.477190453143962827e+02
6.400000000000000000e+02 2.464508577704756647e+02
6.410000000000000000e+02 -2.212363453502442781e+02
6.420000000000000000e+02 2.682598850199126446e+02
6.430000000000000000e+02 1.329056365770524053e+02
6.440000000000000000e+02 2.232949939201196230e+02
6.450000000000000000e+02 2.650469499426890252e+02
6.460000000000000000e+02 2.074733773389377802e+02
6.470000000000000000e+02 1.523067188989816430e+02
6.480000000000000000e+02 2.235092711689462703e+02
6.490000000000000000e+02 2.571741304128807428e+02
6.500000000000000000e+02 2.037919169671242230e+02
6.510000000000000000e+02 2.267815198595845345e+02
6.520000000000000000e+02 1.037591159668259877e+02
6.530000000000000000e+02 2.746035080882103330e+02
6.540000000000000000e+02 2.428743468499603750e+02
6.550000000000000000e+02 2.059199873213760270e+02
6.560000000000000000e+02 1.767399400753509155e+02
6.570000000000000000e+02 2.479159972099111826e+02
6.580000000000000000e+02 2.405462846625528925e+02
6.590000000000000000e+02 2.219264821991885697e+02
6.600000000000000000e+02 2.158227592495168494e+02
6.610000000000000000e+02 2.935624784880647553e+02
6.620000000000000000e+02 1.031370381464498109e+00
6.630000000000000000e+02 2.559638092371524749e+02
6.640000000000000000e+02 2.211549322044534733e+02
6.650000000000000000e+02 2.905094785141575358e+02
6.660000000000000000e+02 2.681187517109813143e+02
6.670000000000000000e+02 2.146719363733969601e+02
6.680000000000000000e+02 2.447746834018367679e+02
6.690000000000000000e+02 2.768114520131537120e+02
6.700000000000000000e+02 1.824161088940517175e+02
6.710000000000000000e+02 2.284570186747177161e+02
6.720000000000000000e+02 2.456674031213239005e+02
6.730000000000000000e+02 2.169630362921040501e+02
6.740000000000000000e+02 2.523618263666869552e+02
6.750000000000000000e+02 1.889301686949241912e+02
6.760000000000000000e+02 2.612820963220400472e+02
6.770000000000000000e+02 2.456161605670485528e+02
6.780000000000000000e+02 2.349229886841783923e+02
6.790000000000000000e+02 2.417715442295693435e+02
6.800000000000000000e+02 2.399456289112061995e+02
6.810000000000000000e+02 1.792203646789917002e+02
6.820000000000000000e+02 2.505619772384848147e+02
6.830000000000000000e+02 2.390198800424847718e+02
6.840000000000000000e+02 2.688688264897083400e+02
6.850000000000000000e+02 2.858008096946699652e+02
6.860000000000000000e+02 2.298158618167742588e+02
6.870000000000000000e+02 2.158962123859383269e+02
6.880000000000000000e+02 2.640087226341272526e+02
6.890000000000000000e+02 2.494592794955649424e+02
6.900000000000000000e+02 2.403585248106128347e+02
6.910000000000000000e+02 2.415047120799180504e+02
6.920000000000000000e+02 -1.729844772018758476e+02
6.930000000000000000e+02 2.341804240944710500e+02
6.940000000000000000e+02 -1.399450605180185221e+02
6.950000000000000000e+02 -1.711367932572662198e+02
6.960000000000000000e+02 2.477935784621349740e+02
6.970000000000000000e+02 2.807740129574514754e+02
6.980000000000000000e+02 2.632905358818150034e+02
6.990000000000000000e+02 2.523205668614938872e+02
7.000000000000000000e+02 2.763059428031939433e+02
7.010000000000000000e+02 2.861808362628833606e+02
7.020000000000000000e+02 2.911331823548597413e+02
7.030000000000000000e+02 2.542196966872640758e+02
7.040000000000000000e+02 2.498134466279217349e+02
7.050000000000000000e+02 2.747304446345522138e+02
7.060000000000000000e+02 2.701823242243234517e+02
7.070000000000000000e+02 1.939956457498360010e+02
7.080000000000000000e+02 2.585747583899863002e+02
7.090000000000000000e+02 5.675780755277813228e+00
7.100000000000000000e+02 2.881791892060577993e+02
7.110000000000000000e+02 2.737698811810555526e+02
7.120000000000000000e+02 2.699179328857920268e+02
7.130000000000000000e+02 -1.017452735095228320e+02
7.140000000000000000e+02 2.867054478255079744e+02
7.150000000000000000e+02 2.626837247311798365e+02
7.160000000000000000e+02 2.387653721129965447e+02
7.170000000000000000e+02 2.485092450663660770e+02
7.180000000000000000e+02 2.961907602565626121e+02
7.190000000000000000e+02 2.164335526492849340e+02
7.200000000000000000e+02 2.783540790467407078e+02
7.210000000000000000e+02 2.867073369392096538e+02
7.220000000000000000e+02 2.680337396453620045e+02
7.230000000000000000e+02 1.768461568835660955e+02
7.240000000000000000e+02 1.962825790377299882e+02
7.250000000000000000e+02 2.466745509145360131e+02
7.260000000000000000e+02 -2.272694970606475636e+03
7.270000000000000000e+02 2.417540100541964705e+02
7.280000000000000000e+02 1.110674136335677673e+02
7.290000000000000000e+02 -7.634741476988351394e+01
7.300000000000000000e+02 -6.791167697458197949e+01
7.310000000000000000e+02 -3.472803806099693134e+02
7.320000000000000000e+02 -3.311848554919584444e+02
7.330000000000000000e+02 2.088794358647475633e+02
7.340000000000000000e+02 2.080964846149250604e+02
7.350000000000000000e+02 -2.167261942327887141e+02
7.360000000000000000e+02 2.431265750196527904e+02
7.370000000000000000e+02 2.050268263461169909e+02
7.380000000000000000e+02 2.342587219613677973e+02
7.390000000000000000e+02 2.684346815767022463e+02
7.400000000000000000e+02 2.399630257504804263e+02
7.410000000000000000e+02 2.853098907953277603e+02
7.420000000000000000e+02 2.407908217116809055e+02
7.430000000000000000e+02 -6.413849678151851208e+01
7.440000000000000000e+02 -2.753139425273855636e+02
7.450000000000000000e+02 3.019662142065722037e+02
7.460000000000000000e+02 -7.903387849725868364e+02
7.470000000000000000e+02 3.057998752600402668e+02
7.480000000000000000e+02 2.722698651322351679e+02
7.490000000000000000e+02 2.798773037364924221e+02
7.500000000000000000e+02 -7.132443688103832358e+01
7.510000000000000000e+02 -6.830263746052037277e+02
7.520000000000000000e+02 -1.996150200009294622e+02
7.530000000000000000e+02 2.681645421291823368e+02
7.540000000000000000e+02 -8.623915610113941455e+01
7.550000000000000000e+02 2.351432758578810081e+02
7.560000000000000000e+02 -2.378130358328655802e+02
7.570000000000000000e+02 2.525627750619432561e+02
7.580000000000000000e+02 2.414432560828888086e+02
7.590000000000000000e+02 2.385370933220632423e+02
7.600000000000000000e+02 -3.088938713537312424e+02
7.610000000000000000e+02 2.162511696665074794e+02
7.620000000000000000e+02 2.475372263067812355e+02
7.630000000000000000e+02 2.436002376478907365e+02
7.640000000000000000e+02 2.554788148129838987e+02
7.650000000000000000e+02 2.743655445824741719e+02
7.660000000000000000e+02 2.691872145209155178e+02
7.670000000000000000e+02 2.245712350511187196e+02
7.680000000000000000e+02 2.512583635919668268e+02
7.690000000000000000e+02 2.982930588161484025e+02
7.700000000000000000e+02 2.599645235946754838e+02
7.710000000000000000e+02 3.104355014001226891e+02
7.720000000000000000e+02 2.454921646881444133e+02
7.730000000000000000e+02 2.922578782486354498e+02
7.740000000000000000e+02 2.570183444970898563e+02
7.750000000000000000e+02 2.345101725605609886e+02
7.760000000000000000e+02 2.740169758883788518e+02
7.770000000000000000e+02 2.285286707881963366e+02
7.780000000000000000e+02 2.516985834612136159e+02
7.790000000000000000e+02 2.836267510465229407e+02
7.800000000000000000e+02 2.589086990540838542e+02
7.810000000000000000e+02 2.267103120511115151e+02
7.820000000000000000e+02 2.796371238192162991e+02
7.830000000000000000e+02 2.950070692591436909e+02
7.840000000000000000e+02 2.541621550215212437e+02
7.850000000000000000e+02 2.952525354912177136e+02
7.860000000000000000e+02 2.421581950657587754e+02
7.870000000000000000e+02 2.518746505735061305e+02
7.880000000000000000e+02 2.415272239460964556e+02
7.890000000000000000e+02 2.506722878941516512e+02
7.900000000000000000e+02 7.445628713787741049e+00
7.910000000000000000e+02 2.777840488770153229e+02
7.920000000000000000e+02 2.597729185606717692e+02
7.930000000000000000e+02 2.819347494765412421e+02
7.940000000000000000e+02 2.604923052946058988e+02
7.950000000000000000e+02 2.207122659662572914e+02
7.960000000000000000e+02 2.562031187013514000e+02
7.970000000000000000e+02 2.434000052319339034e+02
7.980000000000000000e+02 -3.934509852705919997e+01
7.990000000000000000e+02 -2.246081729064194121e+01
8.000000000000000000e+02 2.590278446474541170e+02
8.010000000000000000e+02 2.760549015705305465e+02
8.020000000000000000e+02 2.724908274778537134e+02
8.030000000000000000e+02 2.785487025698041066e+02
8.040000000000000000e+02 2.216328472373543264e+02
8.050000000000000000e+02 2.409063375252750632e+02
8.060000000000000000e+02 2.550920351197616469e+02
8.070000000000000000e+02 2.692650739229776491e+02
8.080000000000000000e+02 2.463852418926499865e+02
8.090000000000000000e+02 2.763925098789658819e+02
8.100000000000000000e+02 2.460321030585539859e+02
8.110000000000000000e+02 2.371245782234082924e+02
8.120000000000000000e+02 2.360357765203198426e+02
8.130000000000000000e+02 2.259482826389851482e+02
8.140000000000000000e+02 2.730413760360757465e+02
8.150000000000000000e+02 2.563668524790277843e+02
8.160000000000000000e+02 2.410667239343781887e+02
8.170000000000000000e+02 2.107758617352944555e+02
8.180000000000000000e+02 2.297756280003552263e+02
8.190000000000000000e+02 2.477491693843370797e+02
8.200000000000000000e+02 2.012723381998769696e+02
8.210000000000000000e+02 2.518218402366699991e+02
8.220000000000000000e+02 2.244128737193843790e+02
8.230000000000000000e+02 2.423994203814615673e+02
8.240000000000000000e+02 3.112912293156427381e+02
8.250000000000000000e+02 2.735927427874803470e+02
8.260000000000000000e+02 2.451954264540092936e+02
8.270000000000000000e+02 2.876753973561263820e+02
8.280000000000000000e+02 2.865236939982232229e+02
8.290000000000000000e+02 2.813409470249836204e+02
8.300000000000000000e+02 2.447289311780140224e+02
8.310000000000000000e+02 3.030586464462739968e+02
8.320000000000000000e+02 2.695172904490464134e+02
8.330000000000000000e+02 2.800690344970546448e+02
8.340000000000000000e+02 3.285816287372389866e+01
8.350000000000000000e+02 2.662261707892498066e+02
8.360000000000000000e+02 2.709742188553399274e+02
8.370000000000000000e+02 -9.630951612464085088e+01
8.380000000000000000e+02 2.111941462852068980e+02
8.390000000000000000e+02 2.690740618211028732e+02
8.400000000000000000e+02 2.436606692166480457e+02
8.410000000000000000e+02 2.481920183858455005e+02
8.420000000000000000e+02 2.746350786635102850e+02
8.430000000000000000e+02 2.621010392606489177e+02
8.440000000000000000e+02 2.807372768036568118e+02
8.450000000000000000e+02 2.551336800244158098e+02
8.460000000000000000e+02 2.905024107179037856e+02
8.470000000000000000e+02 2.500601360037526604e+02
8.480000000000000000e+02 2.497186684897707494e+02
8.490000000000000000e+02 3.111714938553628826e+02
8.500000000000000000e+02 3.021976224527751356e+02
8.510000000000000000e+02 2.423930050656608159e+02
8.520000000000000000e+02 2.693655453922033303e+02
8.530000000000000000e+02 2.899507853746173396e+02
8.540000000000000000e+02 2.880879311443501933e+02
8.550000000000000000e+02 2.704892344530700825e+02
8.560000000000000000e+02 2.442844250142393037e+02
8.570000000000000000e+02 2.686463492195173330e+02
8.580000000000000000e+02 2.569014393299964922e+02
8.590000000000000000e+02 2.837058890242825555e+02
8.600000000000000000e+02 2.722756619858843123e+02
8.610000000000000000e+02 2.518275700543277651e+02
8.620000000000000000e+02 2.721325070235664043e+02
8.630000000000000000e+02 2.823627965956438857e+02
8.640000000000000000e+02 2.295024778583784268e+02
8.650000000000000000e+02 2.648978868386528802e+02
8.660000000000000000e+02 2.285443237313432974e+02
8.670000000000000000e+02 2.430586835210450545e+02
8.680000000000000000e+02 2.464524053240021431e+02
8.690000000000000000e+02 2.314147158113168814e+02
8.700000000000000000e+02 2.639886572441814110e+02
8.710000000000000000e+02 2.578125982143510555e+02
8.720000000000000000e+02 2.431443002203815240e+02
8.730000000000000000e+02 2.457065830616488427e+02
8.740000000000000000e+02 2.647611421294301977e+02
8.750000000000000000e+02 2.915133478230213200e+02
8.760000000000000000e+02 2.445579552092719098e+02
8.770000000000000000e+02 2.495671915586004559e+02
8.780000000000000000e+02 2.997087108724440441e+02
8.790000000000000000e+02 2.263548029129075303e+02
8.800000000000000000e+02 2.498318007192740140e+02
8.810000000000000000e+02 2.940199577703849627e+02
8.820000000000000000e+02 2.395497180493802318e+02
8.830000000000000000e+02 2.745086523562817433e+02
8.840000000000000000e+02 2.595988838253132371e+02
8.850000000000000000e+02 -2.230478639820674402e+01
8.860000000000000000e+02 2.718411357893440368e+02
8.870000000000000000e+02 2.921220069578342873e+02
8.880000000000000000e+02 2.509345831618724674e+02
8.890000000000000000e+02 4.367976011948056225e+01
8.900000000000000000e+02 2.976910400099841354e+02
8.910000000000000000e+02 -3.627477919416580221e+01
8.920000000000000000e+02 -6.095783673167836270e+01
8.930000000000000000e+02 2.403118152548333057e+02
8.940000000000000000e+02 2.722069092434285267e+02
8.950000000000000000e+02 2.339159941122587156e+02
8.960000000000000000e+02 2.964669585568711909e+02
8.970000000000000000e+02 2.320599819440952274e+02
8.980000000000000000e+02 2.774938371521677709e+02
8.990000000000000000e+02 2.640048795003772284e+02
9.000000000000000000e+02 2.918365399577380686e+02
9.010000000000000000e+02 2.630015276388842835e+02
9.020000000000000000e+02 2.891847912623906041e+02
9.030000000000000000e+02 2.750166616826203381e+02
9.040000000000000000e+02 2.764764872994230700e+02
9.050000000000000000e+02 2.536246431268809260e+02
9.060000000000000000e+02 2.552586480267670481e+02
9.070000000000000000e+02 2.793900510256095231e+02
9.080000000000000000e+02 3.024982981979173928e+02
9.090000000000000000e+02 2.938816484147338883e+02
9.100000000000000000e+02 2.543259201021866716e+02
9.110000000000000000e+02 2.633211730520353058e+02
9.120000000000000000e+02 2.449025201165540579e+02
9.130000000000000000e+02 2.339825077772156021e+02
9.140000000000000000e+02 2.842705093997634549e+02
9.150000000000000000e+02 2.163690033291875352e+02
9.160000000000000000e+02 2.945792205463549180e+02
9.170000000000000000e+02 2.802423222202770035e+02
9.180000000000000000e+02 2.754158355420963744e+02
9.190000000000000000e+02 2.549402518288566171e+02
9.200000000000000000e+02 2.994683576688167932e+02
9.210000000000000000e+02 2.683672506158214333e+02
9.220000000000000000e+02 2.387434029083629525e+02
9.230000000000000000e+02 2.468349413829837999e+02
9.240000000000000000e+02 2.938722147903848736e+02
9.250000000000000000e+02 2.620084485095364926e+02
9.260000000000000000e+02 2.618632703216470077e+02
9.270000000000000000e+02 2.385061423254622639e+02
9.280000000000000000e+02 2.960640247403963485e+02
9.290000000000000000e+02 2.362153686710131808e+02
9.300000000000000000e+02 2.682761672428279667e+02
9.310000000000000000e+02 2.935863685113683346e+02
9.320000000000000000e+02 2.745384296118602379e+02
9.330000000000000000e+02 2.887160743235693872e+02
9.340000000000000000e+02 2.745065512730958517e+02
9.350000000000000000e+02 2.884692546844380558e+02
9.360000000000000000e+02 2.556029638214293698e+02
9.370000000000000000e+02 2.775891843355542505e+02
9.380000000000000000e+02 2.721842066796274935e+02
9.390000000000000000e+02 2.754840201804366870e+02
9.400000000000000000e+02 2.827563066816538822e+02
9.410000000000000000e+02 2.924356671167753916e+02
9.420000000000000000e+02 2.357520710176497118e+02
9.430000000000000000e+02 2.662304654615738855e+02
9.440000000000000000e+02 2.922675954906825382e+02
9.450000000000000000e+02 2.507249073060527849e+02
9.460000000000000000e+02 2.479535426488788232e+02
9.470000000000000000e+02 2.447971478644813601e+02
9.480000000000000000e+02 2.802996054315535730e+02
9.490000000000000000e+02 2.945750540257942021e+02
9.500000000000000000e+02 2.573488984835919382e+02
9.510000000000000000e+02 3.177148687379693683e+02
9.520000000000000000e+02 2.857696289069693876e+02
9.530000000000000000e+02 2.222919553375168675e+02
9.540000000000000000e+02 2.557617662822620730e+02
9.550000000000000000e+02 2.690105016208731286e+02
9.560000000000000000e+02 2.170667716040102562e+02
9.570000000000000000e+02 2.800432457337368533e+02
9.580000000000000000e+02 2.823586507825515355e+02
9.590000000000000000e+02 2.809461417891467363e+02
9.600000000000000000e+02 2.845187561726732497e+02
9.610000000000000000e+02 2.534893366275476012e+02
9.620000000000000000e+02 2.174488920772886331e+02
9.630000000000000000e+02 2.581303442261722694e+02
9.640000000000000000e+02 2.716347680363635391e+02
9.650000000000000000e+02 2.764435690332033460e+02
9.660000000000000000e+02 2.390052903356735783e+02
9.670000000000000000e+02 2.513123672532840942e+02
9.680000000000000000e+02 2.884989453743883132e+02
9.690000000000000000e+02 2.778209800901727249e+02
9.700000000000000000e+02 2.725069942028441119e+02
9.710000000000000000e+02 2.925068577340579736e+02
9.720000000000000000e+02 2.704252843245385520e+02
9.730000000000000000e+02 2.440252242777535514e+02
9.740000000000000000e+02 2.627939244148612943e+02
9.750000000000000000e+02 2.744907826480192057e+02
9.760000000000000000e+02 2.556718238812889297e+02
9.770000000000000000e+02 2.598405721549071927e+02
9.780000000000000000e+02 2.421800331039924288e+02
9.790000000000000000e+02 2.795080965086052061e+02
9.800000000000000000e+02 2.263260722233981994e+02
9.810000000000000000e+02 3.233612212833478452e+02
9.820000000000000000e+02 2.865417790744505169e+02
9.830000000000000000e+02 2.594116025932069078e+02
9.840000000000000000e+02 2.553197074594993126e+02
9.850000000000000000e+02 2.474417598426333882e+02
9.860000000000000000e+02 2.525019123692671883e+02
9.870000000000000000e+02 2.473160854915682592e+02
9.880000000000000000e+02 2.743460192716291886e+02
9.890000000000000000e+02 2.786326882919489663e+02
9.900000000000000000e+02 2.742719340545909290e+02
9.910000000000000000e+02 2.938521515446138324e+02
9.920000000000000000e+02 2.738918990884149025e+02
9.930000000000000000e+02 2.531836194197537111e+02
9.940000000000000000e+02 2.356113077800085875e+02
9.950000000000000000e+02 2.586452429342468804e+02
9.960000000000000000e+02 2.824696177623982294e+02
9.970000000000000000e+02 2.476401598274059097e+02
9.980000000000000000e+02 2.824324332721017754e+02
9.990000000000000000e+02 2.655405718707360165e+02
