0.000000000000000000e+00 -5.366405880797120176e+01
1.000000000000000000e+00 -2.558235086943283534e+02
2.000000000000000000e+00 -7.798867843760983476e+01
3.000000000000000000e+00 -5.589223806872797695e+02
4.000000000000000000e+00 -7.074629311776765235e+02
5.000000000000000000e+00 -4.441369064252937733e+02
6.000000000000000000e+00 -2.822174369852438076e+02
7.000000000000000000e+00 -3.378936743351795258e+02
8.000000000000000000e+00 -4.495436505030642138e+01
9.000000000000000000e+00 -2.894114896293209540e+02
1.000000000000000000e+01 -2.578572241141247332e+02
1.100000000000000000e+01 -4.160448074128191251e+02
1.200000000000000000e+01 -3.210692541440959076e+02
1.300000000000000000e+01 -4.448911602549040367e+02
1.400000000000000000e+01 -3.861722179238207673e+02
1.500000000000000000e+01 -5.356461744642540452e+02
1.600000000000000000e+01 -2.252311467662418920e+02
1.700000000000000000e+01 -2.503937994282420050e+02
1.800000000000000000e+01 -4.541259618505644653e+02
1.900000000000000000e+01 -3.175569629511443281e+02
2.000000000000000000e+01 -5.748120678072909868e+02
2.100000000000000000e+01 -5.081169993555091651e+02
2.200000000000000000e+01 -3.671334975772613802e+02
2.300000000000000000e+01 -4.764230720894794331e+02
2.400000000000000000e+01 -3.504441352753066781e+02
2.500000000000000000e+01 -2.932962831291816315e+02
2.600000000000000000e+01 -4.178354089766359039e+02
2.700000000000000000e+01 -2.135554082220218106e+02
2.800000000000000000e+01 -7.681538797257969975e+01
2.900000000000000000e+01 -3.371806419958290917e+02
3.000000000000000000e+01 -4.038217867584666010e+02
3.100000000000000000e+01 -4.934193839042703189e+02
3.200000000000000000e+01 -2.406143932090095348e+02
3.300000000000000000e+01 -4.885754907877829964e+02
3.400000000000000000e+01 -2.541591123653032582e+02
3.500000000000000000e+01 -3.717948897592043522e+02
3.600000000000000000e+01 -3.389362997858250992e+01
3.700000000000000000e+01 -4.154993369128263225e+02
3.800000000000000000e+01 -3.014883514950854533e+02
3.900000000000000000e+01 -5.340160215771462617e+02
4.000000000000000000e+01 -3.002487898915950950e+02
4.100000000000000000e+01 -7.385700594477324898e+01
4.200000000000000000e+01 -4.840230934292135601e+01
4.300000000000000000e+01 -3.495372182464454909e+02
4.400000000000000000e+01 -3.730398736256216807e+02
4.500000000000000000e+01 -2.844803783391839715e+02
4.600000000000000000e+01 -9.974415104930542952e+01
4.700000000000000000e+01 -3.281310011502256430e+02
4.800000000000000000e+01 -4.491525714433561234e+02
4.900000000000000000e+01 -3.693906173473764625e+02
5.000000000000000000e+01 -3.473403905878052456e+02
5.100000000000000000e+01 -7.458328325172148254e+01
5.200000000000000000e+01 -5.618543797324775824e+02
5.300000000000000000e+01 -1.995297949316957329e+02
5.400000000000000000e+01 -1.766839217043228700e+02
5.500000000000000000e+01 1.295066791693173514e+01
5.600000000000000000e+01 -1.479718803910631095e+02
5.700000000000000000e+01 -2.265506523440526507e+02
5.800000000000000000e+01 -2.908558655493662286e+02
5.900000000000000000e+01 -2.395743464187102347e+02
6.000000000000000000e+01 -5.906236521614325738e+02
6.100000000000000000e+01 -7.710375254042665460e+01
6.200000000000000000e+01 -5.099380668827492968e+02
6.300000000000000000e+01 -1.512716680546979262e+02
6.400000000000000000e+01 -3.742704911156494632e+02
6.500000000000000000e+01 -7.206489261266492008e+01
6.600000000000000000e+01 -4.236193746337075368e+02
6.700000000000000000e+01 -4.165517038049010239e+02
6.800000000000000000e+01 -6.404570725409450915e+01
6.900000000000000000e+01 -8.276496628981101367e+01
7.000000000000000000e+01 -1.449430606662474759e+02
7.100000000000000000e+01 -9.879407963730939457e+01
7.200000000000000000e+01 -2.201747069550156084e+02
7.300000000000000000e+01 -2.931228759576526954e+00
7.400000000000000000e+01 -8.574313534232986456e+01
7.500000000000000000e+01 -1.827579969318549047e+02
7.600000000000000000e+01 5.474500492674266638e+00
7.700000000000000000e+01 -8.428545397558593777e+01
7.800000000000000000e+01 -2.582063733033864139e+01
7.900000000000000000e+01 -6.585432660973245333e+01
8.000000000000000000e+01 -1.472570545514496985e+02
8.100000000000000000e+01 -1.720435505277444008e+02
8.200000000000000000e+01 -1.285265196321884105e+02
8.300000000000000000e+01 8.954421599728277670e+00
8.400000000000000000e+01 -4.481927105522854049e+01
8.500000000000000000e+01 2.747245667761238508e+01
8.600000000000000000e+01 -3.050374016923335034e+02
8.700000000000000000e+01 -3.831470274269049128e+02
8.800000000000000000e+01 -2.832558173431407340e+02
8.900000000000000000e+01 -2.369876678091227689e+02
9.000000000000000000e+01 -3.577351205079625629e+01
9.100000000000000000e+01 -7.814289023975838688e+01
9.200000000000000000e+01 -2.569924403024543835e+02
9.300000000000000000e+01 1.014542296229890894e+00
9.400000000000000000e+01 -1.532136233255570801e+01
9.500000000000000000e+01 -2.081782059680855923e+02
9.600000000000000000e+01 7.756099861086596547e+00
9.700000000000000000e+01 -1.769120768230467888e+02
9.800000000000000000e+01 -1.840541103015173974e+02
9.900000000000000000e+01 -1.757810729570473427e+02
1.000000000000000000e+02 -1.727298321767462141e+02
1.010000000000000000e+02 8.437264178838006501e+00
1.020000000000000000e+02 -3.795812152505118888e+02
1.030000000000000000e+02 -2.548200127684340259e+02
1.040000000000000000e+02 -3.249598750962186386e+02
1.050000000000000000e+02 -3.224125741463833492e+02
1.060000000000000000e+02 -5.085489959164188889e+01
1.070000000000000000e+02 -2.181472324072518063e+02
1.080000000000000000e+02 1.762198326727327924e+01
1.090000000000000000e+02 -6.461304360387856605e+01
1.100000000000000000e+02 -1.137789873997927543e+02
1.110000000000000000e+02 -5.828717298308959727e+01
1.120000000000000000e+02 -5.549998719331951236e+01
1.130000000000000000e+02 -4.752878085181378509e+01
1.140000000000000000e+02 -3.120665558958557995e+02
1.150000000000000000e+02 -2.847362325393713434e+01
1.160000000000000000e+02 -5.615816508315450051e+01
1.170000000000000000e+02 -2.925014966939478711e+01
1.180000000000000000e+02 -2.514529754937346127e+02
1.190000000000000000e+02 -5.855570954052416255e+01
1.200000000000000000e+02 -3.430408880059920875e+02
1.210000000000000000e+02 -2.706528050457069412e+01
1.220000000000000000e+02 -3.653443333128787174e+01
1.230000000000000000e+02 -2.048822619895608739e+02
1.240000000000000000e+02 -3.402908271941986129e+01
1.250000000000000000e+02 -2.937913211493433892e+02
1.260000000000000000e+02 -6.444158663044106561e+01
1.270000000000000000e+02 1.005445114596855660e+01
1.280000000000000000e+02 -3.727745181024909016e+02
1.290000000000000000e+02 -7.375354790869351973e+00
1.300000000000000000e+02 -3.055280431752082677e+02
1.310000000000000000e+02 6.085179851364307524e+01
1.320000000000000000e+02 -3.310910126686588342e+02
1.330000000000000000e+02 -1.056095068594164275e+02
1.340000000000000000e+02 -2.008713109032044031e+01
1.350000000000000000e+02 -3.822506771835389827e+01
1.360000000000000000e+02 -7.646525022238247971e+01
1.370000000000000000e+02 -8.157992653793357363e+01
1.380000000000000000e+02 -1.675425092884461833e+02
1.390000000000000000e+02 1.023249941519450701e+01
1.400000000000000000e+02 4.556962581357495878e+00
1.410000000000000000e+02 -1.901999306877904417e+01
1.420000000000000000e+02 -1.548019448039187864e+02
1.430000000000000000e+02 -6.534373312530935607e+01
1.440000000000000000e+02 -7.925466880013232185e+01
1.450000000000000000e+02 -2.270542142241778834e+02
1.460000000000000000e+02 -2.504531297583440050e+02
1.470000000000000000e+02 -4.344799937720112837e+01
1.480000000000000000e+02 2.491927410992403580e+01
1.490000000000000000e+02 -5.669119533899150021e+00
1.500000000000000000e+02 -2.743066797345147378e+01
1.510000000000000000e+02 -6.731112217816829002e+00
1.520000000000000000e+02 -6.435457049572552535e+01
1.530000000000000000e+02 5.178760916560070093e+00
1.540000000000000000e+02 -1.536392945110449091e+02
1.550000000000000000e+02 -4.029660334184417536e+01
1.560000000000000000e+02 -1.445080794464899121e+01
1.570000000000000000e+02 -3.111117521134182340e+01
1.580000000000000000e+02 -2.482679627236114328e+01
1.590000000000000000e+02 -1.681019012465734974e+01
1.600000000000000000e+02 -1.000790131627267776e+01
1.610000000000000000e+02 -2.521750262984185298e+01
1.620000000000000000e+02 -4.467352652444755989e+01
1.630000000000000000e+02 -7.772349666555930980e+01
1.640000000000000000e+02 -2.001530852320480136e+01
1.650000000000000000e+02 -2.959400287853060973e+01
1.660000000000000000e+02 -5.761082854049681146e+01
1.670000000000000000e+02 -7.578618111340017549e+01
1.680000000000000000e+02 -2.013422937123937118e+01
1.690000000000000000e+02 -3.225243229987609084e+01
1.700000000000000000e+02 -2.021378323571585440e+02
1.710000000000000000e+02 -1.252096342693624642e+01
1.720000000000000000e+02 -3.850922504224558907e+01
1.730000000000000000e+02 -2.996178077185039967e+01
1.740000000000000000e+02 1.311271977498738472e+01
1.750000000000000000e+02 1.140613673475571659e+02
1.760000000000000000e+02 3.813759063680980432e+01
1.770000000000000000e+02 9.025446729259003931e+00
1.780000000000000000e+02 5.201322541119242970e+01
1.790000000000000000e+02 -1.887339170962097512e+02
1.800000000000000000e+02 1.123026536317590143e+02
1.810000000000000000e+02 2.103286078022788956e+02
1.820000000000000000e+02 -9.087390118092557145e+00
1.830000000000000000e+02 1.728801374868411642e+02
1.840000000000000000e+02 1.379989295064269470e+02
1.850000000000000000e+02 1.138748603692922501e+02
1.860000000000000000e+02 2.315107403704735134e+02
1.870000000000000000e+02 -1.379001004639313805e+02
1.880000000000000000e+02 1.875172109726553629e+02
1.890000000000000000e+02 1.673633124303559043e+02
1.900000000000000000e+02 2.011198770137310987e+02
1.910000000000000000e+02 2.363216290518548988e+02
1.920000000000000000e+02 6.174789421213892382e+01
1.930000000000000000e+02 2.258468499003053012e+02
1.940000000000000000e+02 -2.386403871491154121e+02
1.950000000000000000e+02 -4.625844600993899292e+01
1.960000000000000000e+02 2.633670328407076227e+02
1.970000000000000000e+02 2.346859482992549601e+02
1.980000000000000000e+02 -6.439446856488500259e+01
1.990000000000000000e+02 -1.061762862121841522e+01
2.000000000000000000e+02 1.643745664339023449e+02
2.010000000000000000e+02 2.609768146952299617e+02
2.020000000000000000e+02 -1.049142523899270429e+02
2.030000000000000000e+02 -1.967931313329192733e+01
2.040000000000000000e+02 2.054842731104490099e+02
2.050000000000000000e+02 1.704236155562757062e+02
2.060000000000000000e+02 -7.714979136310347485e+01
2.070000000000000000e+02 2.243239979276362703e+02
2.080000000000000000e+02 1.644318965258188427e+02
2.090000000000000000e+02 -3.273089919805794068e+01
2.100000000000000000e+02 2.484870294519498088e+02
2.110000000000000000e+02 1.549465993991402115e+02
2.120000000000000000e+02 -5.877026007008986141e+01
2.130000000000000000e+02 -7.688760783183781200e+01
2.140000000000000000e+02 2.468280381739638472e+02
2.150000000000000000e+02 1.245660597712504369e+02
2.160000000000000000e+02 -8.830123187113642302e+01
2.170000000000000000e+02 -1.141995291571042941e+02
2.180000000000000000e+02 2.615490803514920799e+02
2.190000000000000000e+02 1.879138645557781615e+02
2.200000000000000000e+02 -2.018159980902852624e+01
2.210000000000000000e+02 2.069980387887848394e+01
2.220000000000000000e+02 -5.137127466010450405e+01
2.230000000000000000e+02 5.420720714446547817e+01
2.240000000000000000e+02 -7.235369367592096523e+01
2.250000000000000000e+02 -1.606826960074427575e+02
2.260000000000000000e+02 -7.052393871563751304e+01
2.270000000000000000e+02 3.782815529633110074e-03
2.280000000000000000e+02 2.249065755193125256e+02
2.290000000000000000e+02 2.058558646687160376e+02
2.300000000000000000e+02 -1.238944278597186894e+02
2.310000000000000000e+02 -3.023119585819219424e+01
2.320000000000000000e+02 -1.653563537328729467e+02
2.330000000000000000e+02 -4.481021359144629912e+01
2.340000000000000000e+02 -2.768794593040831842e+02
2.350000000000000000e+02 -5.797746164433832661e+01
2.360000000000000000e+02 -8.133970073591171968e+01
2.370000000000000000e+02 -7.505484980923671401e+01
2.380000000000000000e+02 -3.041775921658789628e+01
2.390000000000000000e+02 -8.941584158095523094e+01
2.400000000000000000e+02 -4.731013091798575942e+01
2.410000000000000000e+02 -7.819582068826923660e+01
2.420000000000000000e+02 -1.243178325309599046e+02
2.430000000000000000e+02 -1.215282289466697563e+02
2.440000000000000000e+02 -9.820788509454902737e+01
2.450000000000000000e+02 -6.351292161543701553e+01
2.460000000000000000e+02 -6.930801552869475302e+01
2.470000000000000000e+02 -2.578338798120729791e+01
2.480000000000000000e+02 -3.375205480663971969e+01
2.490000000000000000e+02 -6.237336103168069457e+01
2.500000000000000000e+02 -3.958771765079036697e+01
2.510000000000000000e+02 1.928036785147565411e+02
2.520000000000000000e+02 -1.385950128913778023e+01
2.530000000000000000e+02 -8.178036349860842336e+01
2.540000000000000000e+02 2.545126132746947292e+02
2.550000000000000000e+02 2.559633122329150297e+02
2.560000000000000000e+02 2.551636569036655544e+02
2.570000000000000000e+02 1.102583086734857076e+01
2.580000000000000000e+02 2.633828690817421148e+02
2.590000000000000000e+02 2.488751619201305516e+02
2.600000000000000000e+02 2.891624916208241984e+02
2.610000000000000000e+02 2.278974859801864170e+02
2.620000000000000000e+02 2.264654419330967130e+02
2.630000000000000000e+02 2.406826798899665221e+02
2.640000000000000000e+02 2.404509868694266288e+02
2.650000000000000000e+02 -4.229507627883020859e+01
2.660000000000000000e+02 2.136445973825899500e+02
2.670000000000000000e+02 2.198390595655192499e+02
2.680000000000000000e+02 2.041576676074329271e+02
2.690000000000000000e+02 2.706273756698192301e+02
2.700000000000000000e+02 2.732307917871241898e+02
2.710000000000000000e+02 2.387890682062325993e+02
2.720000000000000000e+02 2.489137154150210449e+02
2.730000000000000000e+02 2.642964019566761635e+02
2.740000000000000000e+02 2.092956309017683338e+02
2.750000000000000000e+02 2.231197548245297639e+02
2.760000000000000000e+02 1.554861749293143589e+02
2.770000000000000000e+02 2.503135933016877459e+02
2.780000000000000000e+02 -2.830703796389207128e+01
2.790000000000000000e+02 1.754327594988317855e+02
2.800000000000000000e+02 2.524909780095810845e+02
2.810000000000000000e+02 2.273370262716581749e+02
2.820000000000000000e+02 2.410401026690090589e+02
2.830000000000000000e+02 2.706390567065333244e+02
2.840000000000000000e+02 2.716849892296016833e+02
2.850000000000000000e+02 2.584343818188899036e+02
2.860000000000000000e+02 1.979844873600690107e+02
2.870000000000000000e+02 2.224660444564296711e+02
2.880000000000000000e+02 2.545608897828169006e+02
2.890000000000000000e+02 2.514852251507622043e+02
2.900000000000000000e+02 2.642658114047599156e+02
2.910000000000000000e+02 2.722775754777119346e+02
2.920000000000000000e+02 2.108468165264705476e+02
2.930000000000000000e+02 2.640999969062072523e+02
2.940000000000000000e+02 2.777100953640849639e+02
2.950000000000000000e+02 2.272216990914490111e+02
2.960000000000000000e+02 -2.518432604858363959e+02
2.970000000000000000e+02 2.426591078754277362e+02
2.980000000000000000e+02 2.092423465767248558e+02
2.990000000000000000e+02 2.894101633913891192e+02
3.000000000000000000e+02 -3.101420905744573275e+01
3.010000000000000000e+02 -2.916361660562228053e+02
3.020000000000000000e+02 1.645254140425706169e+01
3.030000000000000000e+02 1.016680781428826492e+02
3.040000000000000000e+02 2.702129639020843115e+02
3.050000000000000000e+02 2.373333303110561587e+02
3.060000000000000000e+02 2.586416311592161037e+02
3.070000000000000000e+02 2.019755749192020744e+02
3.080000000000000000e+02 2.744657087912939915e+02
3.090000000000000000e+02 2.904916148777195986e+02
3.100000000000000000e+02 2.965627299655012052e+02
3.110000000000000000e+02 2.444365910178732690e+02
3.120000000000000000e+02 -7.206983828786155755e+01
3.130000000000000000e+02 1.472777491745976874e+02
3.140000000000000000e+02 1.062068461969278843e+02
3.150000000000000000e+02 1.491344742618522616e+02
3.160000000000000000e+02 2.821010910349637584e+02
3.170000000000000000e+02 2.445017068481753881e+02
3.180000000000000000e+02 2.357998417819068493e+02
3.190000000000000000e+02 2.369325278479020938e+02
3.200000000000000000e+02 1.963106846241586254e+02
3.210000000000000000e+02 2.148401910282464655e+02
3.220000000000000000e+02 2.006847619717207820e+01
3.230000000000000000e+02 2.106135748933203047e+02
3.240000000000000000e+02 2.348425375825069068e+02
3.250000000000000000e+02 2.893613402244011468e+02
3.260000000000000000e+02 2.664977106188467815e+02
3.270000000000000000e+02 -2.564667727852018686e+01
3.280000000000000000e+02 2.414818106082101394e+02
3.290000000000000000e+02 2.882620317782201482e+02
3.300000000000000000e+02 -3.408462124362729639e+01
3.310000000000000000e+02 1.799073977345140918e+02
3.320000000000000000e+02 2.545759385756603876e+02
3.330000000000000000e+02 2.828689955408283367e+02
3.340000000000000000e+02 2.755405505669467630e+02
3.350000000000000000e+02 2.415033685069919045e+02
3.360000000000000000e+02 2.195864058282238602e+02
3.370000000000000000e+02 1.750899997270000767e+02
3.380000000000000000e+02 2.249333903353029314e+02
3.390000000000000000e+02 -4.953909031545479280e+01
3.400000000000000000e+02 1.938181629985082282e+02
3.410000000000000000e+02 2.456089399020612802e+02
3.420000000000000000e+02 -2.126940877979032507e+01
3.430000000000000000e+02 2.193096269161608802e+02
3.440000000000000000e+02 2.255938085589290267e+02
3.450000000000000000e+02 2.066255472552880690e+02
3.460000000000000000e+02 1.617020307196607405e+02
3.470000000000000000e+02 2.598238855721494929e+02
3.480000000000000000e+02 -2.237549291802497464e+02
3.490000000000000000e+02 2.435085948646326415e+02
3.500000000000000000e+02 5.493716443902870594e+01
3.510000000000000000e+02 2.158716287044044861e+02
3.520000000000000000e+02 2.460147210464021157e+02
3.530000000000000000e+02 2.416757358725495237e+02
3.540000000000000000e+02 2.353651305625494103e+02
3.550000000000000000e+02 2.244221005928307591e+02
3.560000000000000000e+02 2.865031276456961677e+02
3.570000000000000000e+02 1.888142379715259835e+02
3.580000000000000000e+02 -5.795617098086276542e+01
3.590000000000000000e+02 2.475980242123041535e+02
3.600000000000000000e+02 -1.192654295313093371e+02
3.610000000000000000e+02 2.832241290462008010e+02
3.620000000000000000e+02 2.451875397525057281e+02
3.630000000000000000e+02 2.200069680375415260e+02
3.640000000000000000e+02 2.771214575066247789e+02
3.650000000000000000e+02 2.115547840004164470e+02
3.660000000000000000e+02 2.849215969338766854e+02
3.670000000000000000e+02 2.926768435334856235e+02
3.680000000000000000e+02 2.467700156661373967e+02
3.690000000000000000e+02 2.264100820832053387e+02
3.700000000000000000e+02 2.469582657808983015e+02
3.710000000000000000e+02 -4.595623059861852653e+02
3.720000000000000000e+02 -2.496301310879030666e+02
3.730000000000000000e+02 2.278772704687984856e+02
3.740000000000000000e+02 2.652979912053392582e+02
3.750000000000000000e+02 2.591986042778212322e+02
3.760000000000000000e+02 -1.752717654953670490e+01
3.770000000000000000e+02 2.125526958188260664e+02
3.780000000000000000e+02 2.983989701514871058e+02
3.790000000000000000e+02 2.608086419656711996e+02
3.800000000000000000e+02 1.696214356831096666e+02
3.810000000000000000e+02 1.896149942140196458e+02
3.820000000000000000e+02 2.442884650267553752e+02
3.830000000000000000e+02 2.389860836157061499e+02
3.840000000000000000e+02 2.486352101278787075e+02
3.850000000000000000e+02 1.810725811186490546e+02
3.860000000000000000e+02 2.743545174010461096e+02
3.870000000000000000e+02 1.519278712065177501e+02
3.880000000000000000e+02 2.291505970559836669e+02
3.890000000000000000e+02 1.709495956288685647e+01
3.900000000000000000e+02 2.282249826708393243e+02
3.910000000000000000e+02 2.882518522680592241e+02
3.920000000000000000e+02 -7.208351930247903283e+01
3.930000000000000000e+02 1.396785732472605090e+01
3.940000000000000000e+02 1.741826069625654725e+02
3.950000000000000000e+02 2.253956705740463349e+02
3.960000000000000000e+02 -4.253782351355567926e+00
3.970000000000000000e+02 2.735824246543031677e+02
3.980000000000000000e+02 2.686293855469536993e+02
3.990000000000000000e+02 2.371832753461222296e+02
4.000000000000000000e+02 2.997415180859388784e+02
4.010000000000000000e+02 -1.080054089555205223e+02
4.020000000000000000e+02 -2.537260579855326625e+01
4.030000000000000000e+02 2.319882617441525667e+02
4.040000000000000000e+02 2.879986008939683870e+02
4.050000000000000000e+02 2.798772596801182999e+02
4.060000000000000000e+02 2.868031694618321694e+02
4.070000000000000000e+02 2.635737154599196401e+02
4.080000000000000000e+02 -2.002450692309587339e+02
4.090000000000000000e+02 2.805805226807169106e+02
4.100000000000000000e+02 2.631899916834112219e+02
4.110000000000000000e+02 3.791755036914256038e+01
4.120000000000000000e+02 -3.142423491824690700e+02
4.130000000000000000e+02 2.886899832186127242e+02
4.140000000000000000e+02 -1.232895809379881946e+01
4.150000000000000000e+02 2.780131351123307013e+02
4.160000000000000000e+02 2.196583607545361474e+02
4.170000000000000000e+02 2.274771426179623290e+01
4.180000000000000000e+02 2.241438434512746767e+02
4.190000000000000000e+02 2.623133591976668981e+02
4.200000000000000000e+02 2.868123263733283466e+02
4.210000000000000000e+02 2.044066540843040798e+02
4.220000000000000000e+02 2.542143215829776750e+02
4.230000000000000000e+02 -2.892547392684417673e+02
4.240000000000000000e+02 2.867521194638513862e+02
4.250000000000000000e+02 2.228001923373536783e+02
4.260000000000000000e+02 3.043852325793573641e+02
4.270000000000000000e+02 2.138775421981668501e+02
4.280000000000000000e+02 2.753650995140275199e+02
4.290000000000000000e+02 2.657244378004374994e+02
4.300000000000000000e+02 2.515709848801907356e+02
4.310000000000000000e+02 2.597855495672640700e+02
4.320000000000000000e+02 1.255023994212898231e+01
4.330000000000000000e+02 2.276888222697307356e+02
4.340000000000000000e+02 2.537699200039493803e+02
4.350000000000000000e+02 2.196840219473675688e+02
4.360000000000000000e+02 3.059553367357884781e+02
4.370000000000000000e+02 2.342148280791594175e+02
4.380000000000000000e+02 2.623438640001477893e+02
4.390000000000000000e+02 2.651884491222809856e+02
4.400000000000000000e+02 2.631298906103479567e+02
4.410000000000000000e+02 2.071945039175579950e+02
4.420000000000000000e+02 2.772939701096623821e+02
4.430000000000000000e+02 2.614465317387152936e+02
4.440000000000000000e+02 2.343376302033697129e+02
4.450000000000000000e+02 1.807476255578473570e+02
4.460000000000000000e+02 2.834060391973153514e+00
4.470000000000000000e+02 2.301508492507320511e+02
4.480000000000000000e+02 2.509012606727209231e+02
4.490000000000000000e+02 2.488580085512513662e+01
4.500000000000000000e+02 1.989094749300666081e+02
4.510000000000000000e+02 2.682420637691557204e+02
4.520000000000000000e+02 2.329168336357826945e+02
4.530000000000000000e+02 2.199383338363293774e+02
4.540000000000000000e+02 2.400172937466988685e+02
4.550000000000000000e+02 1.543797792501777622e+00
4.560000000000000000e+02 2.808381726728947569e+02
4.570000000000000000e+02 2.480815196447584867e+02
4.580000000000000000e+02 2.208230588486937336e+02
4.590000000000000000e+02 2.515776229147051311e+02
4.600000000000000000e+02 1.477032027991281495e+02
4.610000000000000000e+02 2.446212324380645384e+02
4.620000000000000000e+02 2.545325618112866835e+02
4.630000000000000000e+02 2.585820134300151949e+02
4.640000000000000000e+02 2.558864114856954473e+02
4.650000000000000000e+02 2.355026278843516252e+02
4.660000000000000000e+02 2.208506455351020179e+02
4.670000000000000000e+02 2.850515262117945667e+02
4.680000000000000000e+02 2.415207687538289463e+02
4.690000000000000000e+02 2.988822320504036156e+02
4.700000000000000000e+02 2.572036371720002990e+02
4.710000000000000000e+02 2.439322871390423302e+02
4.720000000000000000e+02 2.175491173093150508e+02
4.730000000000000000e+02 1.891225852450830303e+02
4.740000000000000000e+02 2.595082806262622626e+02
4.750000000000000000e+02 2.326971457341531959e+02
4.760000000000000000e+02 2.526946223595181209e+02
4.770000000000000000e+02 1.869573739000738897e+02
4.780000000000000000e+02 2.329506430963753871e+02
4.790000000000000000e+02 2.368363529432029679e+02
4.800000000000000000e+02 2.796692999624717686e+02
4.810000000000000000e+02 1.881577127229773509e+02
4.820000000000000000e+02 -1.502674245286011967e+01
4.830000000000000000e+02 2.514829801711529740e+02
4.840000000000000000e+02 2.093585905530081561e+02
4.850000000000000000e+02 2.425868019377576843e+02
4.860000000000000000e+02 2.815240400340366023e+02
4.870000000000000000e+02 2.432583345777511852e+02
4.880000000000000000e+02 5.089054935106057087e+01
4.890000000000000000e+02 2.463797875120473577e+02
4.900000000000000000e+02 1.274318496567656922e+02
4.910000000000000000e+02 2.711302532888216206e+02
4.920000000000000000e+02 2.590855037046191001e+02
4.930000000000000000e+02 1.028399179239544026e+02
4.940000000000000000e+02 2.858231424025090064e+02
4.950000000000000000e+02 -4.400713181964619025e+00
4.960000000000000000e+02 2.810013051181774699e+02
4.970000000000000000e+02 2.532609501283066606e+02
4.980000000000000000e+02 1.969025848441120559e+02
4.990000000000000000e+02 2.490531354507634774e+02
5.000000000000000000e+02 2.791918452220234030e+02
5.010000000000000000e+02 3.788506815056962296e-01
5.020000000000000000e+02 2.364906148714716210e+02
5.030000000000000000e+02 2.485061680903805836e+02
5.040000000000000000e+02 2.792744491378458633e+02
5.050000000000000000e+02 -6.661354462860714420e+00
5.060000000000000000e+02 2.074614420509524280e+02
5.070000000000000000e+02 2.703906483061646213e+02
5.080000000000000000e+02 2.427751000786874727e+02
5.090000000000000000e+02 2.409676273884278999e+02
5.100000000000000000e+02 -1.276672784674638166e+02
5.110000000000000000e+02 2.840083051406315917e+02
5.120000000000000000e+02 2.588925828668462827e+02
5.130000000000000000e+02 2.335899437204246851e+02
5.140000000000000000e+02 2.660952655411855403e+02
5.150000000000000000e+02 2.860442735829620915e+02
5.160000000000000000e+02 2.746255548859746227e+02
5.170000000000000000e+02 2.454519478849975656e+02
5.180000000000000000e+02 2.491500434841747733e+02
5.190000000000000000e+02 2.702540693603600630e+02
5.200000000000000000e+02 2.857576729736092602e+02
5.210000000000000000e+02 2.367695190709577275e+02
5.220000000000000000e+02 -2.110833157687922039e+02
5.230000000000000000e+02 -1.916246358456887151e+02
5.240000000000000000e+02 2.014980836443787382e+02
5.250000000000000000e+02 -6.792577610425563250e+01
5.260000000000000000e+02 2.460959782824254205e+02
5.270000000000000000e+02 2.744380988394127598e+02
5.280000000000000000e+02 2.560787314308425948e+02
5.290000000000000000e+02 -1.994459668395276708e+02
5.300000000000000000e+02 2.705300862785884419e+02
5.310000000000000000e+02 2.690767873252602840e+02
5.320000000000000000e+02 2.083643322428254692e+02
5.330000000000000000e+02 2.527753339379802355e+02
5.340000000000000000e+02 2.847658482707080339e+02
5.350000000000000000e+02 2.382482135173887059e+02
5.360000000000000000e+02 2.805174278265265002e+02
5.370000000000000000e+02 2.761045795935583556e+02
5.380000000000000000e+02 2.019517927647418674e+02
5.390000000000000000e+02 2.327405026009619178e+02
5.400000000000000000e+02 2.892590783026806776e+02
5.410000000000000000e+02 2.705733484641974655e+02
5.420000000000000000e+02 2.858332971304574244e+02
5.430000000000000000e+02 2.561910322680124068e+02
5.440000000000000000e+02 3.076994719101461442e+02
5.450000000000000000e+02 1.916374946299764872e+02
5.460000000000000000e+02 1.591990655332717495e+02
5.470000000000000000e+02 2.416794816439910392e+02
5.480000000000000000e+02 2.702957668624173948e+02
5.490000000000000000e+02 2.832475055785387212e+02
5.500000000000000000e+02 2.531913153109155132e+02
5.510000000000000000e+02 -8.448856679322757657e+01
5.520000000000000000e+02 2.728251374916065970e+02
5.530000000000000000e+02 2.745683951995994221e+02
5.540000000000000000e+02 2.250721870833540947e+02
5.550000000000000000e+02 2.749565192588147511e+02
5.560000000000000000e+02 2.390380293093955402e+02
5.570000000000000000e+02 3.029755139645122313e+02
5.580000000000000000e+02 1.505446025147029729e+02
5.590000000000000000e+02 2.212445193621651356e+02
5.600000000000000000e+02 2.355204816340830405e+02
5.610000000000000000e+02 2.724612460151006985e+02
5.620000000000000000e+02 2.771357751014817268e+02
5.630000000000000000e+02 2.625257561985450252e+02
5.640000000000000000e+02 -2.191789509368674871e+01
5.650000000000000000e+02 2.248818586476057817e+02
5.660000000000000000e+02 2.830563636426724088e+02
5.670000000000000000e+02 1.061309167109908600e+02
5.680000000000000000e+02 2.202445231601856221e+02
5.690000000000000000e+02 3.188700694534819036e+01
5.700000000000000000e+02 1.915042651628050407e+01
5.710000000000000000e+02 1.636839423675135095e+02
5.720000000000000000e+02 4.096802850190715617e+01
5.730000000000000000e+02 2.618750826567294894e+02
5.740000000000000000e+02 2.380916758302460607e+02
5.750000000000000000e+02 2.495032066929778694e+02
5.760000000000000000e+02 2.858239519291551005e+02
5.770000000000000000e+02 7.503086541607919457e+01
5.780000000000000000e+02 1.928390066291741789e+02
5.790000000000000000e+02 2.216670910712744273e+02
5.800000000000000000e+02 -6.753026991058217732e+01
5.810000000000000000e+02 -3.788046361696927988e+01
5.820000000000000000e+02 2.734751721580503272e+02
5.830000000000000000e+02 2.648371562517332904e+02
5.840000000000000000e+02 2.344185170174272912e+02
5.850000000000000000e+02 2.587812053958862180e+02
5.860000000000000000e+02 2.614316981222827962e+02
5.870000000000000000e+02 2.578078675589365503e+02
5.880000000000000000e+02 2.265660914156822230e+02
5.890000000000000000e+02 2.225801098313211810e+02
5.900000000000000000e+02 2.406598908366427167e+02
5.910000000000000000e+02 2.609811837689859431e+02
5.920000000000000000e+02 2.756428567817239355e+02
5.930000000000000000e+02 2.477439785315098106e+02
5.940000000000000000e+02 2.874050183324500267e+02
5.950000000000000000e+02 2.839355395401171336e+02
5.960000000000000000e+02 2.670161114403047122e+02
5.970000000000000000e+02 2.866564235095705726e+02
5.980000000000000000e+02 2.810924835444776591e+02
5.990000000000000000e+02 2.774092984245783100e+02
6.000000000000000000e+02 3.037092503692986725e+02
6.010000000000000000e+02 2.779130802692224051e+02
6.020000000000000000e+02 2.888801491658985015e+02
6.030000000000000000e+02 -2.923315130371294401e+01
6.040000000000000000e+02 2.557490444450392033e+02
6.050000000000000000e+02 2.668394891832402323e+02
6.060000000000000000e+02 -7.035505801216052646e+01
6.070000000000000000e+02 2.652045213593099788e+02
6.080000000000000000e+02 2.784224478433053491e+02
6.090000000000000000e+02 2.704173956477350202e+02
6.100000000000000000e+02 2.451764372348102938e+02
6.110000000000000000e+02 2.868257676006464862e+02
6.120000000000000000e+02 2.809884039579603154e+02
6.130000000000000000e+02 2.318088210030257699e+02
6.140000000000000000e+02 2.557280677357012451e+02
6.150000000000000000e+02 1.452194132114568390e+02
6.160000000000000000e+02 2.261511455750879236e+02
6.170000000000000000e+02 2.490984787903340418e+02
6.180000000000000000e+02 2.506673735129527927e+02
6.190000000000000000e+02 2.297497881952696446e+02
6.200000000000000000e+02 2.614374658138201539e+02
6.210000000000000000e+02 2.906174960502837621e+02
6.220000000000000000e+02 2.523699019301042767e+02
6.230000000000000000e+02 -1.895943409497917287e+00
6.240000000000000000e+02 2.479790909572578812e+02
6.250000000000000000e+02 -3.027596520009926451e+01
6.260000000000000000e+02 1.292992105791862230e+02
6.270000000000000000e+02 2.071479809919550803e+02
6.280000000000000000e+02 2.719159033712218161e+02
6.290000000000000000e+02 2.813176091220739750e+02
6.300000000000000000e+02 -5.923051294977697978e+01
6.310000000000000000e+02 3.069787596550830244e+02
6.320000000000000000e+02 -4.292052020083161779e+01
6.330000000000000000e+02 2.367413822042774427e+02
6.340000000000000000e+02 2.782196077861922276e+02
6.350000000000000000e+02 1.720392682188813183e+02
6.360000000000000000e+02 3.046474096396381128e+02
6.370000000000000000e+02 2.895167209167669284e+02
6.380000000000000000e+02 2.424656707942937715e+02
6.390000000000000000e+02 2.496200980480610951e+02
6.400000000000000000e+02 2.741628076432350554e+02
6.410000000000000000e+02 1.998166956703211383e+02
6.420000000000000000e+02 2.692977077332429872e+02
6.430000000000000000e+02 2.748429283368871552e+02
6.440000000000000000e+02 2.242678648243225439e+02
6.450000000000000000e+02 2.456656254529422085e+02
6.460000000000000000e+02 2.882131205711205553e+02
6.470000000000000000e+02 2.680907136120505356e+02
6.480000000000000000e+02 2.627932264084204235e+02
6.490000000000000000e+02 2.282843675681661466e+02
6.500000000000000000e+02 2.858725252025399186e+02
6.510000000000000000e+02 1.962953669374653316e+02
6.520000000000000000e+02 2.617302495417831096e+02
6.530000000000000000e+02 2.502876969054975120e+02
6.540000000000000000e+02 -4.956097086607759650e+01
6.550000000000000000e+02 2.465561424897312577e+02
6.560000000000000000e+02 2.301297639349301107e+02
6.570000000000000000e+02 2.677845086592225243e+02
6.580000000000000000e+02 2.527828357032185522e+02
6.590000000000000000e+02 2.883863411931127416e+02
6.600000000000000000e+02 2.801859373175158225e+02
6.610000000000000000e+02 2.709977776713691355e+02
6.620000000000000000e+02 2.852804506204222434e+02
6.630000000000000000e+02 1.880607224016380883e+02
6.640000000000000000e+02 -5.561839033645387076e+01
6.650000000000000000e+02 2.470804900371761050e+02
6.660000000000000000e+02 2.234670778500375832e+02
6.670000000000000000e+02 -5.712268024906644825e+01
6.680000000000000000e+02 3.067153437887071163e+02
6.690000000000000000e+02 2.942321431231323459e+02
6.700000000000000000e+02 2.293204642053200644e+02
6.710000000000000000e+02 2.760693906045859194e+02
6.720000000000000000e+02 2.584848282402246014e+02
6.730000000000000000e+02 2.915590058298872123e+02
6.740000000000000000e+02 1.843723664302243606e+02
6.750000000000000000e+02 -1.680985268368050356e+01
6.760000000000000000e+02 2.970625144667577615e+02
6.770000000000000000e+02 2.568759553756868854e+02
6.780000000000000000e+02 2.816878047019868063e+02
6.790000000000000000e+02 -1.396615649154678351e+01
6.800000000000000000e+02 1.984469526555182028e+02
6.810000000000000000e+02 2.381447404389312510e+02
6.820000000000000000e+02 4.050365215118793571e+01
6.830000000000000000e+02 2.608872591237712300e+02
6.840000000000000000e+02 2.194465548954533745e+02
6.850000000000000000e+02 2.802253455599310428e+02
6.860000000000000000e+02 2.701823635518077822e+02
6.870000000000000000e+02 2.817414817279883437e+02
6.880000000000000000e+02 2.678346305169613970e+02
6.890000000000000000e+02 -7.508472128262486933e+01
6.900000000000000000e+02 2.537706372101343106e+02
6.910000000000000000e+02 2.957012378445342051e+02
6.920000000000000000e+02 2.381784126064421230e+02
6.930000000000000000e+02 2.502480935631266448e+02
6.940000000000000000e+02 2.654814434469035405e+02
6.950000000000000000e+02 2.135592310303860017e+02
6.960000000000000000e+02 -2.707253891561808246e+01
6.970000000000000000e+02 -6.356421757589403114e+02
6.980000000000000000e+02 3.014307996327352157e+02
6.990000000000000000e+02 2.205477466966976010e+02
7.000000000000000000e+02 2.809834602018447640e+02
7.010000000000000000e+02 -5.089447853253700771e+01
7.020000000000000000e+02 2.557526335356928371e+02
7.030000000000000000e+02 -3.388836685242895896e+01
7.040000000000000000e+02 2.326820787395026002e+01
7.050000000000000000e+02 2.213247747779097949e+02
7.060000000000000000e+02 2.582843330342198556e+02
7.070000000000000000e+02 2.641845363441270251e+02
7.080000000000000000e+02 -9.115037020256266942e+00
7.090000000000000000e+02 2.577049209043651103e+02
7.100000000000000000e+02 2.459086801834655489e+02
7.110000000000000000e+02 2.170570404315319308e+02
7.120000000000000000e+02 -1.864272146348049830e+01
7.130000000000000000e+02 2.658464354197778903e+02
7.140000000000000000e+02 2.606643032510401667e+02
7.150000000000000000e+02 2.694515558439321694e+02
7.160000000000000000e+02 2.240357003157386089e+02
7.170000000000000000e+02 2.990213587754988680e+02
7.180000000000000000e+02 2.426699864229391324e+02
7.190000000000000000e+02 -4.025066082133262313e+01
7.200000000000000000e+02 2.352391678706146365e+02
7.210000000000000000e+02 2.753631171308203420e+02
7.220000000000000000e+02 -4.018194844197908822e+01
7.230000000000000000e+02 2.621191017194175856e+02
7.240000000000000000e+02 2.319493807538332248e+02
7.250000000000000000e+02 2.474298950324470070e+02
7.260000000000000000e+02 2.699165948126826606e+02
7.270000000000000000e+02 2.509080045511414312e+02
7.280000000000000000e+02 -5.911054613892839171e+01
7.290000000000000000e+02 2.886357961288319984e+02
7.300000000000000000e+02 2.747835140881039706e+02
7.310000000000000000e+02 2.893864686795467946e+02
7.320000000000000000e+02 2.630889563234381967e+02
7.330000000000000000e+02 2.676499181472585178e+02
7.340000000000000000e+02 2.828616032480640570e+02
7.350000000000000000e+02 -4.134529612102685547e+01
7.360000000000000000e+02 2.828450842445500939e+02
7.370000000000000000e+02 2.482411942550098161e+02
7.380000000000000000e+02 2.838098477340610657e+02
7.390000000000000000e+02 2.563199802993932508e+02
7.400000000000000000e+02 2.657398845200939377e+02
7.410000000000000000e+02 3.083144971138840447e+02
7.420000000000000000e+02 2.651910440363150201e+02
7.430000000000000000e+02 2.839840297450501225e+02
7.440000000000000000e+02 2.111094504049752913e+02
7.450000000000000000e+02 2.756911378793125209e+02
7.460000000000000000e+02 2.345018942495247529e+02
7.470000000000000000e+02 2.800965010061032672e+02
7.480000000000000000e+02 2.682363703782270932e+02
7.490000000000000000e+02 2.831000594065631049e+02
7.500000000000000000e+02 2.810082074501139004e+02
7.510000000000000000e+02 2.582482544244840028e+02
7.520000000000000000e+02 2.919904419589524878e+02
7.530000000000000000e+02 2.712270515056956128e+02
7.540000000000000000e+02 2.474718526742180416e+02
7.550000000000000000e+02 2.763154882160678767e+02
7.560000000000000000e+02 -3.340660483200204567e+01
7.570000000000000000e+02 2.679493144788922905e+02
7.580000000000000000e+02 3.691883116882513605e+01
7.590000000000000000e+02 2.529841658943982452e+02
7.600000000000000000e+02 2.598912049003114362e+02
7.610000000000000000e+02 3.081738808140601122e+02
7.620000000000000000e+02 2.687852353524298792e+02
7.630000000000000000e+02 2.573882006033523453e+02
7.640000000000000000e+02 2.819815341017998662e+02
7.650000000000000000e+02 2.575363189902759018e+02
7.660000000000000000e+02 -9.764812309866128714e+01
7.670000000000000000e+02 3.022119943804667059e+02
7.680000000000000000e+02 2.192561266970317604e+02
7.690000000000000000e+02 2.583861600663591389e+02
7.700000000000000000e+02 2.704275107031103289e+02
7.710000000000000000e+02 2.627893834870785099e+02
7.720000000000000000e+02 2.750109884649200467e+02
7.730000000000000000e+02 2.356994126314568803e+02
7.740000000000000000e+02 2.786083840244427847e+02
7.750000000000000000e+02 2.694761429371369559e+02
7.760000000000000000e+02 2.516021059336763415e+02
7.770000000000000000e+02 2.563630405884338188e+02
7.780000000000000000e+02 2.558436562944575883e+02
7.790000000000000000e+02 2.672288805537652934e+02
7.800000000000000000e+02 2.823590086554469849e+02
7.810000000000000000e+02 2.976493741357156750e+02
7.820000000000000000e+02 2.724644969323508690e+02
7.830000000000000000e+02 2.935591015274937945e+02
7.840000000000000000e+02 2.878492466462992070e+02
7.850000000000000000e+02 2.430332118199823128e+02
7.860000000000000000e+02 2.642896446946514857e+02
7.870000000000000000e+02 -1.354837826438122761e+02
7.880000000000000000e+02 2.869594825783264014e+02
7.890000000000000000e+02 2.981963443296227183e+02
7.900000000000000000e+02 2.872675276332469139e+02
7.910000000000000000e+02 2.811058755344035944e+02
7.920000000000000000e+02 2.984235489997084869e+02
7.930000000000000000e+02 3.081342257888363747e+02
7.940000000000000000e+02 2.951483705909392938e+02
7.950000000000000000e+02 2.753124212601954355e+02
7.960000000000000000e+02 2.919585123734536296e+02
7.970000000000000000e+02 2.278699698591697143e+02
7.980000000000000000e+02 2.677093604255025525e+02
7.990000000000000000e+02 2.718365963534411094e+02
8.000000000000000000e+02 3.149919742958163624e+02
8.010000000000000000e+02 2.571533765336692454e+02
8.020000000000000000e+02 2.845515916339189744e+02
8.030000000000000000e+02 3.060820597189910472e+02
8.040000000000000000e+02 2.722820655884904681e+02
8.050000000000000000e+02 -6.039992850816470593e+01
8.060000000000000000e+02 2.453091316944470464e+02
8.070000000000000000e+02 2.750461250135400633e+02
8.080000000000000000e+02 2.396458081319041469e+02
8.090000000000000000e+02 2.263114530870026613e+02
8.100000000000000000e+02 2.240407857389936055e+02
8.110000000000000000e+02 2.915774606949485133e+02
8.120000000000000000e+02 2.418735403888836402e+02
8.130000000000000000e+02 2.979491459553850632e+02
8.140000000000000000e+02 2.366162921161015333e+02
8.150000000000000000e+02 2.414428830554909098e+02
8.160000000000000000e+02 2.876170036354141075e+02
8.170000000000000000e+02 2.536222677914806241e+02
8.180000000000000000e+02 2.629315957754266151e+02
8.190000000000000000e+02 2.011414920568453226e+02
8.200000000000000000e+02 4.393085492591997365e+01
8.210000000000000000e+02 2.858730403344282536e+02
8.220000000000000000e+02 1.935516934794090957e+02
8.230000000000000000e+02 8.123363969760434600e+01
8.240000000000000000e+02 -2.364208632481988559e+02
8.250000000000000000e+02 2.788213818877364361e+02
8.260000000000000000e+02 2.825523789211850811e+01
8.270000000000000000e+02 2.081782043285476220e+02
8.280000000000000000e+02 2.625317504652147136e+02
8.290000000000000000e+02 3.064207654879419351e+02
8.300000000000000000e+02 2.640165490103043453e+02
8.310000000000000000e+02 2.733133644980031818e+02
8.320000000000000000e+02 2.311188275176189393e+02
8.330000000000000000e+02 2.625391302213781728e+02
8.340000000000000000e+02 3.246144476377542532e+01
8.350000000000000000e+02 2.678669300157363296e+02
8.360000000000000000e+02 2.494904140594908313e+02
8.370000000000000000e+02 2.607940209360214112e+02
8.380000000000000000e+02 -2.665701083436927661e+02
8.390000000000000000e+02 2.746060318374130702e+02
8.400000000000000000e+02 2.478449973634571109e+02
8.410000000000000000e+02 1.434796802379027270e+01
8.420000000000000000e+02 2.730891428666656111e+02
8.430000000000000000e+02 8.390072161693727537e+01
8.440000000000000000e+02 2.662302972774183445e+02
8.450000000000000000e+02 2.465223823133938197e+02
8.460000000000000000e+02 2.807364276304807618e+02
8.470000000000000000e+02 2.442423403617692372e+02
8.480000000000000000e+02 2.947335850167803528e+02
8.490000000000000000e+02 2.483650125963725941e+02
8.500000000000000000e+02 2.547853676953874356e+02
8.510000000000000000e+02 2.827812822651247870e+02
8.520000000000000000e+02 2.805650257732562523e+02
8.530000000000000000e+02 4.878396408908770354e+01
8.540000000000000000e+02 -1.990013938857696019e+02
8.550000000000000000e+02 2.918096571933933774e+02
8.560000000000000000e+02 2.715952274074128923e+02
8.570000000000000000e+02 2.694991931313734312e+02
8.580000000000000000e+02 1.875886305780353212e+02
8.590000000000000000e+02 2.872518111648015520e+02
8.600000000000000000e+02 -3.639898898448858517e+02
8.610000000000000000e+02 -2.651365867419040683e+02
8.620000000000000000e+02 2.564920981937235638e+02
8.630000000000000000e+02 2.556155203843998152e+02
8.640000000000000000e+02 2.790703795196347983e+02
8.650000000000000000e+02 2.733634082057603791e+02
8.660000000000000000e+02 3.028696234908774159e+02
8.670000000000000000e+02 2.450468764284062786e+02
8.680000000000000000e+02 2.641414438123197783e+02
8.690000000000000000e+02 2.940771230336756048e+02
8.700000000000000000e+02 2.553031432652713590e+02
8.710000000000000000e+02 2.610534578351130222e+02
8.720000000000000000e+02 1.854848527330682941e+02
8.730000000000000000e+02 -5.741953590480432013e+02
8.740000000000000000e+02 2.536340174829237526e+02
8.750000000000000000e+02 2.735179255774793319e+02
8.760000000000000000e+02 2.373654488448845825e+02
8.770000000000000000e+02 2.872835680497770454e+02
8.780000000000000000e+02 2.832726170246193078e+02
8.790000000000000000e+02 2.613759362006483684e+02
8.800000000000000000e+02 1.620689164143749110e+02
8.810000000000000000e+02 2.202873952122786250e+02
8.820000000000000000e+02 2.535988543184316484e+02
8.830000000000000000e+02 2.805955900168752351e+02
8.840000000000000000e+02 2.535856147512417920e+02
8.850000000000000000e+02 2.577773211465711256e+02
8.860000000000000000e+02 2.835712042432116959e+02
8.870000000000000000e+02 2.492242990558172835e+02
8.880000000000000000e+02 2.728069241221452330e+02
8.890000000000000000e+02 2.139477116695818211e+02
8.900000000000000000e+02 2.934027749936768714e+02
8.910000000000000000e+02 2.893902567341865506e+02
8.920000000000000000e+02 2.531412373315770594e+02
8.930000000000000000e+02 -3.187670421292153264e+02
8.940000000000000000e+02 2.760676798484098526e+02
8.950000000000000000e+02 2.471879402578723273e+02
8.960000000000000000e+02 3.000083494767524144e+02
8.970000000000000000e+02 2.406884568747194919e+02
8.980000000000000000e+02 2.320119746857133975e+02
8.990000000000000000e+02 2.254733137457613736e+02
9.000000000000000000e+02 1.209757265292221859e+02
9.010000000000000000e+02 2.409029115916732735e+02
9.020000000000000000e+02 2.585124214099789697e+02
9.030000000000000000e+02 1.103731385307767141e+02
9.040000000000000000e+02 2.259701248387694648e+02
9.050000000000000000e+02 3.239787712074780757e+02
9.060000000000000000e+02 2.214572110632358317e+02
9.070000000000000000e+02 -4.162397661780034355e+02
9.080000000000000000e+02 2.906420840337386835e+02
9.090000000000000000e+02 2.581799876289080657e+02
9.100000000000000000e+02 2.917085034434958288e+02
9.110000000000000000e+02 2.734487812245263285e+02
9.120000000000000000e+02 9.744893098161753642e+00
9.130000000000000000e+02 2.120076108032137086e+02
9.140000000000000000e+02 -1.176963801486235184e+01
9.150000000000000000e+02 2.657885407963094622e+02
9.160000000000000000e+02 -3.320235646456018230e+02
9.170000000000000000e+02 -4.263047018520113625e+02
9.180000000000000000e+02 -2.615768801590125747e+01
9.190000000000000000e+02 5.908379694802974313e+00
9.200000000000000000e+02 -1.449150954999793726e+02
9.210000000000000000e+02 2.758928478500523624e+02
9.220000000000000000e+02 -9.048875969617131432e+01
9.230000000000000000e+02 2.564433984683878407e+02
9.240000000000000000e+02 -9.398603191367482168e+01
9.250000000000000000e+02 2.775517742305873981e+02
9.260000000000000000e+02 1.880680902205426435e+02
9.270000000000000000e+02 2.224550570807836607e+02
9.280000000000000000e+02 2.361732417601799909e+02
9.290000000000000000e+02 2.502750385704892153e+02
9.300000000000000000e+02 2.920964063140741587e+02
9.310000000000000000e+02 1.460181400674998713e+02
9.320000000000000000e+02 -7.281717442942640162e+01
9.330000000000000000e+02 2.836283963384499884e+02
9.340000000000000000e+02 2.456323216952831103e+02
9.350000000000000000e+02 2.743633693650812120e+02
9.360000000000000000e+02 2.605887699073284693e+02
9.370000000000000000e+02 1.510226537317436453e+02
9.380000000000000000e+02 2.632742144847410941e+02
9.390000000000000000e+02 2.731607058525277125e+02
9.400000000000000000e+02 -2.956842405011869914e+02
9.410000000000000000e+02 3.058285783960531035e+02
9.420000000000000000e+02 2.836000188160426774e+02
9.430000000000000000e+02 1.773237944733241989e+02
9.440000000000000000e+02 2.684462901521878280e+02
9.450000000000000000e+02 2.278233208361504580e+02
9.460000000000000000e+02 3.826112607312566638e+01
9.470000000000000000e+02 2.284735858692016848e+02
9.480000000000000000e+02 2.747462720641465239e+02
9.490000000000000000e+02 2.577262325953694244e+02
9.500000000000000000e+02 2.557413358431799963e+02
9.510000000000000000e+02 2.625685684189536460e+02
9.520000000000000000e+02 -1.990593555402141988e+02
9.530000000000000000e+02 2.652948799034439276e+02
9.540000000000000000e+02 2.795954971817482146e+02
9.550000000000000000e+02 2.726060700786306370e+02
9.560000000000000000e+02 2.666516453976131515e+02
9.570000000000000000e+02 -2.213967237059443960e+01
9.580000000000000000e+02 2.827079091360191114e+02
9.590000000000000000e+02 2.522783640995100995e+02
9.600000000000000000e+02 -3.511294974459052298e+01
9.610000000000000000e+02 -3.908683724269294544e+02
9.620000000000000000e+02 -4.370515834920531120e+02
9.630000000000000000e+02 -2.999419680613681294e+02
9.640000000000000000e+02 2.761095191225832650e+02
9.650000000000000000e+02 2.299639913782997667e+02
9.660000000000000000e+02 1.968117417984872759e+02
9.670000000000000000e+02 2.779925957881570753e+02
9.680000000000000000e+02 -2.577681067786585345e+01
9.690000000000000000e+02 2.388865428525159302e+02
9.700000000000000000e+02 2.305055935888494503e+02
9.710000000000000000e+02 2.448038560836091051e+02
9.720000000000000000e+02 2.386704997055302044e+02
9.730000000000000000e+02 2.425256972503039776e+02
9.740000000000000000e+02 2.723026835412330229e+02
9.750000000000000000e+02 2.128720159436959136e+02
9.760000000000000000e+02 2.442321654422756296e+02
9.770000000000000000e+02 2.588654663625163153e+02
9.780000000000000000e+02 2.808403850313426346e+02
9.790000000000000000e+02 2.180413425422685236e+02
9.800000000000000000e+02 2.503583815049911152e+02
9.810000000000000000e+02 -7.844110272118879834e+01
9.820000000000000000e+02 2.418061838675853323e+02
9.830000000000000000e+02 2.933703127981046919e+02
9.840000000000000000e+02 2.531449683799941113e+02
9.850000000000000000e+02 2.489903776387826895e+02
9.860000000000000000e+02 2.496994572851353951e+02
9.870000000000000000e+02 2.764243088435658819e+02
9.880000000000000000e+02 2.383684412672122619e+02
9.890000000000000000e+02 2.314682679665839942e+02
9.900000000000000000e+02 2.316053220015960505e+02
9.910000000000000000e+02 2.987386087630314933e+02
9.920000000000000000e+02 3.270412751838725285e+01
9.930000000000000000e+02 2.596763829388139584e+02
9.940000000000000000e+02 2.361994022522708292e+01
9.950000000000000000e+02 2.569283787297266031e+02
9.960000000000000000e+02 3.106254125847988234e+02
9.970000000000000000e+02 2.572236180902206115e+02
9.980000000000000000e+02 2.345789571684152577e+02
9.990000000000000000e+02 2.420466824639848937e+02
