0.000000000000000000e+00 -2.388706317681696305e+02
1.000000000000000000e+00 -3.517363917296015643e+02
2.000000000000000000e+00 -4.956562647146710674e+02
3.000000000000000000e+00 -2.208364582641042375e+02
4.000000000000000000e+00 -2.803374524872703546e+02
5.000000000000000000e+00 -6.503176095127113854e+01
6.000000000000000000e+00 -4.420091316671173445e+02
7.000000000000000000e+00 -4.948766916319049756e+02
8.000000000000000000e+00 -4.636796359419922169e+02
9.000000000000000000e+00 -5.375408025408985395e+02
1.000000000000000000e+01 -2.303433701382302559e+02
1.100000000000000000e+01 -4.384245396448173437e+02
1.200000000000000000e+01 -4.840240094212807662e+02
1.300000000000000000e+01 -8.702014479623679222e+01
1.400000000000000000e+01 -4.570038016807006898e+02
1.500000000000000000e+01 -6.708014550361643558e+01
1.600000000000000000e+01 -2.918098577662796060e+02
1.700000000000000000e+01 -5.660471727188864861e+02
1.800000000000000000e+01 -1.038947629424601047e+02
1.900000000000000000e+01 -3.635613741952217310e+02
2.000000000000000000e+01 -3.428937006893280568e+02
2.100000000000000000e+01 -3.731832610328141868e+02
2.200000000000000000e+01 -5.496914331585256832e+02
2.300000000000000000e+01 -3.986741625288948399e+02
2.400000000000000000e+01 -4.918231595578067186e+02
2.500000000000000000e+01 -2.546711907846864165e+02
2.600000000000000000e+01 -1.667368705996125300e+02
2.700000000000000000e+01 -2.792277811413285349e+02
2.800000000000000000e+01 -3.873313482730576425e+02
2.900000000000000000e+01 -3.047482364871597724e+02
3.000000000000000000e+01 -1.468956618244422998e+02
3.100000000000000000e+01 -4.755715005001460440e+02
3.200000000000000000e+01 -2.902967136328931019e+02
3.300000000000000000e+01 -5.842539043930976561e+01
3.400000000000000000e+01 -4.791681050246344853e+02
3.500000000000000000e+01 -3.790918900379795673e+02
3.600000000000000000e+01 -5.256019366872527598e+01
3.700000000000000000e+01 -3.714846135543776313e+02
3.800000000000000000e+01 -1.909712532112589543e+02
3.900000000000000000e+01 -5.244678826552111559e+02
4.000000000000000000e+01 -6.130219210841062250e+02
4.100000000000000000e+01 -1.015992041521073901e+02
4.200000000000000000e+01 -1.554863252413496753e+02
4.300000000000000000e+01 -2.326282429984680675e+02
4.400000000000000000e+01 -2.311763554374977616e+02
4.500000000000000000e+01 -2.113268063884736989e+02
4.600000000000000000e+01 -1.764491716534759576e+02
4.700000000000000000e+01 -2.954866850726628513e+01
4.800000000000000000e+01 -3.719652978923162436e+02
4.900000000000000000e+01 -1.640730751721345086e+02
5.000000000000000000e+01 4.084791839434771532e+00
5.100000000000000000e+01 -1.054636949885599222e+02
5.200000000000000000e+01 -5.074283735442723753e+01
5.300000000000000000e+01 -5.493030360875405904e+02
5.400000000000000000e+01 -4.154896346294160594e+02
5.500000000000000000e+01 -2.174459654608692176e+02
5.600000000000000000e+01 -1.513199172746827230e+02
5.700000000000000000e+01 -3.282670301815706182e+01
5.800000000000000000e+01 -1.500503585907237607e+02
5.900000000000000000e+01 -3.360076061689567268e+02
6.000000000000000000e+01 -8.499626957720386145e+01
6.100000000000000000e+01 -8.356929699510629916e+00
6.200000000000000000e+01 -8.311064579271433672e+01
6.300000000000000000e+01 -4.289783756476290364e+02
6.400000000000000000e+01 -9.246139161097973158e+01
6.500000000000000000e+01 -1.010967952348596981e+02
6.600000000000000000e+01 -5.204180950835488773e+01
6.700000000000000000e+01 -2.144401087439244691e+01
6.800000000000000000e+01 -9.080071052553189759e+01
6.900000000000000000e+01 -3.458192116393543074e+02
7.000000000000000000e+01 -4.748997132970369250e+01
7.100000000000000000e+01 3.458976304962007475e+00
7.200000000000000000e+01 -1.008655202510230851e+02
7.300000000000000000e+01 -2.875224253003908359e+01
7.400000000000000000e+01 -1.931730009068700156e+02
7.500000000000000000e+01 -1.154840774752413779e+01
7.600000000000000000e+01 -2.093582947655053772e+01
7.700000000000000000e+01 4.734588629427634032e+00
7.800000000000000000e+01 -2.067841197820950185e+02
7.900000000000000000e+01 -5.706204208431310576e+01
8.000000000000000000e+01 -1.772129258238776401e+02
8.100000000000000000e+01 -1.868215382053344058e+02
8.200000000000000000e+01 -2.254726529831174275e+01
8.300000000000000000e+01 -6.606837502303477550e+00
8.400000000000000000e+01 1.838939374496642642e+01
8.500000000000000000e+01 -3.744117378755718164e+02
8.600000000000000000e+01 -5.977369078830299998e+01
8.700000000000000000e+01 -3.736129102752435927e+01
8.800000000000000000e+01 -3.418404993121902180e+01
8.900000000000000000e+01 -1.873799815701045191e+02
9.000000000000000000e+01 -8.006617482667024888e+01
9.100000000000000000e+01 -2.547427875051355954e+02
9.200000000000000000e+01 -1.433071269922075430e+02
9.300000000000000000e+01 -1.180719125138192851e+02
9.400000000000000000e+01 -1.048768817825807815e+02
9.500000000000000000e+01 -1.129642680297979211e+02
9.600000000000000000e+01 -5.604698298953944402e+01
9.700000000000000000e+01 4.924405472206296963e+01
9.800000000000000000e+01 -8.011655783720188140e+01
9.900000000000000000e+01 3.672457065966864320e+01
1.000000000000000000e+02 -5.847287011485929042e+01
1.010000000000000000e+02 -9.839805664952666575e+01
1.020000000000000000e+02 -5.091225801695416635e+02
1.030000000000000000e+02 -2.045730998511260168e+00
1.040000000000000000e+02 -1.340550295317189011e+02
1.050000000000000000e+02 -5.962721632130556060e+01
1.060000000000000000e+02 -7.948061319414586023e+01
1.070000000000000000e+02 -1.280833594429946345e+02
1.080000000000000000e+02 3.425928300435640494e+01
1.090000000000000000e+02 -1.192857538213757351e+02
1.100000000000000000e+02 -4.712943121240992355e+02
1.110000000000000000e+02 -1.427445635929862249e+02
1.120000000000000000e+02 -3.007631806363343685e+02
1.130000000000000000e+02 -2.418135686320081845e+02
1.140000000000000000e+02 1.547550252095992107e+01
1.150000000000000000e+02 -1.492026945033380798e+02
1.160000000000000000e+02 -1.738130724186168550e+02
1.170000000000000000e+02 1.322878704074397227e+00
1.180000000000000000e+02 -8.080288436417500009e+01
1.190000000000000000e+02 -1.229615961340400361e+02
1.200000000000000000e+02 -1.749650199418205148e+02
1.210000000000000000e+02 -1.375473439347669000e+02
1.220000000000000000e+02 -8.331249754465773094e+00
1.230000000000000000e+02 -9.571854696030031917e+00
1.240000000000000000e+02 -1.204858244347356759e+02
1.250000000000000000e+02 3.732564474096540152e+01
1.260000000000000000e+02 -2.480608258936272534e+02
1.270000000000000000e+02 -3.831849054263756216e-01
1.280000000000000000e+02 3.208288665531659944e+01
1.290000000000000000e+02 2.067696878617321943e+01
1.300000000000000000e+02 -2.183334767642161864e+02
1.310000000000000000e+02 -8.375647472570716445e+01
1.320000000000000000e+02 -3.652062719792529322e+01
1.330000000000000000e+02 -4.661635315512720723e+01
1.340000000000000000e+02 -2.039394152816102235e+02
1.350000000000000000e+02 1.193436136830728955e+01
1.360000000000000000e+02 -1.800453742433500679e+02
1.370000000000000000e+02 3.632653453376342867e+01
1.380000000000000000e+02 -6.830739062361198322e+00
1.390000000000000000e+02 -6.825852606688103208e+01
1.400000000000000000e+02 -8.204618654549694412e+00
1.410000000000000000e+02 1.020641513804388056e+00
1.420000000000000000e+02 -2.055783369944028394e+01
1.430000000000000000e+02 4.738330954034079667e+01
1.440000000000000000e+02 2.011145895935430872e+01
1.450000000000000000e+02 1.690081051467500117e+01
1.460000000000000000e+02 -6.190266697064713775e+00
1.470000000000000000e+02 5.811535181260568805e+01
1.480000000000000000e+02 -4.879245804641968220e+00
1.490000000000000000e+02 -6.483948244875561429e+00
1.500000000000000000e+02 3.268912643849135691e+01
1.510000000000000000e+02 1.728467835079642967e+00
1.520000000000000000e+02 -4.805232730492178916e+00
1.530000000000000000e+02 -1.813350640532862599e+02
1.540000000000000000e+02 -5.010393799653166269e+01
1.550000000000000000e+02 -2.324569992384902051e+01
1.560000000000000000e+02 2.216333744883165124e+01
1.570000000000000000e+02 1.267581855758506038e+01
1.580000000000000000e+02 3.203500596173245185e+01
1.590000000000000000e+02 -8.304297572016803031e+01
1.600000000000000000e+02 4.383313858596052626e+01
1.610000000000000000e+02 -1.711288996008618568e+01
1.620000000000000000e+02 -3.707885297437533723e+01
1.630000000000000000e+02 -2.068452378648143508e+01
1.640000000000000000e+02 -1.016573094115793054e+02
1.650000000000000000e+02 -2.664533624568845198e+02
1.660000000000000000e+02 1.956492395032278750e+02
1.670000000000000000e+02 5.762239579973773118e+01
1.680000000000000000e+02 2.105085816625920359e+01
1.690000000000000000e+02 1.389271384269398197e+02
1.700000000000000000e+02 5.158839668295454572e+01
1.710000000000000000e+02 2.834960482164640894e+01
1.720000000000000000e+02 -2.423547185332678282e+02
1.730000000000000000e+02 6.674595078565914719e+01
1.740000000000000000e+02 2.303068076692130006e+01
1.750000000000000000e+02 2.460043378551789033e+02
1.760000000000000000e+02 1.860491589784064104e+01
1.770000000000000000e+02 7.691928468952538367e+01
1.780000000000000000e+02 2.198625166295331042e+02
1.790000000000000000e+02 1.928533461433530078e+02
1.800000000000000000e+02 5.602593141370674346e+01
1.810000000000000000e+02 2.078509982754535201e+01
1.820000000000000000e+02 2.016730637223233202e+02
1.830000000000000000e+02 1.778975671957355758e+02
1.840000000000000000e+02 -2.489149511719940051e+02
1.850000000000000000e+02 -8.198135783522059228e+01
1.860000000000000000e+02 4.765107446938517199e+01
1.870000000000000000e+02 -2.803281606805457500e+02
1.880000000000000000e+02 -2.892375426318840255e+02
1.890000000000000000e+02 -1.503583753116546973e+02
1.900000000000000000e+02 2.298769153413860806e+02
1.910000000000000000e+02 2.078901753332364706e+02
1.920000000000000000e+02 -2.901187710137254072e+01
1.930000000000000000e+02 2.449064796836385938e+02
1.940000000000000000e+02 -1.062038800535637506e+01
1.950000000000000000e+02 2.034205078122338932e+02
1.960000000000000000e+02 7.426840870098602920e+01
1.970000000000000000e+02 -9.113039237520922597e+01
1.980000000000000000e+02 -1.771490293194825938e+01
1.990000000000000000e+02 -2.574121854873905590e+01
2.000000000000000000e+02 1.443861366842511416e+02
2.010000000000000000e+02 8.889047870357541115e+01
2.020000000000000000e+02 1.762303361092329794e+02
2.030000000000000000e+02 1.694431962994070204e+02
2.040000000000000000e+02 1.846701646465226645e+02
2.050000000000000000e+02 6.667048936583056218e+01
2.060000000000000000e+02 1.694221068135036603e+02
2.070000000000000000e+02 -4.310331091689279788e+02
2.080000000000000000e+02 2.512349785314126507e+02
2.090000000000000000e+02 1.838129795027772673e+02
2.100000000000000000e+02 -1.032922382717202794e+02
2.110000000000000000e+02 2.283618457024945201e+02
2.120000000000000000e+02 -5.906109749145230126e+01
2.130000000000000000e+02 6.977911843008222093e+01
2.140000000000000000e+02 -9.527946853081897416e+01
2.150000000000000000e+02 2.063449015649583203e+02
2.160000000000000000e+02 -2.288366225931455489e+01
2.170000000000000000e+02 7.621203286252145404e+01
2.180000000000000000e+02 2.247246559408001190e+02
2.190000000000000000e+02 1.208908164524373916e+02
2.200000000000000000e+02 2.318446790353715699e+02
2.210000000000000000e+02 2.192861145919874275e+02
2.220000000000000000e+02 1.055330661834011323e+02
2.230000000000000000e+02 2.471946037491388495e+02
2.240000000000000000e+02 2.434471928763798303e+02
2.250000000000000000e+02 5.152548985108682089e+00
2.260000000000000000e+02 3.170439652977908551e+01
2.270000000000000000e+02 3.687077331488525545e+01
2.280000000000000000e+02 1.842435422091367059e+01
2.290000000000000000e+02 -1.714821236845853889e+02
2.300000000000000000e+02 -1.401030178812882525e+02
2.310000000000000000e+02 -1.692002385771314721e+02
2.320000000000000000e+02 -3.033681990768138235e+02
2.330000000000000000e+02 1.917408478081613055e+01
2.340000000000000000e+02 -3.901414818557357478e+01
2.350000000000000000e+02 -2.949151908962802793e+01
2.360000000000000000e+02 2.064813155503537132e+02
2.370000000000000000e+02 8.892787316668081132e+01
2.380000000000000000e+02 1.404061366700730957e+02
2.390000000000000000e+02 2.138442313253618181e+02
2.400000000000000000e+02 -2.364432941530097878e+02
2.410000000000000000e+02 8.069423778813151671e+01
2.420000000000000000e+02 -3.304760603425665977e+02
2.430000000000000000e+02 2.438227338846478744e+02
2.440000000000000000e+02 6.005948099353020808e+01
2.450000000000000000e+02 1.760294832437776620e+02
2.460000000000000000e+02 1.998198900314174296e+02
2.470000000000000000e+02 2.653380215630477323e+02
2.480000000000000000e+02 4.983465935768877131e+01
2.490000000000000000e+02 -1.058378856594713966e+02
2.500000000000000000e+02 2.044799779994325775e+02
2.510000000000000000e+02 5.115682810359368915e+01
2.520000000000000000e+02 -1.688317102971365102e+02
2.530000000000000000e+02 3.669563156934729165e+01
2.540000000000000000e+02 1.968296594463161568e+02
2.550000000000000000e+02 1.364201093222110330e+02
2.560000000000000000e+02 2.727916819958529686e+02
2.570000000000000000e+02 2.335898199962463480e+02
2.580000000000000000e+02 7.626261933280551375e+01
2.590000000000000000e+02 -3.527610773961216637e+02
2.600000000000000000e+02 2.536414798894315652e+02
2.610000000000000000e+02 1.900040793939995183e+02
2.620000000000000000e+02 -7.008477431306880590e+01
2.630000000000000000e+02 2.725344844039872214e+02
2.640000000000000000e+02 1.862520194698648766e+02
2.650000000000000000e+02 2.303867336799362704e+02
2.660000000000000000e+02 2.043055917080431527e+02
2.670000000000000000e+02 -2.246693607697511084e+02
2.680000000000000000e+02 2.279959728852812759e+02
2.690000000000000000e+02 2.327993555659169829e+02
2.700000000000000000e+02 5.167266700041794536e+01
2.710000000000000000e+02 3.736337288061870510e+01
2.720000000000000000e+02 -2.887458453698789640e+02
2.730000000000000000e+02 2.272235679586820254e+02
2.740000000000000000e+02 2.916696948235750853e+01
2.750000000000000000e+02 2.734793247781231003e+02
2.760000000000000000e+02 2.254135087509375523e+02
2.770000000000000000e+02 -4.061208240391060258e+02
2.780000000000000000e+02 2.667209473090182428e+02
2.790000000000000000e+02 2.378940850451323001e+02
2.800000000000000000e+02 2.301248172128317151e+02
2.810000000000000000e+02 1.759770864873561891e+02
2.820000000000000000e+02 2.299332459903921233e+02
2.830000000000000000e+02 -1.498691512266894961e+02
2.840000000000000000e+02 2.503018361428179901e+02
2.850000000000000000e+02 2.087643187940985285e+02
2.860000000000000000e+02 2.318989234731866134e+02
2.870000000000000000e+02 2.350289483339379899e+02
2.880000000000000000e+02 2.438936397381584413e+02
2.890000000000000000e+02 2.095330132939031387e+02
2.900000000000000000e+02 2.110453992890977304e+02
2.910000000000000000e+02 2.602588327021124428e+02
2.920000000000000000e+02 2.515925563657319231e+02
2.930000000000000000e+02 2.662228084160418575e+02
2.940000000000000000e+02 -1.637355625867602953e+02
2.950000000000000000e+02 -1.831352582909577222e+02
2.960000000000000000e+02 2.783451952103207532e+02
2.970000000000000000e+02 2.221960330486536179e+02
2.980000000000000000e+02 2.445215916799378135e+02
2.990000000000000000e+02 2.504757611954196079e+02
3.000000000000000000e+02 -1.164141984900511773e+01
3.010000000000000000e+02 1.684819413136254411e+02
3.020000000000000000e+02 2.558630333175055966e+02
3.030000000000000000e+02 2.135747630880320571e+02
3.040000000000000000e+02 1.716019921493641789e+02
3.050000000000000000e+02 2.292166989108439736e+02
3.060000000000000000e+02 2.154742317380315626e+02
3.070000000000000000e+02 -1.147185801847668358e+02
3.080000000000000000e+02 1.915100289024008475e+02
3.090000000000000000e+02 1.818470348602708953e+02
3.100000000000000000e+02 2.132600601683380432e+02
3.110000000000000000e+02 1.962602641242785069e+02
3.120000000000000000e+02 2.308903118724427372e+02
3.130000000000000000e+02 -3.197261128477529155e+02
3.140000000000000000e+02 -7.580190411761633662e+00
3.150000000000000000e+02 2.283817305830784221e+02
3.160000000000000000e+02 2.857834735585662429e+02
3.170000000000000000e+02 2.380565293103982754e+02
3.180000000000000000e+02 2.328890856683440234e+02
3.190000000000000000e+02 -2.680091525238953665e+01
3.200000000000000000e+02 1.200319343617531729e+02
3.210000000000000000e+02 2.497607980514699761e+02
3.220000000000000000e+02 2.065433481240593494e+02
3.230000000000000000e+02 1.915069202676278053e+02
3.240000000000000000e+02 -9.465025632040017456e+00
3.250000000000000000e+02 -2.781701149908052457e+02
3.260000000000000000e+02 1.627195499722076590e+02
3.270000000000000000e+02 -9.552293910794870158e+01
3.280000000000000000e+02 2.168732627986402974e+02
3.290000000000000000e+02 2.217240310029363286e+02
3.300000000000000000e+02 -1.089995363095206073e+02
3.310000000000000000e+02 -5.535236786966524392e+01
3.320000000000000000e+02 -2.457025023085187456e+02
3.330000000000000000e+02 2.641685401776187518e+02
3.340000000000000000e+02 -1.192793294058214428e+02
3.350000000000000000e+02 -2.338583092983935785e+01
3.360000000000000000e+02 3.946752981248331338e+01
3.370000000000000000e+02 -4.092103942687970886e+01
3.380000000000000000e+02 4.525214940477077619e+01
3.390000000000000000e+02 2.827799737575903691e+02
3.400000000000000000e+02 -1.557604543253211773e+02
3.410000000000000000e+02 -2.112024519152981838e+01
3.420000000000000000e+02 2.914453284433182603e+02
3.430000000000000000e+02 -4.160342153824935707e+01
3.440000000000000000e+02 2.120381272056819171e+02
3.450000000000000000e+02 1.920978851193151797e+02
3.460000000000000000e+02 -9.220781010552535406e+01
3.470000000000000000e+02 -6.780079056263905102e+01
3.480000000000000000e+02 -1.479183654403354922e+02
3.490000000000000000e+02 -5.911625376095732065e+01
3.500000000000000000e+02 -2.014411054226730755e+02
3.510000000000000000e+02 1.932784971227816868e+02
3.520000000000000000e+02 1.878114166790602724e+02
3.530000000000000000e+02 1.405858294811110909e+00
3.540000000000000000e+02 2.072682290959251645e+02
3.550000000000000000e+02 -5.494320003140923347e+01
3.560000000000000000e+02 2.555278125857370526e+02
3.570000000000000000e+02 1.887049483263562593e+02
3.580000000000000000e+02 2.054048822895884996e+02
3.590000000000000000e+02 1.430828335747299889e+02
3.600000000000000000e+02 2.753585321047668799e+02
3.610000000000000000e+02 2.037094256131667009e+02
3.620000000000000000e+02 -6.423016756789681949e+02
3.630000000000000000e+02 -1.787943794681625889e+02
3.640000000000000000e+02 1.160005916928129750e+02
3.650000000000000000e+02 -9.218174471876977805e+00
3.660000000000000000e+02 1.597010032263183916e+02
3.670000000000000000e+02 -5.146758432130349092e+02
3.680000000000000000e+02 2.499868135691203292e+02
3.690000000000000000e+02 3.062761346815584602e+02
3.700000000000000000e+02 2.254548553376260429e+02
3.710000000000000000e+02 1.741044821129411275e+02
3.720000000000000000e+02 -6.454942534767043583e+01
3.730000000000000000e+02 2.488659447418561399e+02
3.740000000000000000e+02 2.440434079248882995e+02
3.750000000000000000e+02 5.856260032541825922e+01
3.760000000000000000e+02 2.055979935674763510e+02
3.770000000000000000e+02 2.442431573296990450e+02
3.780000000000000000e+02 -2.671715673993998053e+02
3.790000000000000000e+02 2.235624679513549324e+02
3.800000000000000000e+02 2.411014289619720898e+02
3.810000000000000000e+02 1.698985980527351671e+02
3.820000000000000000e+02 1.979996611378035709e+02
3.830000000000000000e+02 1.886572759802553492e+02
3.840000000000000000e+02 -2.539195341622060198e+02
3.850000000000000000e+02 1.967504505320845851e+02
3.860000000000000000e+02 -5.196689106539588465e+01
3.870000000000000000e+02 2.178495739875489221e+02
3.880000000000000000e+02 2.634952092007522992e+02
3.890000000000000000e+02 2.238316468405773207e+02
3.900000000000000000e+02 2.527204608828337484e+02
3.910000000000000000e+02 -1.043916258644841975e+02
3.920000000000000000e+02 2.588125374940884740e+02
3.930000000000000000e+02 -2.752886431557787716e+01
3.940000000000000000e+02 2.313389209971314529e+02
3.950000000000000000e+02 2.997333232809014589e+02
3.960000000000000000e+02 -1.225908671887603134e+02
3.970000000000000000e+02 -6.007336174031486564e+01
3.980000000000000000e+02 -1.855896752835579377e+01
3.990000000000000000e+02 1.838652180257765281e+02
4.000000000000000000e+02 2.363071461696982851e+02
4.010000000000000000e+02 2.645532263684754639e+02
4.020000000000000000e+02 2.218343818910545338e+02
4.030000000000000000e+02 -7.107410117358689661e+01
4.040000000000000000e+02 -6.605170989370185453e+01
4.050000000000000000e+02 2.701116926923231745e+02
4.060000000000000000e+02 2.331757869787062987e+02
4.070000000000000000e+02 2.385304437673898690e+02
4.080000000000000000e+02 2.829411127883467998e+02
4.090000000000000000e+02 2.842093401249458111e+02
4.100000000000000000e+02 -8.916946018131370977e+01
4.110000000000000000e+02 2.347921680940795000e+02
4.120000000000000000e+02 2.203602647935231005e+02
4.130000000000000000e+02 2.217918682539689144e+02
4.140000000000000000e+02 -1.506370236962548290e+02
4.150000000000000000e+02 -3.037566593683790188e+02
4.160000000000000000e+02 2.691588258913162690e+02
4.170000000000000000e+02 2.525530172199618448e+02
4.180000000000000000e+02 2.450099942734869387e+02
4.190000000000000000e+02 2.516270808328024202e+02
4.200000000000000000e+02 2.694902160325307250e+02
4.210000000000000000e+02 2.005586820382521580e+02
4.220000000000000000e+02 -7.398210959991232016e+01
4.230000000000000000e+02 2.061237526570706962e+02
4.240000000000000000e+02 2.417783930088588988e+02
4.250000000000000000e+02 2.826914215680971552e+02
4.260000000000000000e+02 2.105784294985817269e+02
4.270000000000000000e+02 2.595867873287990051e+02
4.280000000000000000e+02 2.485074838697108248e+02
4.290000000000000000e+02 2.804729457639617749e+02
4.300000000000000000e+02 2.539087659071099381e+02
4.310000000000000000e+02 2.338671109106279005e+02
4.320000000000000000e+02 1.287889752257083558e+02
4.330000000000000000e+02 2.612764703134879483e+02
4.340000000000000000e+02 2.496969635728135302e+02
4.350000000000000000e+02 2.655794853027157956e+02
4.360000000000000000e+02 2.528816925466633450e+02
4.370000000000000000e+02 2.504883365355517810e+02
4.380000000000000000e+02 1.674068386166553069e+02
4.390000000000000000e+02 -1.494001889167194292e+02
4.400000000000000000e+02 -5.528626277856480442e+01
4.410000000000000000e+02 2.580939093826295334e+02
4.420000000000000000e+02 2.863268473859307051e+02
4.430000000000000000e+02 2.597444422649511466e+02
4.440000000000000000e+02 -1.791694794308986047e+02
4.450000000000000000e+02 2.370939269180801148e+02
4.460000000000000000e+02 2.780834620266047068e+02
4.470000000000000000e+02 2.827550466545775407e+02
4.480000000000000000e+02 1.759518372421124468e+02
4.490000000000000000e+02 2.296687392865494246e+02
4.500000000000000000e+02 2.754577472799657585e+02
4.510000000000000000e+02 2.568344483090852464e+02
4.520000000000000000e+02 -7.658665738394833511e+01
4.530000000000000000e+02 2.631539606067449313e+02
4.540000000000000000e+02 -9.540905951628748483e+01
4.550000000000000000e+02 1.817165821818725817e+02
4.560000000000000000e+02 2.898688803193272747e+02
4.570000000000000000e+02 2.948075745004599071e+02
4.580000000000000000e+02 1.562031880489668936e+02
4.590000000000000000e+02 2.350470813109149617e+02
4.600000000000000000e+02 2.926787234382789507e+02
4.610000000000000000e+02 2.694275651468781234e+02
4.620000000000000000e+02 1.903492803572832486e+02
4.630000000000000000e+02 2.301639172749261206e+02
4.640000000000000000e+02 2.725277681373947871e+02
4.650000000000000000e+02 2.227560224409783700e+02
4.660000000000000000e+02 2.645279679330479894e+02
4.670000000000000000e+02 2.957573683116995653e+02
4.680000000000000000e+02 2.700183300628874576e+02
4.690000000000000000e+02 9.155684369002459277e+01
4.700000000000000000e+02 -1.452166011285144975e+01
4.710000000000000000e+02 2.747835183476614702e+02
4.720000000000000000e+02 2.491470331913299390e+02
4.730000000000000000e+02 2.709454474122608190e+02
4.740000000000000000e+02 3.379152010643690573e+01
4.750000000000000000e+02 2.546156745638136556e+02
4.760000000000000000e+02 2.668809322022512447e+02
4.770000000000000000e+02 2.683176826855050194e+02
4.780000000000000000e+02 -4.009519643981703894e+02
4.790000000000000000e+02 2.520852700732516212e+02
4.800000000000000000e+02 2.778366346379007155e+02
4.810000000000000000e+02 2.796980606776169225e+02
4.820000000000000000e+02 2.582597221679612858e+02
4.830000000000000000e+02 2.658345532392324344e+02
4.840000000000000000e+02 2.509202998999119245e+02
4.850000000000000000e+02 2.842799118245771979e+02
4.860000000000000000e+02 -2.124881117662498582e+02
4.870000000000000000e+02 2.515991552169425063e+02
4.880000000000000000e+02 2.845755886391541480e+02
4.890000000000000000e+02 2.243860901371697878e+02
4.900000000000000000e+02 6.184247550367953750e+01
4.910000000000000000e+02 2.447027827267095290e+02
4.920000000000000000e+02 1.458243119773740091e+02
4.930000000000000000e+02 2.867613689450499805e+02
4.940000000000000000e+02 2.456789941924613174e+02
4.950000000000000000e+02 2.572144548806938360e+02
4.960000000000000000e+02 4.065333636042439025e+00
4.970000000000000000e+02 -2.711697496696115195e+02
4.980000000000000000e+02 -1.246236076862053324e+02
4.990000000000000000e+02 2.227167041851741658e+02
5.000000000000000000e+02 2.748041363142813793e+02
5.010000000000000000e+02 2.955447244820936703e+02
5.020000000000000000e+02 1.724358568800203102e+02
5.030000000000000000e+02 8.296170739299415686e+01
5.040000000000000000e+02 2.738472963562189761e+02
5.050000000000000000e+02 2.623010218195291827e+02
5.060000000000000000e+02 2.723211860066875545e+01
5.070000000000000000e+02 -6.434048988459311147e+01
5.080000000000000000e+02 2.859342650893834161e+02
5.090000000000000000e+02 7.338595454986170807e+01
5.100000000000000000e+02 1.956701888214413714e+02
5.110000000000000000e+02 2.507036483642854705e+02
5.120000000000000000e+02 2.168265952205105691e+02
5.130000000000000000e+02 2.543603676410338323e+02
5.140000000000000000e+02 3.677826176227512178e-01
5.150000000000000000e+02 2.125515334895080244e+01
5.160000000000000000e+02 2.120248381747034045e+02
5.170000000000000000e+02 -7.339530571027097494e+00
5.180000000000000000e+02 -7.318199814794394342e+01
5.190000000000000000e+02 2.569416733245949445e+02
5.200000000000000000e+02 -3.113261382156409240e+02
5.210000000000000000e+02 2.837861228903985875e+02
5.220000000000000000e+02 3.547954095449537704e+01
5.230000000000000000e+02 -4.300162583912630510e+01
5.240000000000000000e+02 3.052048471195920456e+02
5.250000000000000000e+02 2.835784448361765726e+02
5.260000000000000000e+02 -4.644167905408466481e+02
5.270000000000000000e+02 -4.188205278356452510e+01
5.280000000000000000e+02 3.069746904524004094e+02
5.290000000000000000e+02 2.813761673814654500e+02
5.300000000000000000e+02 2.461633423670637058e+02
5.310000000000000000e+02 2.312761758036339188e+02
5.320000000000000000e+02 -8.722535341611177273e+00
5.330000000000000000e+02 2.544022157827033936e+02
5.340000000000000000e+02 2.823038222640121262e+02
5.350000000000000000e+02 3.072882224325069842e+02
5.360000000000000000e+02 2.705779042586660808e+02
5.370000000000000000e+02 2.578406196313202372e+02
5.380000000000000000e+02 2.711305764125923474e+02
5.390000000000000000e+02 2.579164491270114468e+02
5.400000000000000000e+02 2.852423657161486403e+02
5.410000000000000000e+02 -1.515242400075064211e+01
5.420000000000000000e+02 2.752799984985100537e+02
5.430000000000000000e+02 3.044093823048734748e+02
5.440000000000000000e+02 2.629225625772644435e+02
5.450000000000000000e+02 2.045925509920123204e+02
5.460000000000000000e+02 5.846588522741642180e+01
5.470000000000000000e+02 2.566284552309895730e+02
5.480000000000000000e+02 -7.760899074931060682e+00
5.490000000000000000e+02 2.734395780782198244e+02
5.500000000000000000e+02 -5.394649937476523860e+01
5.510000000000000000e+02 3.012234432151082046e+02
5.520000000000000000e+02 2.948046237422113336e+02
5.530000000000000000e+02 -1.883881740891428791e+01
5.540000000000000000e+02 2.311358116194022045e+02
5.550000000000000000e+02 2.628104754972795263e+02
5.560000000000000000e+02 2.682576373748143510e+02
5.570000000000000000e+02 2.494312550383853022e+00
5.580000000000000000e+02 2.813032861485132798e+02
5.590000000000000000e+02 3.096295033142319539e+02
5.600000000000000000e+02 2.773292873407018533e+02
5.610000000000000000e+02 2.868930896806429018e+02
5.620000000000000000e+02 2.545960833866801636e+02
5.630000000000000000e+02 2.762896246739940693e+02
5.640000000000000000e+02 2.823762435473155392e+02
5.650000000000000000e+02 2.615595095245813013e+02
5.660000000000000000e+02 1.045316792296502229e+01
5.670000000000000000e+02 2.216451520320241571e+02
5.680000000000000000e+02 2.433070013336970590e+02
5.690000000000000000e+02 -2.062713062546679339e+02
5.700000000000000000e+02 2.187236339811781249e+02
5.710000000000000000e+02 2.549807425480802294e+02
5.720000000000000000e+02 2.940816908457266550e+02
5.730000000000000000e+02 2.616780787316297392e+02
5.740000000000000000e+02 2.973822017695852082e+01
5.750000000000000000e+02 2.446750818852889040e+02
5.760000000000000000e+02 -2.951075681415026963e+01
5.770000000000000000e+02 -1.295934407561105672e+01
5.780000000000000000e+02 -9.225055040814361007e+01
5.790000000000000000e+02 2.887362988062007503e+02
5.800000000000000000e+02 1.757055135809310400e+02
5.810000000000000000e+02 1.125874483668334420e+02
5.820000000000000000e+02 -6.352642351778096952e+01
5.830000000000000000e+02 -3.465832346181377943e+01
5.840000000000000000e+02 2.352297851799070258e+02
5.850000000000000000e+02 2.634769033274355365e+02
5.860000000000000000e+02 -1.019595965057634714e+02
5.870000000000000000e+02 -4.738138417701077998e+01
5.880000000000000000e+02 1.997710468959681975e+02
5.890000000000000000e+02 2.557275385207522334e+02
5.900000000000000000e+02 2.762689212294015988e+02
5.910000000000000000e+02 2.419810608819129527e+02
5.920000000000000000e+02 2.039307238570106620e+02
5.930000000000000000e+02 2.381816888678606574e+02
5.940000000000000000e+02 -2.952456253663067542e+01
5.950000000000000000e+02 2.531979930734242146e+01
5.960000000000000000e+02 2.746037446830532076e+02
5.970000000000000000e+02 3.328106134587324050e+01
5.980000000000000000e+02 2.890376001078919330e+02
5.990000000000000000e+02 -2.724618723545459886e+01
6.000000000000000000e+02 2.464728919182131790e+02
6.010000000000000000e+02 2.407997462407840317e+02
6.020000000000000000e+02 5.097102660061570134e+01
6.030000000000000000e+02 2.851462117967646464e+02
6.040000000000000000e+02 2.578187267947846522e+02
6.050000000000000000e+02 2.593415583633034203e+02
6.060000000000000000e+02 2.525296492439716758e+02
6.070000000000000000e+02 3.015986863268128104e+02
6.080000000000000000e+02 2.438377320814906568e+02
6.090000000000000000e+02 2.401896954476527810e+02
6.100000000000000000e+02 2.414143170860346856e+02
6.110000000000000000e+02 2.487900434535321494e+02
6.120000000000000000e+02 2.646137131660752857e+02
6.130000000000000000e+02 2.711159906999747591e+02
6.140000000000000000e+02 3.217932242568859920e+02
6.150000000000000000e+02 2.571388795902913671e+02
6.160000000000000000e+02 2.798263296777494133e+02
6.170000000000000000e+02 2.255736206625751379e+02
6.180000000000000000e+02 2.394218838795998465e+02
6.190000000000000000e+02 2.286018446498927688e+02
6.200000000000000000e+02 1.801317784149515262e+02
6.210000000000000000e+02 2.696463381044720222e+02
6.220000000000000000e+02 2.420899196326113270e+02
6.230000000000000000e+02 2.500474747741608894e+02
6.240000000000000000e+02 2.183799415897607332e+02
6.250000000000000000e+02 -8.760801338124463200e+01
6.260000000000000000e+02 2.832273294538124446e+02
6.270000000000000000e+02 2.442475579853389149e+02
6.280000000000000000e+02 -2.340143595479622149e+02
6.290000000000000000e+02 -6.397408895641073912e+01
6.300000000000000000e+02 2.824701158177030038e+02
6.310000000000000000e+02 1.528375410468269422e+02
6.320000000000000000e+02 2.416338021317639004e+02
6.330000000000000000e+02 2.898978523835268106e+02
6.340000000000000000e+02 2.321427124053276145e+02
6.350000000000000000e+02 2.628281767297631859e+02
6.360000000000000000e+02 2.005960378081742306e+02
6.370000000000000000e+02 2.436476286270664104e+02
6.380000000000000000e+02 -4.425777627131407712e+02
6.390000000000000000e+02 4.969872465711199538e+01
6.400000000000000000e+02 5.943547097172071858e+00
6.410000000000000000e+02 2.426632890527079098e+02
6.420000000000000000e+02 2.598420896790514121e+02
6.430000000000000000e+02 -5.062571831492017509e+02
6.440000000000000000e+02 2.311111483263768775e+02
6.450000000000000000e+02 2.602098859607638701e+02
6.460000000000000000e+02 2.286426129291738789e+02
6.470000000000000000e+02 2.437681776288371225e+02
6.480000000000000000e+02 2.824168662959951348e+02
6.490000000000000000e+02 3.136535094563612347e+01
6.500000000000000000e+02 1.753518676822798739e+01
6.510000000000000000e+02 2.399308144975972255e+02
6.520000000000000000e+02 1.903370613449830842e+02
6.530000000000000000e+02 8.649744223871014981e+01
6.540000000000000000e+02 1.810335743144599974e+02
6.550000000000000000e+02 2.624553340333822007e+02
6.560000000000000000e+02 2.946214318090146662e+02
6.570000000000000000e+02 2.494553563317529665e+02
6.580000000000000000e+02 2.715610012157382016e+02
6.590000000000000000e+02 2.686809973152792850e+02
6.600000000000000000e+02 1.385122980108316142e+02
6.610000000000000000e+02 2.566581693853474917e+02
6.620000000000000000e+02 2.644064417262944744e+02
6.630000000000000000e+02 2.598317182536810606e+02
6.640000000000000000e+02 2.664826898022894284e+02
6.650000000000000000e+02 -2.063725787957252464e+02
6.660000000000000000e+02 1.722350451288814668e+02
6.670000000000000000e+02 2.427712435767481622e+02
6.680000000000000000e+02 2.519738404399652723e+02
6.690000000000000000e+02 2.200884819410561022e+02
6.700000000000000000e+02 -2.989451222450394994e+02
6.710000000000000000e+02 2.516457632372511171e+02
6.720000000000000000e+02 2.438919347900515220e+02
6.730000000000000000e+02 2.549704256460343004e+02
6.740000000000000000e+02 4.661518207632298072e+00
6.750000000000000000e+02 -1.582467548491941898e+02
6.760000000000000000e+02 2.414504895988552846e+02
6.770000000000000000e+02 1.127956284474491042e+02
6.780000000000000000e+02 3.060854873052254561e+02
6.790000000000000000e+02 2.470799121526434874e+02
6.800000000000000000e+02 -2.657156030566098934e+02
6.810000000000000000e+02 1.977242178181933809e+02
6.820000000000000000e+02 2.757012264950307099e+02
6.830000000000000000e+02 2.355818207721247290e+02
6.840000000000000000e+02 2.377003606685531167e+02
6.850000000000000000e+02 1.845889648468910309e+02
6.860000000000000000e+02 3.826292679364402005e+01
6.870000000000000000e+02 -3.629958643304892263e+01
6.880000000000000000e+02 2.826087375861759483e+02
6.890000000000000000e+02 1.337385904283075035e+02
6.900000000000000000e+02 2.621124677469205722e+02
6.910000000000000000e+02 1.864134844378943399e+02
6.920000000000000000e+02 9.330445530658550979e+00
6.930000000000000000e+02 3.093119387777717293e+02
6.940000000000000000e+02 -4.142321305326325387e+01
6.950000000000000000e+02 2.623428628421377198e+02
6.960000000000000000e+02 2.786087052853787895e+02
6.970000000000000000e+02 2.580432493918957562e+02
6.980000000000000000e+02 2.896253404483951499e+02
6.990000000000000000e+02 -2.227441994578559559e+01
7.000000000000000000e+02 1.809650299718074962e+02
7.010000000000000000e+02 1.432659719224599542e+02
7.020000000000000000e+02 3.937726623395325021e+01
7.030000000000000000e+02 2.638671291542900690e+02
7.040000000000000000e+02 2.797112472901504816e+02
7.050000000000000000e+02 2.612550963701251021e+02
7.060000000000000000e+02 -2.768490839500948653e+01
7.070000000000000000e+02 2.779042664773610340e+02
7.080000000000000000e+02 -6.847207275719506470e+01
7.090000000000000000e+02 2.724487339778274304e+02
7.100000000000000000e+02 -1.089303973982578100e+02
7.110000000000000000e+02 1.446534440845357494e+01
7.120000000000000000e+02 2.598669174924197591e+02
7.130000000000000000e+02 -1.937515160532895209e+01
7.140000000000000000e+02 2.504230477430557187e+02
7.150000000000000000e+02 2.008937162513667545e+02
7.160000000000000000e+02 2.903315861262867656e+02
7.170000000000000000e+02 2.879647597565915476e+02
7.180000000000000000e+02 1.604570151057643557e+02
7.190000000000000000e+02 -1.125503137499520250e+02
7.200000000000000000e+02 2.922340594818827526e+02
7.210000000000000000e+02 2.632705183013490569e+02
7.220000000000000000e+02 2.543298056099162068e+02
7.230000000000000000e+02 2.775210335986021164e+02
7.240000000000000000e+02 2.692984903680221578e+02
7.250000000000000000e+02 -2.370602055581689172e+01
7.260000000000000000e+02 -4.562538495968730956e+01
7.270000000000000000e+02 2.465729990559364353e+02
7.280000000000000000e+02 2.293917153049081321e+02
7.290000000000000000e+02 2.729565540235900016e+02
7.300000000000000000e+02 -9.375645319687137658e+00
7.310000000000000000e+02 2.576176285360036218e+02
7.320000000000000000e+02 2.458877895010303689e+02
7.330000000000000000e+02 1.344424434466264415e+02
7.340000000000000000e+02 2.325383995950592180e+02
7.350000000000000000e+02 -7.079822712083264946e+01
7.360000000000000000e+02 -1.240570176423190674e+00
7.370000000000000000e+02 2.771928135177782906e+02
7.380000000000000000e+02 2.831199645436620358e+02
7.390000000000000000e+02 2.160759468115621189e+02
7.400000000000000000e+02 2.768169069873463286e+02
7.410000000000000000e+02 2.898381120665110302e+02
7.420000000000000000e+02 2.799882978674762626e+02
7.430000000000000000e+02 5.520005060370171890e+01
7.440000000000000000e+02 2.273972945845487175e+02
7.450000000000000000e+02 2.785709960644739454e+02
7.460000000000000000e+02 2.513332204412295994e+02
7.470000000000000000e+02 2.473019163280453085e+02
7.480000000000000000e+02 2.439658822782800200e+02
7.490000000000000000e+02 2.892073914533298193e+02
7.500000000000000000e+02 2.417356192861008424e+02
7.510000000000000000e+02 -8.601654078951081317e+01
7.520000000000000000e+02 2.527281420584909029e+02
7.530000000000000000e+02 -6.797522420040994007e+01
7.540000000000000000e+02 2.193625968775934325e+02
7.550000000000000000e+02 1.879345946760406605e+02
7.560000000000000000e+02 2.789674538242362019e+02
7.570000000000000000e+02 2.695657521359559610e+02
7.580000000000000000e+02 2.409328649623035119e+02
7.590000000000000000e+02 2.678412072423392942e+02
7.600000000000000000e+02 2.436023329489284208e+02
7.610000000000000000e+02 2.874692507224697238e+02
7.620000000000000000e+02 2.274605190179810279e+02
7.630000000000000000e+02 2.689772645014351156e+02
7.640000000000000000e+02 2.517307091878197411e+02
7.650000000000000000e+02 3.028659219953547108e+02
7.660000000000000000e+02 -1.673758645017522326e+02
7.670000000000000000e+02 2.680569484183899363e+02
7.680000000000000000e+02 2.457396999662301198e+02
7.690000000000000000e+02 2.407325013222977930e+02
7.700000000000000000e+02 2.975245363527308200e+02
7.710000000000000000e+02 4.504567342187954182e+01
7.720000000000000000e+02 3.011260897308199560e+02
7.730000000000000000e+02 2.757796843137755900e+02
7.740000000000000000e+02 2.553155792794804597e+02
7.750000000000000000e+02 2.654894444929454949e+02
7.760000000000000000e+02 2.598748831357124800e+02
7.770000000000000000e+02 2.153530494308569132e+02
7.780000000000000000e+02 2.690761393926701430e+02
7.790000000000000000e+02 2.802943957081204758e+02
7.800000000000000000e+02 2.877097708401479395e+02
7.810000000000000000e+02 2.916439963609607275e+02
7.820000000000000000e+02 1.822354023466789954e+02
7.830000000000000000e+02 2.771234797705877781e+02
7.840000000000000000e+02 2.677513224195622570e+02
7.850000000000000000e+02 1.494975256798027772e+02
7.860000000000000000e+02 2.751985777234760917e+02
7.870000000000000000e+02 2.641737458732461050e+02
7.880000000000000000e+02 2.879962794579217871e+02
7.890000000000000000e+02 2.497612340022196804e+02
7.900000000000000000e+02 2.828342849713394571e+02
7.910000000000000000e+02 2.714968489772990097e+02
7.920000000000000000e+02 2.147369480147073091e+02
7.930000000000000000e+02 2.647102978767870809e+02
7.940000000000000000e+02 2.505521759616695761e+02
7.950000000000000000e+02 2.403711379746149817e+02
7.960000000000000000e+02 2.827342886729513793e+02
7.970000000000000000e+02 2.588175256023738484e+02
7.980000000000000000e+02 3.033644559293777547e+02
7.990000000000000000e+02 2.802301462447966856e+02
8.000000000000000000e+02 1.781900232555569232e+02
8.010000000000000000e+02 1.260897331991468349e+02
8.020000000000000000e+02 -3.138655508949730120e+02
8.030000000000000000e+02 2.424009814633413100e+02
8.040000000000000000e+02 2.648928422979433890e+02
8.050000000000000000e+02 2.578819582114959985e+02
8.060000000000000000e+02 2.768154705616755109e+02
8.070000000000000000e+02 2.734510501778422622e+02
8.080000000000000000e+02 2.682461964660037665e+02
8.090000000000000000e+02 2.750055438805195536e+02
8.100000000000000000e+02 2.879293709239080954e+02
8.110000000000000000e+02 2.802241936872312067e+02
8.120000000000000000e+02 2.571467298977754581e+02
8.130000000000000000e+02 1.995927214149282634e+02
8.140000000000000000e+02 2.748212810156476280e+02
8.150000000000000000e+02 2.683444344644138937e+02
8.160000000000000000e+02 2.358824106208699334e+02
8.170000000000000000e+02 1.962744481764340776e+02
8.180000000000000000e+02 2.582870631902686682e+02
8.190000000000000000e+02 2.502879318490572871e+02
8.200000000000000000e+02 2.520903303121009458e+02
8.210000000000000000e+02 2.489623392068372709e+02
8.220000000000000000e+02 1.308334258902329452e+02
8.230000000000000000e+02 2.282152191929606886e+02
8.240000000000000000e+02 -5.081676891746008096e+01
8.250000000000000000e+02 2.159790659028283812e+02
8.260000000000000000e+02 2.866086277711564207e+02
8.270000000000000000e+02 2.890666302341256966e+01
8.280000000000000000e+02 2.698572886289836106e+02
8.290000000000000000e+02 2.728338412226424907e+02
8.300000000000000000e+02 1.711653367452762495e+02
8.310000000000000000e+02 2.006501414606436242e+02
8.320000000000000000e+02 2.555885007063390333e+02
8.330000000000000000e+02 3.067607469730381808e+02
8.340000000000000000e+02 2.941185397795782706e+02
8.350000000000000000e+02 2.251160081835108713e+02
8.360000000000000000e+02 2.388812686635216380e+02
8.370000000000000000e+02 2.791278480783951750e+02
8.380000000000000000e+02 2.421536550580565859e+02
8.390000000000000000e+02 2.670879059963907594e+02
8.400000000000000000e+02 1.770040957763539495e+02
8.410000000000000000e+02 2.124724186969605739e+02
8.420000000000000000e+02 2.404699275301442754e+02
8.430000000000000000e+02 2.766401191677939551e+02
8.440000000000000000e+02 2.673008642028422628e+02
8.450000000000000000e+02 1.695383717094042026e+02
8.460000000000000000e+02 2.745119962306281423e+02
8.470000000000000000e+02 2.891149082513880444e+02
8.480000000000000000e+02 2.212586827634552833e+02
8.490000000000000000e+02 2.636883119107307039e+02
8.500000000000000000e+02 2.780079903185837793e+02
8.510000000000000000e+02 2.835110922912518845e+02
8.520000000000000000e+02 2.286625988329602137e+02
8.530000000000000000e+02 2.692567917445156809e+02
8.540000000000000000e+02 2.315967519488287110e+02
8.550000000000000000e+02 2.531069087452523263e+02
8.560000000000000000e+02 2.745166265264541607e+02
8.570000000000000000e+02 2.247922027006670191e+02
8.580000000000000000e+02 -1.614759694056056105e+02
8.590000000000000000e+02 2.916219709882673783e+02
8.600000000000000000e+02 2.518322294740797815e+02
8.610000000000000000e+02 1.033412846788064456e+02
8.620000000000000000e+02 2.077960979392280478e+02
8.630000000000000000e+02 2.943393979919701451e+02
8.640000000000000000e+02 2.859554328153300276e+02
8.650000000000000000e+02 -6.751337198205786194e+01
8.660000000000000000e+02 2.468568515739623876e+02
8.670000000000000000e+02 -5.436404575223552911e+02
8.680000000000000000e+02 2.370922575785025685e+02
8.690000000000000000e+02 2.169024977899438795e+02
8.700000000000000000e+02 1.981054330444376035e+02
8.710000000000000000e+02 2.122888894024972899e+02
8.720000000000000000e+02 4.655535629873475045e+01
8.730000000000000000e+02 2.233556174924281095e+02
8.740000000000000000e+02 2.429228879039818594e+02
8.750000000000000000e+02 2.588406786172090790e+01
8.760000000000000000e+02 2.608627325113138795e+02
8.770000000000000000e+02 2.279744522106089022e+01
8.780000000000000000e+02 2.714591855865961634e+02
8.790000000000000000e+02 2.730030244379805708e+02
8.800000000000000000e+02 2.641146037536893800e+02
8.810000000000000000e+02 2.493160202477646976e+02
8.820000000000000000e+02 2.736669413797189918e+02
8.830000000000000000e+02 -1.414117936096484129e+02
8.840000000000000000e+02 2.522360762334537867e+02
8.850000000000000000e+02 2.236664645429163443e+02
8.860000000000000000e+02 2.808789918744313354e+02
8.870000000000000000e+02 1.710673346410422937e+02
8.880000000000000000e+02 -1.372688382802618037e+02
8.890000000000000000e+02 1.457107014847458402e+02
8.900000000000000000e+02 -2.410190078737175554e+02
8.910000000000000000e+02 2.590893626607092983e+02
8.920000000000000000e+02 2.442424904282623004e+02
8.930000000000000000e+02 2.673007159461585616e+02
8.940000000000000000e+02 2.205540471143950754e+02
8.950000000000000000e+02 2.391088177822855698e+02
8.960000000000000000e+02 2.693904182845512878e+02
8.970000000000000000e+02 2.668455612763128784e+02
8.980000000000000000e+02 2.428351072616144393e+02
8.990000000000000000e+02 1.770742775547378471e+02
9.000000000000000000e+02 2.891800587995132901e+02
9.010000000000000000e+02 2.464158372125790777e+02
9.020000000000000000e+02 2.388401543881361988e+02
9.030000000000000000e+02 1.340936131020555422e+01
9.040000000000000000e+02 2.968256384237450902e+02
9.050000000000000000e+02 2.664688370412889071e+02
9.060000000000000000e+02 2.440638374060188767e+02
9.070000000000000000e+02 2.534737152148067878e+02
9.080000000000000000e+02 2.913346164068910866e+02
9.090000000000000000e+02 2.541630479607191262e+02
9.100000000000000000e+02 2.791763647526913701e+02
9.110000000000000000e+02 -4.754753798905932740e+02
9.120000000000000000e+02 -1.596462511190711098e+02
9.130000000000000000e+02 2.378303539054071791e+02
9.140000000000000000e+02 2.606243530758728753e+02
9.150000000000000000e+02 2.775294385614960220e+02
9.160000000000000000e+02 2.683613561832970049e+02
9.170000000000000000e+02 2.524156930407829975e+02
9.180000000000000000e+02 2.925224020296074627e+02
9.190000000000000000e+02 2.050693650257834690e+02
9.200000000000000000e+02 2.824422546460792773e+02
9.210000000000000000e+02 2.777455912338836015e+02
9.220000000000000000e+02 2.927478110702561480e+02
9.230000000000000000e+02 -3.578423083314547171e+00
9.240000000000000000e+02 2.888960544385766980e+02
9.250000000000000000e+02 2.599479477815648920e+02
9.260000000000000000e+02 2.710034630078872624e+02
9.270000000000000000e+02 3.645549827647289476e+01
9.280000000000000000e+02 2.896265547944815353e+02
9.290000000000000000e+02 2.117070369025906018e+02
9.300000000000000000e+02 2.991229827364497282e+02
9.310000000000000000e+02 2.598087509977336254e+02
9.320000000000000000e+02 2.718595190072621222e+02
9.330000000000000000e+02 -1.094396785225205093e+02
9.340000000000000000e+02 2.694653136002937117e+02
9.350000000000000000e+02 2.794727933183509094e+02
9.360000000000000000e+02 6.004156630262806260e+01
9.370000000000000000e+02 2.635781175316258214e+02
9.380000000000000000e+02 4.470083610430293675e+01
9.390000000000000000e+02 -8.635913180171822034e+01
9.400000000000000000e+02 3.031660005785680596e+02
9.410000000000000000e+02 2.752263875052520348e+02
9.420000000000000000e+02 -1.297746326326764859e+02
9.430000000000000000e+02 2.434616783464956029e+02
9.440000000000000000e+02 2.860251223438693273e+02
9.450000000000000000e+02 2.596927208095543165e+02
9.460000000000000000e+02 2.672523328063798544e+02
9.470000000000000000e+02 -1.147143632188003011e+02
9.480000000000000000e+02 2.415799508688979245e+02
9.490000000000000000e+02 2.685977895384926910e+02
9.500000000000000000e+02 2.652059032478146605e+02
9.510000000000000000e+02 -1.544483037202193998e+01
9.520000000000000000e+02 -5.956306993312127815e+02
9.530000000000000000e+02 1.342309928322245014e+02
9.540000000000000000e+02 2.352906335545292222e+02
9.550000000000000000e+02 -3.357454551070247817e+02
9.560000000000000000e+02 -6.050799558695479163e+02
9.570000000000000000e+02 1.633603958479120877e+01
9.580000000000000000e+02 -2.087902902211239393e+02
9.590000000000000000e+02 2.412216571465712320e+02
9.600000000000000000e+02 -2.532864257154692496e+02
9.610000000000000000e+02 -2.714675422090475649e+02
9.620000000000000000e+02 2.459241025563320591e+02
9.630000000000000000e+02 2.812706177633945117e+02
9.640000000000000000e+02 4.288659695719178444e+01
9.650000000000000000e+02 2.793377864562572768e+02
9.660000000000000000e+02 -5.632621653283692922e+02
9.670000000000000000e+02 -1.426026155930405253e+02
9.680000000000000000e+02 -2.601979373022907112e+02
9.690000000000000000e+02 2.661140693160707542e+02
9.700000000000000000e+02 -6.634560198147408983e+01
9.710000000000000000e+02 -3.696613726927261609e+02
9.720000000000000000e+02 -6.096810739310447502e+01
9.730000000000000000e+02 2.609014769219735399e+02
9.740000000000000000e+02 2.500383917178864692e+02
9.750000000000000000e+02 -1.743617784260080725e+02
9.760000000000000000e+02 2.881046225680391899e+02
9.770000000000000000e+02 2.527034738982005138e+02
9.780000000000000000e+02 -1.698516381584331612e+02
9.790000000000000000e+02 2.820838718337157616e+02
9.800000000000000000e+02 -6.824388616139851820e+02
9.810000000000000000e+02 -4.067917333713392622e+02
9.820000000000000000e+02 -5.400228862582787315e+02
9.830000000000000000e+02 -5.882874944813431739e+02
9.840000000000000000e+02 -5.416296410596874011e+02
9.850000000000000000e+02 2.900530428879696387e+02
9.860000000000000000e+02 -3.079902365577343062e+02
9.870000000000000000e+02 2.790137571798778140e+02
9.880000000000000000e+02 3.936508488134428774e+01
9.890000000000000000e+02 1.998802658296049231e+02
9.900000000000000000e+02 -5.243396522152166739e+01
9.910000000000000000e+02 -1.380526904487992965e+02
9.920000000000000000e+02 1.543770264794390812e+01
9.930000000000000000e+02 -2.319832925127793999e+01
9.940000000000000000e+02 2.465571966119278784e+02
9.950000000000000000e+02 -1.618283832343290385e+02
9.960000000000000000e+02 -5.728810985044754034e+01
9.970000000000000000e+02 -2.050124917259167745e+01
9.980000000000000000e+02 2.473414021673954011e+01
9.990000000000000000e+02 2.725020557405890145e+02
