0.000000000000000000e+00 -6.782402913035781467e+00
1.000000000000000000e+00 -4.789173868615513925e+02
2.000000000000000000e+00 -3.943245179131167788e+01
3.000000000000000000e+00 -1.044488867301641903e+02
4.000000000000000000e+00 -2.646802826006287432e+02
5.000000000000000000e+00 -3.847700488919597888e+02
6.000000000000000000e+00 -1.121552917700885246e+02
7.000000000000000000e+00 -3.347400425459812823e+02
8.000000000000000000e+00 -3.323017330035728492e+02
9.000000000000000000e+00 -3.682923649434287654e+02
1.000000000000000000e+01 -9.177495736159497142e+01
1.100000000000000000e+01 -3.135288738969061342e+02
1.200000000000000000e+01 -3.510492175893249396e+02
1.300000000000000000e+01 -3.603999437651314679e+02
1.400000000000000000e+01 -4.984012235836457876e+02
1.500000000000000000e+01 -1.699744955873948697e+02
1.600000000000000000e+01 -5.857518208933689721e+02
1.700000000000000000e+01 -4.044091790002545395e+02
1.800000000000000000e+01 -4.435276684518284469e+02
1.900000000000000000e+01 -3.639419311962424217e+02
2.000000000000000000e+01 -5.890217028007700151e+01
2.100000000000000000e+01 -2.832009394517999681e+02
2.200000000000000000e+01 -1.103135801647408698e+02
2.300000000000000000e+01 -5.664458097642537382e+01
2.400000000000000000e+01 -3.713688796296309533e+02
2.500000000000000000e+01 -1.452783378040586797e+02
2.600000000000000000e+01 -6.413831174777831734e+01
2.700000000000000000e+01 -2.509671399232325939e+02
2.800000000000000000e+01 -2.780888495448959361e+02
2.900000000000000000e+01 -3.211052557411510406e+02
3.000000000000000000e+01 -5.045471756680820619e+01
3.100000000000000000e+01 -1.954585274190586688e+02
3.200000000000000000e+01 -1.718640263932901746e+02
3.300000000000000000e+01 -1.471255126639030379e+02
3.400000000000000000e+01 -3.130967290093474276e+02
3.500000000000000000e+01 -1.595931739880168436e+02
3.600000000000000000e+01 -4.773980209870924796e+01
3.700000000000000000e+01 -8.752497189770960517e+01
3.800000000000000000e+01 -1.188940657410304169e+02
3.900000000000000000e+01 -4.457363395935623203e+02
4.000000000000000000e+01 -9.013921649288825222e+01
4.100000000000000000e+01 -7.290962150350445370e+01
4.200000000000000000e+01 -2.318584798653220389e+02
4.300000000000000000e+01 -3.668921542680627113e+01
4.400000000000000000e+01 -1.100363481256109424e+02
4.500000000000000000e+01 -2.237666236343127935e+02
4.600000000000000000e+01 -1.130109595860308360e+02
4.700000000000000000e+01 -8.190326578526827461e+01
4.800000000000000000e+01 -6.425548447186930900e+01
4.900000000000000000e+01 -1.807974174527832076e+02
5.000000000000000000e+01 -1.579996705775350847e+02
5.100000000000000000e+01 -2.335070254596085135e+02
5.200000000000000000e+01 -7.060104584089967261e+01
5.300000000000000000e+01 -2.373945504354991556e+02
5.400000000000000000e+01 -9.091300807717628629e+01
5.500000000000000000e+01 -1.127275368743369057e+02
5.600000000000000000e+01 -1.280590066191988967e+02
5.700000000000000000e+01 -4.395345381329721590e+01
5.800000000000000000e+01 -2.451921622961260994e+02
5.900000000000000000e+01 -1.147729572064226176e+02
6.000000000000000000e+01 -6.662652835871006118e+01
6.100000000000000000e+01 -9.891502213089228235e+01
6.200000000000000000e+01 -8.074787777954021806e+01
6.300000000000000000e+01 -1.079890195980075873e+02
6.400000000000000000e+01 -7.070628052471997194e+01
6.500000000000000000e+01 -1.047985301592848657e+02
6.600000000000000000e+01 -3.470925878143073362e+01
6.700000000000000000e+01 -1.008944360587247218e+02
6.800000000000000000e+01 -5.573162024904517864e+01
6.900000000000000000e+01 -7.913741912744214346e+01
7.000000000000000000e+01 -3.069669622650629321e+02
7.100000000000000000e+01 -1.163890266489645455e+02
7.200000000000000000e+01 -2.719898089310494242e+02
7.300000000000000000e+01 -9.413751653477046943e+01
7.400000000000000000e+01 -1.219348974118171469e+02
7.500000000000000000e+01 -1.042828794728840194e+02
7.600000000000000000e+01 -2.396986236059577777e+02
7.700000000000000000e+01 -1.676427788777616001e+02
7.800000000000000000e+01 -1.163112125036345077e+02
7.900000000000000000e+01 -6.381899445216021860e+01
8.000000000000000000e+01 -1.129579654666609088e+02
8.100000000000000000e+01 -7.091561350611024750e+01
8.200000000000000000e+01 -5.448981313942017124e+01
8.300000000000000000e+01 -1.061042416948288434e+02
8.400000000000000000e+01 -8.816053161821187700e+01
8.500000000000000000e+01 -1.015920363826544985e+02
8.600000000000000000e+01 -4.240108158387976545e+01
8.700000000000000000e+01 -7.857830023714672052e+01
8.800000000000000000e+01 -1.690340699666135720e+02
8.900000000000000000e+01 -9.276688860467118047e+01
9.000000000000000000e+01 -1.188583427362311227e+02
9.100000000000000000e+01 -8.413486763403369650e+01
9.200000000000000000e+01 -1.132127953657067962e+02
9.300000000000000000e+01 -1.795689276476399527e+02
9.400000000000000000e+01 -2.019880424997177215e+01
9.500000000000000000e+01 -2.894922295323083858e+02
9.600000000000000000e+01 -6.713531881146599289e+01
9.700000000000000000e+01 -8.998781329990598010e+01
9.800000000000000000e+01 -6.598880843651048167e+01
9.900000000000000000e+01 -4.194418615848758236e+01
1.000000000000000000e+02 -6.657440461608874216e+01
1.010000000000000000e+02 -7.754811522268340696e+01
1.020000000000000000e+02 -7.522606556959763680e+01
1.030000000000000000e+02 -2.751761515161530269e+01
1.040000000000000000e+02 -9.480627363057385537e+01
1.050000000000000000e+02 -1.269460259305647298e+02
1.060000000000000000e+02 -2.044764896755218331e+01
1.070000000000000000e+02 -5.458839516472556141e+01
1.080000000000000000e+02 -4.059229356126765254e+01
1.090000000000000000e+02 1.114398153646568268e+01
1.100000000000000000e+02 -9.717929961547875450e+01
1.110000000000000000e+02 -4.131312927760954778e+01
1.120000000000000000e+02 -1.318766193465955894e+01
1.130000000000000000e+02 -6.459387872325156366e+01
1.140000000000000000e+02 -3.638884819135002147e+01
1.150000000000000000e+02 -8.510810170536515784e+00
1.160000000000000000e+02 -6.755118030593348522e+01
1.170000000000000000e+02 -6.913664448078405655e+01
1.180000000000000000e+02 -3.332944548700183418e+01
1.190000000000000000e+02 -5.012087237587898869e+01
1.200000000000000000e+02 -7.354444851440810282e+01
1.210000000000000000e+02 -5.804367991973680319e+01
1.220000000000000000e+02 -1.199943619140556450e+01
1.230000000000000000e+02 -1.531680218545292860e+01
1.240000000000000000e+02 -1.705207266417303913e+01
1.250000000000000000e+02 -2.043619234276363272e+01
1.260000000000000000e+02 -1.706105327393689208e+01
1.270000000000000000e+02 -3.478413148060980120e+00
1.280000000000000000e+02 -1.316880852231741983e+01
1.290000000000000000e+02 -4.562316988706233190e+01
1.300000000000000000e+02 -5.450244990061402461e+01
1.310000000000000000e+02 -3.723117225076319414e+01
1.320000000000000000e+02 -2.919045609558830279e+01
1.330000000000000000e+02 -2.071867483224279738e+01
1.340000000000000000e+02 -1.290066938013031006e+01
1.350000000000000000e+02 -1.104552333372988926e+01
1.360000000000000000e+02 -1.965018338849162660e+01
1.370000000000000000e+02 -5.373359138279526803e+01
1.380000000000000000e+02 -5.978692586964587008e+01
1.390000000000000000e+02 -8.547732138711087657e+01
1.400000000000000000e+02 -4.819390418378255703e+01
1.410000000000000000e+02 -8.541178562830297949e+01
1.420000000000000000e+02 -2.680512550080455014e+01
1.430000000000000000e+02 -3.315531317091333108e+01
1.440000000000000000e+02 -3.501485482542561556e+01
1.450000000000000000e+02 2.129798230493158684e+01
1.460000000000000000e+02 -6.692775430294702232e+00
1.470000000000000000e+02 -2.590792975426836620e-02
1.480000000000000000e+02 -3.485218190988186393e+01
1.490000000000000000e+02 -3.538197356788712966e+01
1.500000000000000000e+02 -2.602469764675585395e+01
1.510000000000000000e+02 -1.340936629803778146e+01
1.520000000000000000e+02 1.485447896969718329e+01
1.530000000000000000e+02 8.947100408346798872e+00
1.540000000000000000e+02 -2.518940920065796263e+01
1.550000000000000000e+02 -2.038485495540803072e+01
1.560000000000000000e+02 -2.766987645967120102e+01
1.570000000000000000e+02 2.498208661091612726e+01
1.580000000000000000e+02 -1.063448213935203057e+01
1.590000000000000000e+02 2.176827871309755835e+01
1.600000000000000000e+02 -1.872074826209664309e+02
1.610000000000000000e+02 1.229470747672181119e+00
1.620000000000000000e+02 4.091547615228762425e+01
1.630000000000000000e+02 -3.148293577806690280e+01
1.640000000000000000e+02 -1.715100629669046839e+01
1.650000000000000000e+02 -1.858226988736551455e+00
1.660000000000000000e+02 -2.584357922465915181e+01
1.670000000000000000e+02 -3.909721112458905168e+01
1.680000000000000000e+02 2.316453929884273677e+01
1.690000000000000000e+02 -3.952629506438740492e+01
1.700000000000000000e+02 1.885901573874528481e+01
1.710000000000000000e+02 -3.346646035988452184e+01
1.720000000000000000e+02 -5.129995054534700216e+01
1.730000000000000000e+02 -4.080804649827314279e-01
1.740000000000000000e+02 -6.808631624283265182e+00
1.750000000000000000e+02 -1.059600446715272568e+02
1.760000000000000000e+02 -1.951146022425733406e+01
1.770000000000000000e+02 2.857382029344782381e+01
1.780000000000000000e+02 -3.740365867691355817e+01
1.790000000000000000e+02 2.195315570555932538e+01
1.800000000000000000e+02 -2.813982676337104749e+00
1.810000000000000000e+02 1.955973248677592835e+01
1.820000000000000000e+02 -2.219969406826872671e+01
1.830000000000000000e+02 6.322903951241855225e+00
1.840000000000000000e+02 3.127127545833243971e+01
1.850000000000000000e+02 6.729898316445277828e+01
1.860000000000000000e+02 9.045294857338575412e+00
1.870000000000000000e+02 1.696439018042686087e+01
1.880000000000000000e+02 -2.169551821929270830e+01
1.890000000000000000e+02 -9.679712006576636441e+00
1.900000000000000000e+02 -2.331937764376513655e+01
1.910000000000000000e+02 -8.071921045855674492e+00
1.920000000000000000e+02 -8.090312683049774023e+00
1.930000000000000000e+02 1.919277017340567681e+01
1.940000000000000000e+02 -1.808234467275471502e+01
1.950000000000000000e+02 -4.307485179557772881e-01
1.960000000000000000e+02 2.782299452612440760e+01
1.970000000000000000e+02 -7.745016741802103866e+00
1.980000000000000000e+02 -5.593076572407706237e+01
1.990000000000000000e+02 -9.201637535795929068e+01
2.000000000000000000e+02 5.827771378935842961e+01
2.010000000000000000e+02 6.182545342518432463e+00
2.020000000000000000e+02 4.275399053570899355e+01
2.030000000000000000e+02 1.353094446014890195e+01
2.040000000000000000e+02 -1.741128251186291322e+02
2.050000000000000000e+02 1.754962797533500662e+01
2.060000000000000000e+02 4.868550796060250008e+01
2.070000000000000000e+02 -6.360538761335656943e+01
2.080000000000000000e+02 1.577537679894457767e+01
2.090000000000000000e+02 -2.855910822890230634e+02
2.100000000000000000e+02 7.883167146613492093e+01
2.110000000000000000e+02 5.626200339645120607e+01
2.120000000000000000e+02 3.129001279698144700e+01
2.130000000000000000e+02 -2.988992429341699264e+01
2.140000000000000000e+02 1.236999774963510390e+01
2.150000000000000000e+02 -1.070853092730247624e+01
2.160000000000000000e+02 -1.163338830468824909e+02
2.170000000000000000e+02 1.231336374930762645e+01
2.180000000000000000e+02 6.147357612082188894e+01
2.190000000000000000e+02 8.098302311914501672e+00
2.200000000000000000e+02 7.547259473850280642e+01
2.210000000000000000e+02 2.243509758992576053e+01
2.220000000000000000e+02 -2.830042712518165899e+02
2.230000000000000000e+02 -1.364329367359438265e+02
2.240000000000000000e+02 -1.709108156556310831e+01
2.250000000000000000e+02 -2.238566209545203947e+02
2.260000000000000000e+02 7.139554207836064847e+01
2.270000000000000000e+02 -3.620488097040659170e+01
2.280000000000000000e+02 3.610250862342942924e+01
2.290000000000000000e+02 4.953252018669732593e+01
2.300000000000000000e+02 -1.947499197504083668e+02
2.310000000000000000e+02 6.402524041331702165e+00
2.320000000000000000e+02 -8.164425492748854651e+01
2.330000000000000000e+02 -3.605506454610747369e+00
2.340000000000000000e+02 -2.042467974797206764e+00
2.350000000000000000e+02 -1.675618589444790700e+02
2.360000000000000000e+02 1.209925483045525496e+00
2.370000000000000000e+02 -2.804960457673947190e+02
2.380000000000000000e+02 6.072737689295203722e+01
2.390000000000000000e+02 6.821645632530392023e-01
2.400000000000000000e+02 3.019357195520409576e+01
2.410000000000000000e+02 8.123698769698748379e+01
2.420000000000000000e+02 8.092839467748646598e+00
2.430000000000000000e+02 5.353318070543215867e+01
2.440000000000000000e+02 -2.302041290732574907e-01
2.450000000000000000e+02 6.619935583912571531e+01
2.460000000000000000e+02 -3.653826073211381242e+01
2.470000000000000000e+02 9.777640574550417796e+01
2.480000000000000000e+02 1.517149599862732146e+01
2.490000000000000000e+02 4.639308000325886638e+01
2.500000000000000000e+02 3.105036263474303837e+00
2.510000000000000000e+02 2.926549803374439662e+01
2.520000000000000000e+02 1.018602545484954334e+02
2.530000000000000000e+02 5.173612623426637924e+01
2.540000000000000000e+02 3.141781049998222741e+01
2.550000000000000000e+02 -8.363038985513230728e+01
2.560000000000000000e+02 9.919613698982267636e+01
2.570000000000000000e+02 5.517827351844329797e+01
2.580000000000000000e+02 -2.894005377202986438e+02
2.590000000000000000e+02 3.643706653592511202e+01
2.600000000000000000e+02 6.292307377286644510e+01
2.610000000000000000e+02 5.840230627754336012e+01
2.620000000000000000e+02 4.924875546620060618e+01
2.630000000000000000e+02 7.949261220699469277e+01
2.640000000000000000e+02 5.501815740459278459e+01
2.650000000000000000e+02 8.699840325012785058e+01
2.660000000000000000e+02 6.350934082865890673e+01
2.670000000000000000e+02 3.641862327389156917e+01
2.680000000000000000e+02 -2.467085526936641671e+01
2.690000000000000000e+02 6.371246968531622912e+01
2.700000000000000000e+02 -4.041216029787582329e+02
2.710000000000000000e+02 7.818202001490323028e+01
2.720000000000000000e+02 2.767899415911274730e+01
2.730000000000000000e+02 1.060647810256730992e+02
2.740000000000000000e+02 2.030622469444488942e+01
2.750000000000000000e+02 5.281968246708170511e+01
2.760000000000000000e+02 4.090221912423551487e+01
2.770000000000000000e+02 6.024282741999753199e+01
2.780000000000000000e+02 1.216826230617363649e+02
2.790000000000000000e+02 9.965783074895111326e+01
2.800000000000000000e+02 -3.472117129450483120e+00
2.810000000000000000e+02 1.088457197031238621e+02
2.820000000000000000e+02 1.111357462518705859e+02
2.830000000000000000e+02 1.251661733194338524e+02
2.840000000000000000e+02 8.271007051141226896e+01
2.850000000000000000e+02 1.049942444932335519e+02
2.860000000000000000e+02 1.249037149277132031e+01
2.870000000000000000e+02 7.103166900545400608e+01
2.880000000000000000e+02 3.108366879359043367e+01
2.890000000000000000e+02 9.151290177897850242e+01
2.900000000000000000e+02 6.821416971014585329e+01
2.910000000000000000e+02 6.037073173268773019e+01
2.920000000000000000e+02 1.161405059063807386e+02
2.930000000000000000e+02 4.724308302542738147e+01
2.940000000000000000e+02 7.039950084233244354e+01
2.950000000000000000e+02 6.382858331380967343e+01
2.960000000000000000e+02 6.454362893893141973e+01
2.970000000000000000e+02 6.080068130649000580e+01
2.980000000000000000e+02 9.217325827416848938e+01
2.990000000000000000e+02 3.592893117164885552e+01
3.000000000000000000e+02 1.167696193109062648e+02
3.010000000000000000e+02 3.319763696799827812e+01
3.020000000000000000e+02 8.602240390975553908e+01
3.030000000000000000e+02 5.080634086217818890e+01
3.040000000000000000e+02 8.320911013527782529e+01
3.050000000000000000e+02 1.247697253412014504e+02
3.060000000000000000e+02 -8.347362233779887219e+01
3.070000000000000000e+02 6.844983700518248781e+01
3.080000000000000000e+02 6.476030739850774864e+01
3.090000000000000000e+02 6.341798268895374235e+01
3.100000000000000000e+02 1.248140936845405804e+02
3.110000000000000000e+02 8.570561845436624537e+01
3.120000000000000000e+02 1.005473708204639678e+02
3.130000000000000000e+02 6.565933146047726154e+01
3.140000000000000000e+02 9.120092949328189036e+01
3.150000000000000000e+02 7.328248958148930114e+01
3.160000000000000000e+02 5.060340771485056877e+01
3.170000000000000000e+02 9.919876309553603733e+01
3.180000000000000000e+02 8.906360759104758529e+01
3.190000000000000000e+02 4.136008945640890033e+01
3.200000000000000000e+02 3.758296912970607906e+01
3.210000000000000000e+02 9.277329411394448755e+01
3.220000000000000000e+02 8.590084170372621486e+01
3.230000000000000000e+02 1.110807276526819152e+02
3.240000000000000000e+02 1.169807184535483344e+02
3.250000000000000000e+02 3.314542899381712004e+01
3.260000000000000000e+02 4.062879246754804541e+01
3.270000000000000000e+02 1.574902070608882454e+01
3.280000000000000000e+02 1.030025532152331635e+02
3.290000000000000000e+02 3.738370699752751847e+01
3.300000000000000000e+02 8.127232416601856357e+01
3.310000000000000000e+02 1.041587497926007870e+02
3.320000000000000000e+02 9.414046285630971056e+01
3.330000000000000000e+02 9.292567790032008190e+01
3.340000000000000000e+02 1.229310014598854934e+02
3.350000000000000000e+02 2.107711394335868249e+01
3.360000000000000000e+02 9.150215535702953673e+01
3.370000000000000000e+02 7.386201792627711882e+01
3.380000000000000000e+02 1.405873217258124726e+02
3.390000000000000000e+02 1.112831679928182496e+02
3.400000000000000000e+02 1.246946459215678402e+02
3.410000000000000000e+02 9.158174529212099912e+01
3.420000000000000000e+02 9.399125644952403036e+01
3.430000000000000000e+02 1.123277556394771040e+02
3.440000000000000000e+02 5.537580945916364072e+01
3.450000000000000000e+02 1.541358523085766308e+02
3.460000000000000000e+02 6.803381925671624231e+01
3.470000000000000000e+02 1.107870352703961458e+02
3.480000000000000000e+02 9.845820577508358440e+01
3.490000000000000000e+02 1.316099853708207945e+02
3.500000000000000000e+02 1.233895786257785403e+02
3.510000000000000000e+02 8.689623512247713677e+01
3.520000000000000000e+02 1.083374790449075675e+02
3.530000000000000000e+02 1.232601454858994430e+02
3.540000000000000000e+02 8.053920142880032529e+01
3.550000000000000000e+02 1.036889397097913559e+02
3.560000000000000000e+02 1.246954573591098665e+02
3.570000000000000000e+02 -1.561649481441813236e+01
3.580000000000000000e+02 8.585903763902113894e+01
3.590000000000000000e+02 3.869738507313672926e+01
3.600000000000000000e+02 1.220910158365599329e+02
3.610000000000000000e+02 8.510659491639300711e+01
3.620000000000000000e+02 1.363444063063429326e+02
3.630000000000000000e+02 1.159295866699705329e+02
3.640000000000000000e+02 1.074013000941546778e+02
3.650000000000000000e+02 1.089191682111713533e+02
3.660000000000000000e+02 9.633235064182321139e+01
3.670000000000000000e+02 1.168246549942833923e+02
3.680000000000000000e+02 1.117661789361382603e+02
3.690000000000000000e+02 1.530487726939271056e+02
3.700000000000000000e+02 1.398028630980773528e+02
3.710000000000000000e+02 1.475618143448855335e+02
3.720000000000000000e+02 9.626591231326399623e+01
3.730000000000000000e+02 1.447475200795075239e+02
3.740000000000000000e+02 1.492116236943879528e+02
3.750000000000000000e+02 1.357364985924009488e+02
3.760000000000000000e+02 -1.880703009706557509e+02
3.770000000000000000e+02 3.044861575215160698e+01
3.780000000000000000e+02 -1.844182733454646836e+02
3.790000000000000000e+02 1.218721332565767028e+02
3.800000000000000000e+02 -1.325814932669763948e+02
3.810000000000000000e+02 1.401638903770714819e+02
3.820000000000000000e+02 1.232113247575861976e+02
3.830000000000000000e+02 1.347756283565618105e+02
3.840000000000000000e+02 1.216582204884797420e+02
3.850000000000000000e+02 1.344686946193586721e+02
3.860000000000000000e+02 1.120486646537579958e+02
3.870000000000000000e+02 8.618871530672049630e+01
3.880000000000000000e+02 1.129563187223626244e+02
3.890000000000000000e+02 1.083824061121566729e+02
3.900000000000000000e+02 8.990539894993682424e+01
3.910000000000000000e+02 1.225165012327005201e+02
3.920000000000000000e+02 1.097988200196629975e+02
3.930000000000000000e+02 1.282565011681921590e+02
3.940000000000000000e+02 1.549032014092426266e+02
3.950000000000000000e+02 1.056251377751279392e+02
3.960000000000000000e+02 3.137893150898872818e+01
3.970000000000000000e+02 1.505216846454149504e+02
3.980000000000000000e+02 1.450006117488448467e+02
3.990000000000000000e+02 1.294189879804465306e+02
4.000000000000000000e+02 1.660443086682874139e+02
4.010000000000000000e+02 1.511355232930743284e+02
4.020000000000000000e+02 1.115388495644864690e+02
4.030000000000000000e+02 1.680378563855644813e+02
4.040000000000000000e+02 9.416471028179101666e+01
4.050000000000000000e+02 1.734209205906113880e+02
4.060000000000000000e+02 1.342641589791394097e+02
4.070000000000000000e+02 7.075146202976310406e+01
4.080000000000000000e+02 -4.631451652505490735e+00
4.090000000000000000e+02 1.048217219237069031e+02
4.100000000000000000e+02 1.368673878245725177e+02
4.110000000000000000e+02 1.480435609651002551e+02
4.120000000000000000e+02 7.074963504982032703e+01
4.130000000000000000e+02 1.072358195180226943e+02
4.140000000000000000e+02 1.211200722038224313e+02
4.150000000000000000e+02 6.230980826110577908e+01
4.160000000000000000e+02 1.283229122438646641e+02
4.170000000000000000e+02 9.726277859230910394e+01
4.180000000000000000e+02 1.445100910302726902e+02
4.190000000000000000e+02 1.360447243565667179e+02
4.200000000000000000e+02 1.460483495913793774e+02
4.210000000000000000e+02 1.367358976974293512e+02
4.220000000000000000e+02 1.340625039609807061e+02
4.230000000000000000e+02 1.235006141844046113e+02
4.240000000000000000e+02 1.399515943330052892e+02
4.250000000000000000e+02 1.120088866713436886e+02
4.260000000000000000e+02 1.147590992357298774e+02
4.270000000000000000e+02 1.532304679555546159e+02
4.280000000000000000e+02 1.249513266291843507e+02
4.290000000000000000e+02 4.663228661961551325e+01
4.300000000000000000e+02 1.090429308046397523e+02
4.310000000000000000e+02 1.441674989791250425e+02
4.320000000000000000e+02 1.365874523955074551e+02
4.330000000000000000e+02 1.441114091997771425e+02
4.340000000000000000e+02 1.598648174597087461e+02
4.350000000000000000e+02 1.225127215978993718e+02
4.360000000000000000e+02 7.145185257054178862e+01
4.370000000000000000e+02 1.414145536528302500e+02
4.380000000000000000e+02 1.456026837214565433e+02
4.390000000000000000e+02 1.467615152124948281e+02
4.400000000000000000e+02 1.670309362363819616e+02
4.410000000000000000e+02 1.191735276898187266e+02
4.420000000000000000e+02 1.365479026079896983e+02
4.430000000000000000e+02 2.837738178101909980e+01
4.440000000000000000e+02 1.672048493543077541e+02
4.450000000000000000e+02 1.502974067033238157e+02
4.460000000000000000e+02 1.628529870238093906e+02
4.470000000000000000e+02 1.661516309351260077e+02
4.480000000000000000e+02 1.377539733444909587e+02
4.490000000000000000e+02 1.717469046699317801e+02
4.500000000000000000e+02 1.144975210923357736e+02
4.510000000000000000e+02 1.741857420268278815e+02
4.520000000000000000e+02 1.793253047930767821e+02
4.530000000000000000e+02 1.420798691551894706e+02
4.540000000000000000e+02 1.297050089222268809e+02
4.550000000000000000e+02 1.463902010539700314e+02
4.560000000000000000e+02 1.495757195796323629e+02
4.570000000000000000e+02 1.339808634228185724e+02
4.580000000000000000e+02 1.083482974465105428e+02
4.590000000000000000e+02 1.461166197405992193e+02
4.600000000000000000e+02 1.528500881123436557e+02
4.610000000000000000e+02 1.206405545955407490e+02
4.620000000000000000e+02 1.820555525755062263e+02
4.630000000000000000e+02 2.594498846798332465e+02
4.640000000000000000e+02 1.264055547917231621e+02
4.650000000000000000e+02 -1.426910502810603631e+01
4.660000000000000000e+02 1.681871373616763492e+02
4.670000000000000000e+02 1.417521271484055205e+02
4.680000000000000000e+02 1.255601716410172344e+02
4.690000000000000000e+02 1.353251864132161586e+02
4.700000000000000000e+02 1.649856325354511739e+02
4.710000000000000000e+02 1.502075547200605001e+02
4.720000000000000000e+02 1.640009148143883237e+02
4.730000000000000000e+02 1.529598732252968887e+02
4.740000000000000000e+02 1.543911375874452858e+02
4.750000000000000000e+02 1.211679123369151370e+02
4.760000000000000000e+02 1.308089878444712326e+02
4.770000000000000000e+02 1.902850425973851713e+02
4.780000000000000000e+02 1.652822511320781018e+02
4.790000000000000000e+02 1.587444394061813853e+02
4.800000000000000000e+02 1.865155900157929523e+02
4.810000000000000000e+02 1.735906717729203308e+02
4.820000000000000000e+02 1.333690738344907913e+02
4.830000000000000000e+02 1.378880419701486346e+02
4.840000000000000000e+02 1.496852841686809370e+02
4.850000000000000000e+02 1.607778677335373629e+02
4.860000000000000000e+02 1.305120518103176153e+02
4.870000000000000000e+02 1.856008715862773215e+02
4.880000000000000000e+02 1.216646683500486574e+02
4.890000000000000000e+02 1.809011819744633556e+02
4.900000000000000000e+02 2.779595905222900001e+02
4.910000000000000000e+02 2.547009953084468350e+02
4.920000000000000000e+02 1.278554978298271152e+02
4.930000000000000000e+02 1.953861489259063262e+02
4.940000000000000000e+02 1.245486353122265228e+02
4.950000000000000000e+02 1.300255365987183609e+02
4.960000000000000000e+02 1.830888126795254607e+02
4.970000000000000000e+02 1.485976638393709379e+02
4.980000000000000000e+02 1.643636374133360221e+02
4.990000000000000000e+02 1.608153965354633215e+02
5.000000000000000000e+02 1.586986883281627456e+02
5.010000000000000000e+02 1.390891216453289587e+02
5.020000000000000000e+02 1.826847971265876822e+02
5.030000000000000000e+02 1.549912285832126599e+02
5.040000000000000000e+02 1.735451623306461499e+02
5.050000000000000000e+02 2.916897189170474576e+02
5.060000000000000000e+02 1.622912118751591208e+02
5.070000000000000000e+02 1.407626270902443366e+02
5.080000000000000000e+02 2.559649818736268969e+02
5.090000000000000000e+02 1.500757299423658822e+02
5.100000000000000000e+02 1.566127303274559495e+02
5.110000000000000000e+02 1.525749409699349428e+02
5.120000000000000000e+02 1.695555982101679149e+02
5.130000000000000000e+02 1.833164981306674122e+02
5.140000000000000000e+02 1.917014881611821977e+02
5.150000000000000000e+02 2.335431065111318389e+02
5.160000000000000000e+02 1.741754681082826721e+02
5.170000000000000000e+02 1.431817105931348237e+02
5.180000000000000000e+02 1.740669776697856150e+02
5.190000000000000000e+02 1.780580195266749683e+02
5.200000000000000000e+02 1.601063677434900967e+02
5.210000000000000000e+02 4.707436034536328862e+01
5.220000000000000000e+02 2.652215899231625258e+02
5.230000000000000000e+02 1.699311247806258791e+02
5.240000000000000000e+02 2.723280142475877028e+02
5.250000000000000000e+02 1.490820744152864563e+02
5.260000000000000000e+02 1.683920347585736295e+02
5.270000000000000000e+02 2.916064956987877395e+02
5.280000000000000000e+02 1.929036347082157477e+02
5.290000000000000000e+02 1.829527169191928806e+02
5.300000000000000000e+02 2.506481477935202236e+02
5.310000000000000000e+02 1.700891485180353584e+02
5.320000000000000000e+02 1.644412722115417580e+02
5.330000000000000000e+02 1.752809786852598393e+02
5.340000000000000000e+02 1.747879016701805313e+02
5.350000000000000000e+02 1.586613115766555779e+02
5.360000000000000000e+02 1.413613636310232096e+02
5.370000000000000000e+02 2.550479455523232275e+02
5.380000000000000000e+02 1.955848914449763640e+02
5.390000000000000000e+02 2.871984827427197615e+02
5.400000000000000000e+02 2.704506714912527627e+02
5.410000000000000000e+02 2.783574622375593890e+02
5.420000000000000000e+02 2.479993069642710282e+02
5.430000000000000000e+02 2.838135069006434037e+02
5.440000000000000000e+02 2.802080664827951750e+02
5.450000000000000000e+02 2.590904347894678494e+02
5.460000000000000000e+02 2.948750891327399586e+02
5.470000000000000000e+02 2.715275995481954396e+02
5.480000000000000000e+02 1.424979377959475926e+02
5.490000000000000000e+02 1.337389583875743142e+02
5.500000000000000000e+02 2.874789530861264666e+02
5.510000000000000000e+02 2.522742981989677560e+02
5.520000000000000000e+02 2.727007647476851844e+02
5.530000000000000000e+02 2.800777838583529160e+02
5.540000000000000000e+02 2.799046456059533625e+02
5.550000000000000000e+02 2.709994604088047367e+02
5.560000000000000000e+02 1.624272421517224245e+02
5.570000000000000000e+02 2.742613857912094772e+02
5.580000000000000000e+02 2.697658728242769257e+02
5.590000000000000000e+02 2.611010646525373886e+02
5.600000000000000000e+02 2.566965448798208627e+02
5.610000000000000000e+02 1.577356485477375259e+02
5.620000000000000000e+02 2.911784272769481277e+02
5.630000000000000000e+02 4.893546116024148773e+01
5.640000000000000000e+02 3.019633592861335956e+02
5.650000000000000000e+02 2.824481983508381404e+02
5.660000000000000000e+02 1.445594342801173013e+02
5.670000000000000000e+02 2.740242289573744756e+02
5.680000000000000000e+02 1.906327245144353526e+02
5.690000000000000000e+02 2.759460586477434845e+02
5.700000000000000000e+02 2.973961172785149074e+02
5.710000000000000000e+02 2.772274815614287036e+02
5.720000000000000000e+02 2.942236845501338394e+02
5.730000000000000000e+02 1.556380710230291697e+02
5.740000000000000000e+02 2.920645735564661436e+02
5.750000000000000000e+02 2.569994920493338668e+02
5.760000000000000000e+02 2.608604841068739688e+02
5.770000000000000000e+02 2.660970591635554570e+02
5.780000000000000000e+02 2.805911312506143531e+02
5.790000000000000000e+02 3.000830967497100801e+02
5.800000000000000000e+02 3.017129427315676367e+02
5.810000000000000000e+02 2.630340165968509609e+02
5.820000000000000000e+02 2.732734574987292717e+02
5.830000000000000000e+02 2.613141377456491341e+02
5.840000000000000000e+02 2.807881993940942493e+02
5.850000000000000000e+02 2.965228644332682393e+02
5.860000000000000000e+02 2.883269602217110332e+02
5.870000000000000000e+02 2.928578895916080000e+02
5.880000000000000000e+02 2.010324586421801882e+02
5.890000000000000000e+02 3.016434578048952062e+02
5.900000000000000000e+02 2.751638973633182559e+02
5.910000000000000000e+02 2.937802550751654280e+02
5.920000000000000000e+02 2.841650917856721890e+02
5.930000000000000000e+02 2.888995163749488029e+02
5.940000000000000000e+02 2.608447249899490998e+02
5.950000000000000000e+02 2.642432085366075398e+02
5.960000000000000000e+02 2.583988134179861618e+02
5.970000000000000000e+02 2.444364523879704905e+02
5.980000000000000000e+02 2.984361695707085005e+02
5.990000000000000000e+02 2.459085940913228683e+02
6.000000000000000000e+02 2.812452071637917470e+02
6.010000000000000000e+02 2.621435064453881978e+02
6.020000000000000000e+02 2.819963491249289973e+02
6.030000000000000000e+02 2.942673867936873648e+02
6.040000000000000000e+02 2.493912035665912015e+02
6.050000000000000000e+02 2.941457257137951160e+02
6.060000000000000000e+02 2.599616075536742414e+02
6.070000000000000000e+02 2.795452784273610405e+02
6.080000000000000000e+02 2.691336912265634282e+02
6.090000000000000000e+02 -1.474148534601456788e+02
6.100000000000000000e+02 2.657463676450041135e+02
6.110000000000000000e+02 3.103264996766705508e+02
6.120000000000000000e+02 -1.645099348503445640e+02
6.130000000000000000e+02 3.036620028632038384e+02
6.140000000000000000e+02 2.884611637527336825e+02
6.150000000000000000e+02 2.618304065805286882e+02
6.160000000000000000e+02 2.982715693162263051e+02
6.170000000000000000e+02 2.661024044401264064e+02
6.180000000000000000e+02 2.978645056326975009e+02
6.190000000000000000e+02 2.777915819301932174e+02
6.200000000000000000e+02 2.989961757229714863e+02
6.210000000000000000e+02 2.873701555322463150e+02
6.220000000000000000e+02 -1.155613981625602094e+02
6.230000000000000000e+02 2.996407928976461790e+02
6.240000000000000000e+02 2.503317275067876722e+02
6.250000000000000000e+02 2.695475749977624673e+02
6.260000000000000000e+02 2.784714331593971792e+02
6.270000000000000000e+02 4.659977538529733465e+01
6.280000000000000000e+02 2.794526912156138678e+02
6.290000000000000000e+02 2.846479842259369661e+02
6.300000000000000000e+02 3.097967525472412831e+02
6.310000000000000000e+02 2.946446760643358971e+02
6.320000000000000000e+02 2.732207821729790567e+02
6.330000000000000000e+02 2.713427342152739357e+02
6.340000000000000000e+02 2.604029649636420913e+02
6.350000000000000000e+02 3.027657531406836142e+02
6.360000000000000000e+02 3.855912162664341736e+01
6.370000000000000000e+02 2.542941719122307234e+02
6.380000000000000000e+02 2.665658407916113788e+02
6.390000000000000000e+02 2.629812737303852828e+02
6.400000000000000000e+02 2.774823222759033001e+02
6.410000000000000000e+02 3.105183476476654505e+02
6.420000000000000000e+02 2.675744137593367782e+02
6.430000000000000000e+02 2.667628990839808694e+02
6.440000000000000000e+02 3.060717102427807959e+02
6.450000000000000000e+02 2.847142604376210784e+02
6.460000000000000000e+02 2.783879317595915381e+02
6.470000000000000000e+02 3.018594832793513660e+02
6.480000000000000000e+02 2.596627559599230608e+02
6.490000000000000000e+02 2.931183241099160455e+02
6.500000000000000000e+02 2.965882441365747013e+02
6.510000000000000000e+02 2.847510634141294759e+02
6.520000000000000000e+02 2.988278627003691099e+02
6.530000000000000000e+02 3.049331208622120357e+02
6.540000000000000000e+02 2.948369811440614967e+02
6.550000000000000000e+02 2.900980372021093672e+02
6.560000000000000000e+02 2.743052218998718104e+02
6.570000000000000000e+02 2.493544874658063577e+02
6.580000000000000000e+02 2.740788498972992784e+02
6.590000000000000000e+02 2.916037913854464705e+02
6.600000000000000000e+02 2.805907468894307613e+02
6.610000000000000000e+02 8.801619423706665657e+01
6.620000000000000000e+02 2.829237215187266656e+02
6.630000000000000000e+02 2.816031662914907656e+02
6.640000000000000000e+02 2.653116461334004725e+02
6.650000000000000000e+02 2.969924552865081182e+02
6.660000000000000000e+02 2.921272422916004530e+02
6.670000000000000000e+02 2.865511942656288511e+02
6.680000000000000000e+02 2.567887792069799389e+02
6.690000000000000000e+02 2.544236866081248536e+02
6.700000000000000000e+02 3.074934283942183129e+02
6.710000000000000000e+02 2.750771491278862868e+02
6.720000000000000000e+02 2.877080835945220656e+02
6.730000000000000000e+02 2.928185060274483931e+02
6.740000000000000000e+02 3.011231058196490267e+02
6.750000000000000000e+02 2.908284007943196912e+02
6.760000000000000000e+02 2.650906417038993936e+02
6.770000000000000000e+02 2.824869948631667285e+02
6.780000000000000000e+02 3.041012830533805413e+02
6.790000000000000000e+02 2.932707908592389003e+02
6.800000000000000000e+02 2.913791893322299984e+02
6.810000000000000000e+02 2.684524420638143738e+02
6.820000000000000000e+02 2.964657419582151761e+02
6.830000000000000000e+02 2.935488183084145248e+02
6.840000000000000000e+02 2.764181659781363010e+02
6.850000000000000000e+02 2.813732017516241513e+02
6.860000000000000000e+02 3.047546408569124878e+02
6.870000000000000000e+02 1.645603155765049337e+02
6.880000000000000000e+02 2.839969932208042565e+02
6.890000000000000000e+02 2.610745929949436004e+02
6.900000000000000000e+02 2.667223744398976919e+02
6.910000000000000000e+02 3.134173371317087913e+02
6.920000000000000000e+02 2.746532324167800994e+02
6.930000000000000000e+02 2.623296488067596783e+02
6.940000000000000000e+02 2.611108685365659312e+02
6.950000000000000000e+02 2.666754288462577165e+02
6.960000000000000000e+02 3.071811499092981421e+02
6.970000000000000000e+02 3.015206384868515670e+02
6.980000000000000000e+02 2.905371449282654339e+02
6.990000000000000000e+02 2.920935376287082477e+02
7.000000000000000000e+02 2.992501761049184665e+02
7.010000000000000000e+02 2.981042363181685459e+02
7.020000000000000000e+02 1.461931414961977111e+02
7.030000000000000000e+02 2.842810570044858878e+02
7.040000000000000000e+02 2.812379983576840345e+02
7.050000000000000000e+02 2.807009596757538930e+02
7.060000000000000000e+02 1.757205027980736531e+02
7.070000000000000000e+02 2.973121883778233041e+02
7.080000000000000000e+02 2.724053848915253866e+02
7.090000000000000000e+02 2.641822242702526182e+02
7.100000000000000000e+02 2.579331554921473071e+02
7.110000000000000000e+02 3.027144248862791756e+02
7.120000000000000000e+02 2.655297700565091645e+02
7.130000000000000000e+02 2.889393311763515158e+02
7.140000000000000000e+02 2.655671630526749141e+02
7.150000000000000000e+02 1.453864800132301127e+02
7.160000000000000000e+02 2.644927086170479242e+02
7.170000000000000000e+02 2.949662046482218329e+02
7.180000000000000000e+02 2.677067307885120044e+02
7.190000000000000000e+02 3.083553643191525566e+02
7.200000000000000000e+02 2.939011745930470170e+02
7.210000000000000000e+02 2.751307605293806091e+02
7.220000000000000000e+02 2.922477110856257809e+02
7.230000000000000000e+02 2.679636543446490577e+02
7.240000000000000000e+02 2.768322838459097284e+02
7.250000000000000000e+02 2.492017383971209199e+02
7.260000000000000000e+02 2.755617034355975647e+02
7.270000000000000000e+02 1.930511926684880564e+02
7.280000000000000000e+02 2.736098300272179813e+02
7.290000000000000000e+02 2.890178694234298291e+02
7.300000000000000000e+02 2.770937269676956021e+02
7.310000000000000000e+02 2.577698353301461793e+02
7.320000000000000000e+02 2.775337075807611882e+02
7.330000000000000000e+02 2.623189853758988193e+02
7.340000000000000000e+02 2.437025720200052774e+02
7.350000000000000000e+02 2.800536606600847449e+02
7.360000000000000000e+02 2.913114642407839483e+02
7.370000000000000000e+02 6.915120946444207561e+01
7.380000000000000000e+02 2.894553679326098745e+02
7.390000000000000000e+02 2.744393264986420036e+02
7.400000000000000000e+02 3.017746259426994584e+02
7.410000000000000000e+02 3.052449287098800141e+02
7.420000000000000000e+02 3.035905560029773369e+02
7.430000000000000000e+02 2.590771214674124394e+02
7.440000000000000000e+02 -2.326223421294556033e+02
7.450000000000000000e+02 2.940065770856080007e+02
7.460000000000000000e+02 2.880971073486227851e+02
7.470000000000000000e+02 2.408038897279881780e+02
7.480000000000000000e+02 2.652459941322394457e+02
7.490000000000000000e+02 -2.089379844773515629e+02
7.500000000000000000e+02 3.051499007499210165e+02
7.510000000000000000e+02 3.078116826501512833e+02
7.520000000000000000e+02 3.160964149070553049e+02
7.530000000000000000e+02 2.581531505063380791e+02
7.540000000000000000e+02 2.514469243937776355e+02
7.550000000000000000e+02 -2.326964142791529184e+02
7.560000000000000000e+02 2.841269323571230530e+02
7.570000000000000000e+02 3.099064459972209988e+02
7.580000000000000000e+02 3.006172768617109341e+02
7.590000000000000000e+02 2.621647416656841187e+02
7.600000000000000000e+02 2.927828768556038881e+02
7.610000000000000000e+02 2.882488446883847928e+02
7.620000000000000000e+02 3.025371298622561653e+02
7.630000000000000000e+02 2.859769127627214402e+02
7.640000000000000000e+02 2.765162556325952892e+02
7.650000000000000000e+02 3.063505461443069180e+02
7.660000000000000000e+02 2.880944373858976633e+02
7.670000000000000000e+02 2.698016925993224504e+02
7.680000000000000000e+02 3.074099544546493235e+02
7.690000000000000000e+02 2.533768268834355979e+02
7.700000000000000000e+02 2.988929303347055111e+02
7.710000000000000000e+02 2.528580104877678707e+02
7.720000000000000000e+02 3.113269478637764109e+02
7.730000000000000000e+02 2.542913356080485414e+02
7.740000000000000000e+02 2.938421082409006431e+02
7.750000000000000000e+02 2.718003537934587257e+02
7.760000000000000000e+02 2.738630216076279567e+02
7.770000000000000000e+02 2.878888904930884109e+02
7.780000000000000000e+02 2.777559074647969055e+02
7.790000000000000000e+02 2.880010182681907054e+02
7.800000000000000000e+02 2.542880001489701840e+02
7.810000000000000000e+02 2.842309399863287922e+02
7.820000000000000000e+02 2.646293964427387664e+02
7.830000000000000000e+02 2.992234618885236728e+02
7.840000000000000000e+02 2.876700093614279581e+02
7.850000000000000000e+02 2.685255475873360638e+02
7.860000000000000000e+02 2.962178739123862670e+02
7.870000000000000000e+02 2.980422011759794714e+02
7.880000000000000000e+02 2.936371920225775511e+02
7.890000000000000000e+02 2.896334539592152169e+02
7.900000000000000000e+02 2.708965917647079777e+02
7.910000000000000000e+02 2.877643095491059739e+02
7.920000000000000000e+02 2.710854237364020491e+02
7.930000000000000000e+02 2.492543950474577059e+02
7.940000000000000000e+02 2.968430460217637119e+02
7.950000000000000000e+02 2.627671078280570782e+02
7.960000000000000000e+02 2.821013393803355029e+02
7.970000000000000000e+02 3.003781348687239756e+02
7.980000000000000000e+02 2.873213975059334757e+02
7.990000000000000000e+02 2.769303609598098319e+02
8.000000000000000000e+02 -2.054344876884357802e+02
8.010000000000000000e+02 2.753304630667410038e+02
8.020000000000000000e+02 2.490505574217528704e+02
8.030000000000000000e+02 2.917581578961977016e+02
8.040000000000000000e+02 2.833211896036798976e+02
8.050000000000000000e+02 2.888477724685744192e+02
8.060000000000000000e+02 2.638044236253350050e+02
8.070000000000000000e+02 2.607433069539663961e+02
8.080000000000000000e+02 2.844111365737289816e+02
8.090000000000000000e+02 2.570277376828209412e+02
8.100000000000000000e+02 2.844721050073740116e+02
8.110000000000000000e+02 2.764771942235971096e+02
8.120000000000000000e+02 1.507051453010604689e+02
8.130000000000000000e+02 2.587782111158373937e+02
8.140000000000000000e+02 3.031027141950927444e+02
8.150000000000000000e+02 2.885491427244188003e+02
8.160000000000000000e+02 2.677869452552173470e+02
8.170000000000000000e+02 2.714723630183923433e+02
8.180000000000000000e+02 1.542523830645856435e+02
8.190000000000000000e+02 1.749270171252433670e+02
8.200000000000000000e+02 2.909422568509313010e+02
8.210000000000000000e+02 2.868152318104966412e+02
8.220000000000000000e+02 2.784180591410856778e+02
8.230000000000000000e+02 2.678864463954693065e+02
8.240000000000000000e+02 2.600199851520058019e+02
8.250000000000000000e+02 3.000541569965244548e+02
8.260000000000000000e+02 2.735604266525406842e+02
8.270000000000000000e+02 2.652289168411411993e+02
8.280000000000000000e+02 2.500884542635914727e+02
8.290000000000000000e+02 2.894824379066458846e+02
8.300000000000000000e+02 3.037187152632844231e+02
8.310000000000000000e+02 2.494528526759625322e+02
8.320000000000000000e+02 3.126573094208245038e+02
8.330000000000000000e+02 2.952035998314449898e+02
8.340000000000000000e+02 2.966966052289592426e+02
8.350000000000000000e+02 2.874721727998980896e+02
8.360000000000000000e+02 2.772255571155981215e+02
8.370000000000000000e+02 2.880908075846018619e+02
8.380000000000000000e+02 2.876123412910427533e+02
8.390000000000000000e+02 2.752537140181531754e+02
8.400000000000000000e+02 2.577385308297318716e+02
8.410000000000000000e+02 2.706106469159101380e+02
8.420000000000000000e+02 2.910087364190663379e+02
8.430000000000000000e+02 2.959160361950065408e+02
8.440000000000000000e+02 2.931986685879466563e+02
8.450000000000000000e+02 2.897144412449257516e+02
8.460000000000000000e+02 2.560262478963551303e+02
8.470000000000000000e+02 2.622407999157913991e+02
8.480000000000000000e+02 2.919221881476374847e+02
8.490000000000000000e+02 2.777097190029053309e+02
8.500000000000000000e+02 2.964742283298538723e+02
8.510000000000000000e+02 2.834827463938170240e+02
8.520000000000000000e+02 2.793960998320259250e+02
8.530000000000000000e+02 3.087197991967979078e+02
8.540000000000000000e+02 2.968782635710298905e+02
8.550000000000000000e+02 3.123233225926541081e+02
8.560000000000000000e+02 2.564713655493336546e+02
8.570000000000000000e+02 2.881809332930918686e+02
8.580000000000000000e+02 3.038381801390717101e+02
8.590000000000000000e+02 2.619993668071209640e+02
8.600000000000000000e+02 2.666489048702835589e+02
8.610000000000000000e+02 2.862562070767215801e+02
8.620000000000000000e+02 2.819173851066321959e+02
8.630000000000000000e+02 2.907021794755313522e+02
8.640000000000000000e+02 2.895098091014093598e+02
8.650000000000000000e+02 2.912272155616674354e+02
8.660000000000000000e+02 2.654742527353012065e+02
8.670000000000000000e+02 2.931970446077357337e+02
8.680000000000000000e+02 3.028964449107018027e+02
8.690000000000000000e+02 2.764653087199058064e+02
8.700000000000000000e+02 3.111851361607405693e+02
8.710000000000000000e+02 2.613475897350543846e+02
8.720000000000000000e+02 2.723551132813951199e+02
8.730000000000000000e+02 2.720117622542355775e+02
8.740000000000000000e+02 3.030432684732523398e+02
8.750000000000000000e+02 2.776752699384923631e+02
8.760000000000000000e+02 2.799938062223591260e+02
8.770000000000000000e+02 2.650681323287443547e+02
8.780000000000000000e+02 2.581475471228214928e+02
8.790000000000000000e+02 1.544640177674709207e+02
8.800000000000000000e+02 2.907599365714982014e+02
8.810000000000000000e+02 3.065759744076324864e+02
8.820000000000000000e+02 2.700411769396464479e+02
8.830000000000000000e+02 3.111550369222742916e+02
8.840000000000000000e+02 2.891319952859977889e+02
8.850000000000000000e+02 2.660154052125985800e+02
8.860000000000000000e+02 3.094513284835213653e+02
8.870000000000000000e+02 2.796214147645850971e+02
8.880000000000000000e+02 2.915919622792644077e+02
8.890000000000000000e+02 2.640886679644664810e+02
8.900000000000000000e+02 2.712804031511881817e+02
8.910000000000000000e+02 2.528298039619428152e+02
8.920000000000000000e+02 3.197533165734920999e+02
8.930000000000000000e+02 3.020863473082038126e+02
8.940000000000000000e+02 2.679291000065145454e+02
8.950000000000000000e+02 2.535544687307354366e+02
8.960000000000000000e+02 2.856713159668017852e+02
8.970000000000000000e+02 2.504394628055179624e+02
8.980000000000000000e+02 2.794618848693705218e+02
8.990000000000000000e+02 3.130801267605478415e+02
9.000000000000000000e+02 2.898146441868971692e+02
9.010000000000000000e+02 3.074094116584008134e+02
9.020000000000000000e+02 3.125429157717069870e+02
9.030000000000000000e+02 2.936054503391827097e+02
9.040000000000000000e+02 2.912056998936048444e+02
9.050000000000000000e+02 3.008238400094159033e+02
9.060000000000000000e+02 2.889413837069753299e+02
9.070000000000000000e+02 2.846710235357666647e+02
9.080000000000000000e+02 2.625678604978321573e+02
9.090000000000000000e+02 3.249731157709858280e+02
9.100000000000000000e+02 2.907933907555198516e+02
9.110000000000000000e+02 2.829858775786032083e+02
9.120000000000000000e+02 2.625686100349245180e+02
9.130000000000000000e+02 2.386115922366506652e+02
9.140000000000000000e+02 2.700507362781230540e+02
9.150000000000000000e+02 3.011359751737730903e+02
9.160000000000000000e+02 2.835136441527006355e+02
9.170000000000000000e+02 2.890984998701610493e+02
9.180000000000000000e+02 2.634780337414702558e+02
9.190000000000000000e+02 3.058481206156450298e+02
9.200000000000000000e+02 2.765587248793784738e+02
9.210000000000000000e+02 2.402744182553153109e+02
9.220000000000000000e+02 2.767517275533222119e+02
9.230000000000000000e+02 2.698835671747253855e+02
9.240000000000000000e+02 2.975171239595844099e+02
9.250000000000000000e+02 2.967022410656765032e+02
9.260000000000000000e+02 2.907482349038751863e+02
9.270000000000000000e+02 2.706238938766957745e+02
9.280000000000000000e+02 3.096843545101262407e+02
9.290000000000000000e+02 2.912616686542108368e+02
9.300000000000000000e+02 2.675278138041090301e+02
9.310000000000000000e+02 2.572289355986995929e+02
9.320000000000000000e+02 2.894364955695112940e+02
9.330000000000000000e+02 2.683960874236290692e+02
9.340000000000000000e+02 2.860023305833167910e+02
9.350000000000000000e+02 3.036458090851652969e+02
9.360000000000000000e+02 2.846572836622578961e+02
9.370000000000000000e+02 3.096325256511761381e+02
9.380000000000000000e+02 2.794881447204897995e+02
9.390000000000000000e+02 3.114227855467418067e+02
9.400000000000000000e+02 3.011046261393997838e+02
9.410000000000000000e+02 2.705663586156912288e+02
9.420000000000000000e+02 2.805279541317411827e+02
9.430000000000000000e+02 2.672390745986031106e+02
9.440000000000000000e+02 3.137938954102547768e+02
9.450000000000000000e+02 2.584198298355212273e+02
9.460000000000000000e+02 2.864312173454210892e+02
9.470000000000000000e+02 2.670957257703190635e+02
9.480000000000000000e+02 2.862201687886596346e+02
9.490000000000000000e+02 2.863015419516229940e+02
9.500000000000000000e+02 3.198287661233164272e+02
9.510000000000000000e+02 2.584397492846533169e+02
9.520000000000000000e+02 2.977169266936306826e+02
9.530000000000000000e+02 3.067386494817897074e+02
9.540000000000000000e+02 2.696155583807690164e+02
9.550000000000000000e+02 2.561879867231929211e+02
9.560000000000000000e+02 2.846606612047280578e+02
9.570000000000000000e+02 2.780852103717521686e+02
9.580000000000000000e+02 2.503558221519442100e+02
9.590000000000000000e+02 2.512544790776819070e+02
9.600000000000000000e+02 2.897283296024061201e+02
9.610000000000000000e+02 2.894617766914377626e+02
9.620000000000000000e+02 2.752644478540196360e+02
9.630000000000000000e+02 2.775887289313527049e+02
9.640000000000000000e+02 2.522086988799570406e+02
9.650000000000000000e+02 2.806586184150561394e+02
9.660000000000000000e+02 2.645832283240964102e+02
9.670000000000000000e+02 2.736791893015641790e+02
9.680000000000000000e+02 2.973781884593851714e+02
9.690000000000000000e+02 2.835011137991889996e+02
9.700000000000000000e+02 2.831458131862320329e+02
9.710000000000000000e+02 2.462464524510238277e+02
9.720000000000000000e+02 3.005133474466119878e+02
9.730000000000000000e+02 2.907779504114954534e+02
9.740000000000000000e+02 2.743011727211071502e+02
9.750000000000000000e+02 2.717216862391271661e+02
9.760000000000000000e+02 2.984950238101859554e+02
9.770000000000000000e+02 2.774129924687894118e+02
9.780000000000000000e+02 2.699842866100527203e+02
9.790000000000000000e+02 2.978241327995849019e+02
9.800000000000000000e+02 2.854210624533444616e+02
9.810000000000000000e+02 2.888407941697215620e+02
9.820000000000000000e+02 2.558134650503905334e+02
9.830000000000000000e+02 2.850278269542692442e+02
9.840000000000000000e+02 2.984742878874388907e+02
9.850000000000000000e+02 2.738241607742937731e+02
9.860000000000000000e+02 2.990471865788624086e+02
9.870000000000000000e+02 2.582452671335181549e+02
9.880000000000000000e+02 2.819981688665768047e+02
9.890000000000000000e+02 2.731929312864987764e+02
9.900000000000000000e+02 2.629663209898444620e+02
9.910000000000000000e+02 2.778846765433779638e+02
9.920000000000000000e+02 2.723210312352133542e+02
9.930000000000000000e+02 3.088032096582555823e+02
9.940000000000000000e+02 2.847301419902827320e+02
9.950000000000000000e+02 2.815286047939667924e+02
9.960000000000000000e+02 2.793435369193551878e+02
9.970000000000000000e+02 2.762174199617358568e+02
9.980000000000000000e+02 2.788890479727735396e+02
9.990000000000000000e+02 3.024290875385003119e+02
