0.000000000000000000e+00 -3.425053143933918420e+01
1.000000000000000000e+00 -1.579064304860565926e+01
2.000000000000000000e+00 -1.484179575007052847e+02
3.000000000000000000e+00 -2.992730163590605912e+02
4.000000000000000000e+00 -7.065831187088601837e+02
5.000000000000000000e+00 -2.682382762877772393e+02
6.000000000000000000e+00 -3.630463727277937096e+02
7.000000000000000000e+00 -1.346421310818507493e+02
8.000000000000000000e+00 -1.026972617022046990e+02
9.000000000000000000e+00 -2.088654492855834519e+02
1.000000000000000000e+01 -3.150322199363397431e+02
1.100000000000000000e+01 -5.031797437449593957e+01
1.200000000000000000e+01 -1.133980752087342125e+02
1.300000000000000000e+01 -3.843741417924323969e+02
1.400000000000000000e+01 -1.139679309229701403e+02
1.500000000000000000e+01 -4.291308837267054628e+02
1.600000000000000000e+01 -2.795415988652520696e+02
1.700000000000000000e+01 -1.464397144994004805e+02
1.800000000000000000e+01 -4.942719488866556787e+01
1.900000000000000000e+01 -3.007941269754765585e+02
2.000000000000000000e+01 -3.903576236268077082e+01
2.100000000000000000e+01 -1.028096144610918259e+02
2.200000000000000000e+01 -2.730530052328368242e+02
2.300000000000000000e+01 -6.728730759810963491e+01
2.400000000000000000e+01 -3.498543760899464132e+02
2.500000000000000000e+01 -1.025386063918530084e+02
2.600000000000000000e+01 -4.792178379160750978e+02
2.700000000000000000e+01 2.201114327874098819e+01
2.800000000000000000e+01 -1.092505748598807287e+02
2.900000000000000000e+01 -4.303961734868439635e+02
3.000000000000000000e+01 -6.391086874442248700e+01
3.100000000000000000e+01 -1.309617503455347105e+02
3.200000000000000000e+01 -2.242047035984699903e+02
3.300000000000000000e+01 -2.119945185579795748e+02
3.400000000000000000e+01 -1.125150454809960365e+02
3.500000000000000000e+01 -2.642989226979902924e+02
3.600000000000000000e+01 -1.586299905974368301e+02
3.700000000000000000e+01 -2.421025157218131199e+02
3.800000000000000000e+01 -2.361918924463141707e+02
3.900000000000000000e+01 -4.351743294681592715e+02
4.000000000000000000e+01 -1.764878320162043792e+02
4.100000000000000000e+01 -1.766648467675311167e+02
4.200000000000000000e+01 -9.495626516556062313e+01
4.300000000000000000e+01 -1.617090400033803235e+02
4.400000000000000000e+01 -1.588940284260121985e+02
4.500000000000000000e+01 -4.141941438242779583e+01
4.600000000000000000e+01 -8.203010516134671093e+01
4.700000000000000000e+01 -4.261695044969810198e+01
4.800000000000000000e+01 -8.721083331991820842e+01
4.900000000000000000e+01 -3.093754004279660421e+02
5.000000000000000000e+01 -3.612965300825338204e+02
5.100000000000000000e+01 -1.134844551617093771e+02
5.200000000000000000e+01 -1.482315834158753205e+02
5.300000000000000000e+01 -1.185019760675274370e+02
5.400000000000000000e+01 -7.730055571984691198e+01
5.500000000000000000e+01 -2.597423112600307604e+02
5.600000000000000000e+01 -5.445300874223337360e+02
5.700000000000000000e+01 -1.550055257024754951e+02
5.800000000000000000e+01 -2.385471847902072682e+02
5.900000000000000000e+01 -1.889963020864734915e+02
6.000000000000000000e+01 -7.622082025116932869e+01
6.100000000000000000e+01 -3.894670077087034201e+02
6.200000000000000000e+01 -1.201039374410549101e+02
6.300000000000000000e+01 -1.993228524863445728e+01
6.400000000000000000e+01 -8.616867294511412467e+01
6.500000000000000000e+01 -1.122064453149956478e+02
6.600000000000000000e+01 -7.261667046703263395e+01
6.700000000000000000e+01 -7.339055622765533826e+01
6.800000000000000000e+01 -9.109836179758845276e+01
6.900000000000000000e+01 -1.057576675038848180e+02
7.000000000000000000e+01 -7.579856614013979765e+01
7.100000000000000000e+01 -1.897855750654782980e+02
7.200000000000000000e+01 -2.424226958531383787e+02
7.300000000000000000e+01 -2.259425164041375638e+02
7.400000000000000000e+01 -9.580344476880623006e+01
7.500000000000000000e+01 -1.400259110809365382e+02
7.600000000000000000e+01 -1.025059181492346596e+02
7.700000000000000000e+01 -1.625715343529499251e+02
7.800000000000000000e+01 -8.767334671246470634e+01
7.900000000000000000e+01 -9.963846107719078304e+01
8.000000000000000000e+01 -7.806233421295200969e+01
8.100000000000000000e+01 -6.921635198937397604e+01
8.200000000000000000e+01 -9.949986593334345741e+01
8.300000000000000000e+01 -2.290064002414084143e+02
8.400000000000000000e+01 -5.122003180473316775e+01
8.500000000000000000e+01 -9.204211800823553347e+01
8.600000000000000000e+01 -8.002571335585946599e+01
8.700000000000000000e+01 -4.865976545419292876e+01
8.800000000000000000e+01 -5.239239846447221538e+01
8.900000000000000000e+01 -9.960949676220504045e+01
9.000000000000000000e+01 -8.101289531511926612e+01
9.100000000000000000e+01 -4.135132051548232113e+01
9.200000000000000000e+01 -7.912594564899970351e+01
9.300000000000000000e+01 -6.426163777702274160e+01
9.400000000000000000e+01 -1.135597862427779887e+02
9.500000000000000000e+01 -1.018359974478532877e+02
9.600000000000000000e+01 -1.349503687313004434e+02
9.700000000000000000e+01 -6.350563889255487027e+01
9.800000000000000000e+01 -5.396522636057005684e+01
9.900000000000000000e+01 -8.463900749021009062e+01
1.000000000000000000e+02 -1.468493828319723491e+02
1.010000000000000000e+02 -5.381579031622370479e+01
1.020000000000000000e+02 -1.518205672854579689e+02
1.030000000000000000e+02 -8.192173829017259834e+01
1.040000000000000000e+02 -1.051253732361714697e+02
1.050000000000000000e+02 -6.607139927699105897e+01
1.060000000000000000e+02 -2.363546501091371965e+02
1.070000000000000000e+02 -7.025273334306361050e+01
1.080000000000000000e+02 -1.626900591691713771e+01
1.090000000000000000e+02 -1.369377591560462974e+02
1.100000000000000000e+02 -1.259778321168959394e+02
1.110000000000000000e+02 -7.192300912248846601e+01
1.120000000000000000e+02 -6.012068112984708534e+01
1.130000000000000000e+02 -1.314211762648971273e+02
1.140000000000000000e+02 -7.697345959954331818e+01
1.150000000000000000e+02 -9.518424214803445693e+01
1.160000000000000000e+02 -4.847116096349990499e+01
1.170000000000000000e+02 -1.491750679017016523e+02
1.180000000000000000e+02 -1.136302541824983052e+02
1.190000000000000000e+02 -8.279725401575517196e+01
1.200000000000000000e+02 -2.013461171749574419e+01
1.210000000000000000e+02 -9.808220281795712481e+01
1.220000000000000000e+02 -7.127982650104448226e+01
1.230000000000000000e+02 -6.697094684114405538e+01
1.240000000000000000e+02 -4.193059626200831502e+01
1.250000000000000000e+02 -6.638767073603999336e+01
1.260000000000000000e+02 -8.540107599948444772e+01
1.270000000000000000e+02 -3.286656705737713935e+01
1.280000000000000000e+02 -3.143714462515220021e+01
1.290000000000000000e+02 -1.459003395444187845e+01
1.300000000000000000e+02 -4.576689243940127483e+01
1.310000000000000000e+02 -5.860689804177312112e+01
1.320000000000000000e+02 -4.198897911009256489e+01
1.330000000000000000e+02 -9.880665211387844238e+01
1.340000000000000000e+02 -1.893165363213415162e+02
1.350000000000000000e+02 -8.651322948107841171e+01
1.360000000000000000e+02 -3.938092811957557160e+01
1.370000000000000000e+02 -1.391861121369950922e+02
1.380000000000000000e+02 -6.820581660846572447e+01
1.390000000000000000e+02 -1.026267476106827417e+02
1.400000000000000000e+02 -5.877641131544620379e+01
1.410000000000000000e+02 -1.699894957011728991e+01
1.420000000000000000e+02 -4.479040444943302646e+01
1.430000000000000000e+02 -1.637060569185234726e+02
1.440000000000000000e+02 -5.853720812078370983e+01
1.450000000000000000e+02 -7.317332617922522786e+01
1.460000000000000000e+02 -5.792528068899154903e+01
1.470000000000000000e+02 -8.468451274209581925e+01
1.480000000000000000e+02 -5.103838626671365830e+01
1.490000000000000000e+02 -1.810059753971825103e+01
1.500000000000000000e+02 -6.855878961020704310e+01
1.510000000000000000e+02 2.420602078337722673e+00
1.520000000000000000e+02 -1.178273299818705908e+02
1.530000000000000000e+02 -3.156479969259362406e+01
1.540000000000000000e+02 -3.365646093765658975e+01
1.550000000000000000e+02 -7.707889822962314952e+01
1.560000000000000000e+02 -2.033712301803173261e+01
1.570000000000000000e+02 -6.592938354576880045e+01
1.580000000000000000e+02 -7.174753380584445495e+01
1.590000000000000000e+02 2.489680921787665113e+01
1.600000000000000000e+02 -4.391084965475343438e+01
1.610000000000000000e+02 -2.936018667258122150e+01
1.620000000000000000e+02 -7.274642231499177569e+01
1.630000000000000000e+02 -1.611913066956988416e+01
1.640000000000000000e+02 -1.836851399785638250e+01
1.650000000000000000e+02 -2.750591375765822022e+01
1.660000000000000000e+02 -5.931368841975481132e+01
1.670000000000000000e+02 -3.031638215388713320e+01
1.680000000000000000e+02 2.598410470901542624e+01
1.690000000000000000e+02 -2.577964709968810553e+00
1.700000000000000000e+02 -7.664510035189472603e+01
1.710000000000000000e+02 -2.712162421873956930e+01
1.720000000000000000e+02 -1.958520332812415177e+01
1.730000000000000000e+02 3.307979985176280024e+01
1.740000000000000000e+02 -4.906170611718538055e+01
1.750000000000000000e+02 -7.991083166532385462e+01
1.760000000000000000e+02 -3.932061955134464881e+01
1.770000000000000000e+02 -4.270371271481458564e+01
1.780000000000000000e+02 -3.222493595645792652e+01
1.790000000000000000e+02 -1.575999786233352040e+01
1.800000000000000000e+02 -3.223439051916174947e+01
1.810000000000000000e+02 -1.269532943203172692e+01
1.820000000000000000e+02 2.203275941370054625e+01
1.830000000000000000e+02 -3.212961566300290883e+01
1.840000000000000000e+02 5.300151905910387740e+01
1.850000000000000000e+02 -4.834209747472527852e+01
1.860000000000000000e+02 -2.763161549555820784e+01
1.870000000000000000e+02 -3.071419092358961223e+01
1.880000000000000000e+02 -4.752449701804039250e+00
1.890000000000000000e+02 -2.061238041193762172e+01
1.900000000000000000e+02 1.356217508261340754e+01
1.910000000000000000e+02 -3.405157962215666601e+01
1.920000000000000000e+02 -6.304709726825032590e+01
1.930000000000000000e+02 -5.536333137128887927e+01
1.940000000000000000e+02 9.802863061346457130e+00
1.950000000000000000e+02 -8.895310338969579789e+00
1.960000000000000000e+02 1.702746630805913242e+01
1.970000000000000000e+02 -5.232570680482240277e-01
1.980000000000000000e+02 -1.081098465162831701e+01
1.990000000000000000e+02 -3.258586144126402928e+01
2.000000000000000000e+02 -2.863503318497330952e+01
2.010000000000000000e+02 -2.320515956249910516e+01
2.020000000000000000e+02 3.268447827518909321e+01
2.030000000000000000e+02 -1.082128292963140694e+02
2.040000000000000000e+02 1.488513001605033992e+01
2.050000000000000000e+02 -6.471857688048302748e+00
2.060000000000000000e+02 -1.819657356412278659e+02
2.070000000000000000e+02 -1.470261175616815308e+01
2.080000000000000000e+02 3.413723083404508429e+01
2.090000000000000000e+02 3.344677632967395198e+01
2.100000000000000000e+02 5.902843005097963669e+01
2.110000000000000000e+02 1.909530526807762385e+01
2.120000000000000000e+02 3.100474834967022275e+01
2.130000000000000000e+02 -3.594352330823713260e+01
2.140000000000000000e+02 -8.469362326405914132e+00
2.150000000000000000e+02 1.367581478829949049e+01
2.160000000000000000e+02 9.490018130126561857e+01
2.170000000000000000e+02 1.352165785746964843e+01
2.180000000000000000e+02 -3.090998751763375196e+01
2.190000000000000000e+02 1.674560467303751921e+01
2.200000000000000000e+02 1.266736322288082306e+01
2.210000000000000000e+02 3.912057264231373210e+01
2.220000000000000000e+02 -3.895561281966308798e-01
2.230000000000000000e+02 -1.407647732676745989e+01
2.240000000000000000e+02 3.342571718703160855e+01
2.250000000000000000e+02 -4.422604738620297837e+01
2.260000000000000000e+02 8.086934420478925745e+00
2.270000000000000000e+02 3.439323197541884269e+01
2.280000000000000000e+02 -4.467217869586619372e-01
2.290000000000000000e+02 6.598803644193691298e+01
2.300000000000000000e+02 3.092926463729725128e+00
2.310000000000000000e+02 -1.401462823726234319e+01
2.320000000000000000e+02 1.505350225256503904e+01
2.330000000000000000e+02 5.338620730491842892e+01
2.340000000000000000e+02 4.778308268362567901e+01
2.350000000000000000e+02 1.852439970101890765e+01
2.360000000000000000e+02 1.634405641810430154e+01
2.370000000000000000e+02 -2.967706870044992229e+01
2.380000000000000000e+02 3.938358419375006747e+01
2.390000000000000000e+02 -2.469514296090549976e+01
2.400000000000000000e+02 4.378868914395219747e+01
2.410000000000000000e+02 1.793084581891623941e+01
2.420000000000000000e+02 -1.072392480248361011e+02
2.430000000000000000e+02 9.182515197648697836e+01
2.440000000000000000e+02 3.785404628704007024e+01
2.450000000000000000e+02 3.899126651036095836e+01
2.460000000000000000e+02 -1.279810576987878790e+01
2.470000000000000000e+02 9.035691349323522559e+01
2.480000000000000000e+02 5.260923329049719399e+01
2.490000000000000000e+02 -5.003168223686699889e+00
2.500000000000000000e+02 -1.954155922000760484e+02
2.510000000000000000e+02 3.815919898785996622e+01
2.520000000000000000e+02 2.963764289219858483e+01
2.530000000000000000e+02 9.204603204281364981e+01
2.540000000000000000e+02 4.224408447228525887e+01
2.550000000000000000e+02 6.003689242770477108e+00
2.560000000000000000e+02 1.632641353817592744e+01
2.570000000000000000e+02 2.790187534665830071e+01
2.580000000000000000e+02 7.124258787510513002e+00
2.590000000000000000e+02 1.138473695677487285e+02
2.600000000000000000e+02 1.064039077384532845e+02
2.610000000000000000e+02 3.210383544079255103e+01
2.620000000000000000e+02 -2.966534845579056423e+01
2.630000000000000000e+02 8.226414663416576900e+01
2.640000000000000000e+02 7.353012144423931318e+01
2.650000000000000000e+02 1.015936038096268987e+02
2.660000000000000000e+02 1.382303414998516189e+01
2.670000000000000000e+02 2.374650470746151143e+01
2.680000000000000000e+02 3.778883552840699167e+01
2.690000000000000000e+02 9.195549344564383887e+00
2.700000000000000000e+02 -1.390670492556132842e+01
2.710000000000000000e+02 3.381668808587738795e+01
2.720000000000000000e+02 5.872698033269898588e-01
2.730000000000000000e+02 2.230232122672772732e+01
2.740000000000000000e+02 -1.457229879048360033e+01
2.750000000000000000e+02 6.012508079595347255e+01
2.760000000000000000e+02 -2.111710854365945522e+01
2.770000000000000000e+02 7.674402566296812722e+01
2.780000000000000000e+02 2.318195428958982518e+01
2.790000000000000000e+02 8.231164359728629165e+01
2.800000000000000000e+02 1.217193348174336620e+01
2.810000000000000000e+02 9.097732501051987697e+01
2.820000000000000000e+02 1.617270522206295880e+01
2.830000000000000000e+02 2.580656711111569734e+01
2.840000000000000000e+02 9.663193455379072816e+01
2.850000000000000000e+02 7.651029910821236513e+01
2.860000000000000000e+02 1.126705104495292460e+02
2.870000000000000000e+02 1.752949654910693766e+01
2.880000000000000000e+02 5.808041393152812049e+01
2.890000000000000000e+02 6.090842020530828904e+01
2.900000000000000000e+02 6.377936956548832370e+01
2.910000000000000000e+02 8.564201731030081532e+01
2.920000000000000000e+02 4.913280141269429180e+01
2.930000000000000000e+02 9.163367249419472671e+01
2.940000000000000000e+02 -1.068612050941372189e+02
2.950000000000000000e+02 3.625685054126888929e+01
2.960000000000000000e+02 4.321992902660650770e+01
2.970000000000000000e+02 5.913788833833308445e+01
2.980000000000000000e+02 -7.524807061796495589e+01
2.990000000000000000e+02 -3.017416709538977670e+00
3.000000000000000000e+02 5.139952226246137457e+00
3.010000000000000000e+02 -2.727275575433964150e+00
3.020000000000000000e+02 1.027718492028719908e+02
3.030000000000000000e+02 1.579362840788921574e+02
3.040000000000000000e+02 5.846153870725952117e+01
3.050000000000000000e+02 1.231946828795677504e+02
3.060000000000000000e+02 -6.127347172455685609e+01
3.070000000000000000e+02 7.024351277975152641e+01
3.080000000000000000e+02 6.486974616209718647e+01
3.090000000000000000e+02 7.505688101287762493e+01
3.100000000000000000e+02 6.237298608077580298e+01
3.110000000000000000e+02 1.172731736671856169e+02
3.120000000000000000e+02 5.056092500893825559e+01
3.130000000000000000e+02 2.476467123754484589e+01
3.140000000000000000e+02 9.439475215951196674e+01
3.150000000000000000e+02 -1.324252580829590329e+02
3.160000000000000000e+02 1.160054217996586203e+02
3.170000000000000000e+02 4.281317994123661208e+01
3.180000000000000000e+02 3.260470643078886610e+01
3.190000000000000000e+02 2.566318613397851323e+01
3.200000000000000000e+02 -1.184939227271449624e+01
3.210000000000000000e+02 -1.002888029327893804e+02
3.220000000000000000e+02 5.336101063227761188e+01
3.230000000000000000e+02 8.106650049538812652e+01
3.240000000000000000e+02 1.324775333648748301e+02
3.250000000000000000e+02 3.044164015453989691e+01
3.260000000000000000e+02 9.124961844900136043e+01
3.270000000000000000e+02 -1.333604329257915211e+01
3.280000000000000000e+02 1.349752591761728979e+02
3.290000000000000000e+02 7.956843226035263683e+01
3.300000000000000000e+02 -1.854797881279391163e+02
3.310000000000000000e+02 7.772633052557293354e+01
3.320000000000000000e+02 1.121729731717176719e+02
3.330000000000000000e+02 3.235712061887272739e+01
3.340000000000000000e+02 -1.094173358321347820e+02
3.350000000000000000e+02 1.607871582964575907e+01
3.360000000000000000e+02 1.148608615350144824e+01
3.370000000000000000e+02 1.435583543215986424e+02
3.380000000000000000e+02 1.431280434697824830e+02
3.390000000000000000e+02 3.745382143640831174e+01
3.400000000000000000e+02 4.474026108574967253e+01
3.410000000000000000e+02 1.670993419650135081e+01
3.420000000000000000e+02 6.341773305179179943e+01
3.430000000000000000e+02 1.371296952836003697e+02
3.440000000000000000e+02 1.402398056744585801e+02
3.450000000000000000e+02 8.524687398093473689e+01
3.460000000000000000e+02 9.950863872744972127e+01
3.470000000000000000e+02 1.335340797531639510e+02
3.480000000000000000e+02 1.255896983188540901e+02
3.490000000000000000e+02 -9.044676567459177363e+00
3.500000000000000000e+02 1.066999022920009708e+02
3.510000000000000000e+02 8.146507344355156022e+01
3.520000000000000000e+02 2.236285815217170025e+01
3.530000000000000000e+02 1.079592551732692414e+02
3.540000000000000000e+02 -3.206742522140782512e+02
3.550000000000000000e+02 1.147572744650588277e+02
3.560000000000000000e+02 1.275633821089868434e+02
3.570000000000000000e+02 1.042471437454108667e+02
3.580000000000000000e+02 6.507805848427963724e+00
3.590000000000000000e+02 9.640326380406781936e+01
3.600000000000000000e+02 7.798228331529593049e+01
3.610000000000000000e+02 4.424913784602573941e+01
3.620000000000000000e+02 4.926181349087858052e+01
3.630000000000000000e+02 1.824959204947532143e+01
3.640000000000000000e+02 1.224052125198861489e+02
3.650000000000000000e+02 -1.593899767928946574e+02
3.660000000000000000e+02 1.027976223662997626e+02
3.670000000000000000e+02 9.335140750301755475e+01
3.680000000000000000e+02 7.461683001319404696e+01
3.690000000000000000e+02 1.215301892489318618e+02
3.700000000000000000e+02 9.456437552100169341e+01
3.710000000000000000e+02 6.524854791247986441e+01
3.720000000000000000e+02 2.892825227418117962e+01
3.730000000000000000e+02 1.191474973698467181e+02
3.740000000000000000e+02 1.337638803256482163e+02
3.750000000000000000e+02 4.781575049750836115e+01
3.760000000000000000e+02 4.982699016947307769e+01
3.770000000000000000e+02 1.141929460553801192e+02
3.780000000000000000e+02 -1.579483906527642034e+02
3.790000000000000000e+02 1.169055100970185777e+02
3.800000000000000000e+02 1.075351031379734792e+02
3.810000000000000000e+02 1.120146115064728036e+02
3.820000000000000000e+02 1.351906220132777037e+02
3.830000000000000000e+02 -2.607111827471428001e+00
3.840000000000000000e+02 1.246266146620882154e+02
3.850000000000000000e+02 1.307459355678175541e+02
3.860000000000000000e+02 1.010394881449938111e+02
3.870000000000000000e+02 1.106134296677815598e+02
3.880000000000000000e+02 9.560586167847650074e+01
3.890000000000000000e+02 5.533471227901728184e+01
3.900000000000000000e+02 1.213149274213191404e+02
3.910000000000000000e+02 1.035877496049969437e+02
3.920000000000000000e+02 1.084932912321809368e+02
3.930000000000000000e+02 1.180376636544346098e+02
3.940000000000000000e+02 1.115763643615655525e+02
3.950000000000000000e+02 1.277602564614710730e+02
3.960000000000000000e+02 1.022606080001783901e+01
3.970000000000000000e+02 1.279804833817630367e+02
3.980000000000000000e+02 1.581048381998879790e+02
3.990000000000000000e+02 1.146990965350611020e+02
4.000000000000000000e+02 8.452911963992049493e+01
4.010000000000000000e+02 7.732085610003517218e+01
4.020000000000000000e+02 7.567576217476492673e+01
4.030000000000000000e+02 1.974101120642757223e+00
4.040000000000000000e+02 -3.077064106890290418e+01
4.050000000000000000e+02 1.138666764990016702e+02
4.060000000000000000e+02 1.506894963796403601e+02
4.070000000000000000e+02 1.261689874299684533e+02
4.080000000000000000e+02 8.718091916289438359e+01
4.090000000000000000e+02 1.465298843796452104e+02
4.100000000000000000e+02 1.264250538183675587e+02
4.110000000000000000e+02 7.219291885359304217e+01
4.120000000000000000e+02 9.350166860154479309e+01
4.130000000000000000e+02 1.064461793020104921e+02
4.140000000000000000e+02 1.421245843834585401e+02
4.150000000000000000e+02 1.100568862872763987e+02
4.160000000000000000e+02 1.309009367278890466e+02
4.170000000000000000e+02 1.285254529827597594e+02
4.180000000000000000e+02 1.164330041202808843e+02
4.190000000000000000e+02 1.723719743194089631e+02
4.200000000000000000e+02 1.756137973999997257e+02
4.210000000000000000e+02 1.343741786932281741e+02
4.220000000000000000e+02 1.390012327786668607e+02
4.230000000000000000e+02 1.482223615176382623e+02
4.240000000000000000e+02 1.175951149350281497e+02
4.250000000000000000e+02 3.382125973987423606e+01
4.260000000000000000e+02 6.383701084488817656e+01
4.270000000000000000e+02 6.704037353408608624e+01
4.280000000000000000e+02 3.345418683832673423e+01
4.290000000000000000e+02 1.192528480563228754e+02
4.300000000000000000e+02 1.442683741756840163e+02
4.310000000000000000e+02 1.539477881529636250e+02
4.320000000000000000e+02 1.242168432594523324e+02
4.330000000000000000e+02 1.650859317872954932e+02
4.340000000000000000e+02 1.212538598025594041e+02
4.350000000000000000e+02 1.192469269375149423e+02
4.360000000000000000e+02 -6.104834539194655463e+00
4.370000000000000000e+02 1.351232213125597923e+02
4.380000000000000000e+02 1.429321531483811896e+02
4.390000000000000000e+02 9.375353166221850643e+01
4.400000000000000000e+02 1.258821592795713826e+02
4.410000000000000000e+02 1.599240134091023720e+02
4.420000000000000000e+02 1.114563029767782325e+02
4.430000000000000000e+02 1.522674133434563259e+02
4.440000000000000000e+02 8.751259306674919003e+01
4.450000000000000000e+02 1.617078355407556955e+02
4.460000000000000000e+02 1.187777625963430808e+02
4.470000000000000000e+02 1.527539263098494473e+02
4.480000000000000000e+02 2.225377398455448485e+01
4.490000000000000000e+02 1.213309612125099335e+02
4.500000000000000000e+02 1.185458928159995224e+02
4.510000000000000000e+02 1.325312686919496912e+02
4.520000000000000000e+02 1.600466794869255978e+02
4.530000000000000000e+02 9.940849870598924554e+01
4.540000000000000000e+02 1.099596560704404027e+02
4.550000000000000000e+02 1.296000093838819396e+02
4.560000000000000000e+02 1.531585445135715418e+02
4.570000000000000000e+02 1.535346691558657994e+02
4.580000000000000000e+02 9.195075700980041233e+01
4.590000000000000000e+02 1.384555242128188297e+02
4.600000000000000000e+02 1.493866633178236611e+02
4.610000000000000000e+02 1.190687281754489817e+02
4.620000000000000000e+02 1.004516773149122315e+02
4.630000000000000000e+02 1.432021483330870240e+02
4.640000000000000000e+02 1.395017192631917737e+02
4.650000000000000000e+02 1.522469462235515891e+02
4.660000000000000000e+02 1.123290112236440876e+02
4.670000000000000000e+02 1.646579294859345737e+02
4.680000000000000000e+02 1.258963128214007838e+02
4.690000000000000000e+02 1.841644812538116298e+02
4.700000000000000000e+02 1.159104106911696874e+02
4.710000000000000000e+02 1.066743936326550255e+02
4.720000000000000000e+02 1.790775588293161888e+02
4.730000000000000000e+02 1.418276055217607450e+02
4.740000000000000000e+02 1.224551533477937966e+02
4.750000000000000000e+02 1.464847445382063142e+02
4.760000000000000000e+02 1.234662059898954567e+02
4.770000000000000000e+02 1.537074067713560055e+02
4.780000000000000000e+02 1.295717085073131898e+02
4.790000000000000000e+02 1.774972705079107698e+02
4.800000000000000000e+02 1.500121437106190569e+02
4.810000000000000000e+02 5.352654604143222627e+01
4.820000000000000000e+02 2.175687181019230110e+01
4.830000000000000000e+02 7.301109032452146153e+01
4.840000000000000000e+02 1.065209811387938146e+02
4.850000000000000000e+02 1.498995217085241336e+02
4.860000000000000000e+02 1.282934173470732730e+02
4.870000000000000000e+02 1.621790521523994073e+02
4.880000000000000000e+02 1.279807094951211042e+02
4.890000000000000000e+02 1.444940363384452269e+02
4.900000000000000000e+02 1.201107960757342141e+02
4.910000000000000000e+02 1.838919587317939204e+02
4.920000000000000000e+02 1.561327173035654425e+02
4.930000000000000000e+02 1.541110853057679435e+02
4.940000000000000000e+02 4.231238687363416773e+01
4.950000000000000000e+02 1.302948865252308224e+02
4.960000000000000000e+02 1.474893137070473017e+02
4.970000000000000000e+02 1.221325219764391505e+02
4.980000000000000000e+02 1.451563370818273881e+02
4.990000000000000000e+02 1.299429136745760047e+02
5.000000000000000000e+02 1.301898005265346683e+02
5.010000000000000000e+02 1.533675607854527811e+02
5.020000000000000000e+02 4.576260472428248249e+01
5.030000000000000000e+02 1.600385450422474207e+02
5.040000000000000000e+02 9.427060563715654951e+01
5.050000000000000000e+02 1.538322967143294306e+02
5.060000000000000000e+02 1.727111865145517982e+02
5.070000000000000000e+02 1.129105757835038162e+02
5.080000000000000000e+02 1.850044472398182052e+02
5.090000000000000000e+02 1.497509135879667781e+02
5.100000000000000000e+02 1.679843505273909727e+02
5.110000000000000000e+02 1.400564258839891352e+02
5.120000000000000000e+02 9.904964682361858763e+01
5.130000000000000000e+02 1.605612672616483962e+02
5.140000000000000000e+02 3.031011057198071512e+01
5.150000000000000000e+02 1.614987192289840721e+02
5.160000000000000000e+02 1.640793400555742210e+02
5.170000000000000000e+02 1.526659240561579907e+02
5.180000000000000000e+02 1.400062183788344043e+02
5.190000000000000000e+02 1.427757082017705557e+02
5.200000000000000000e+02 1.540391425475094422e+02
5.210000000000000000e+02 1.307158563185366233e+02
5.220000000000000000e+02 1.789932558707191674e+02
5.230000000000000000e+02 1.543855683046006391e+02
5.240000000000000000e+02 1.465540456461127405e+02
5.250000000000000000e+02 1.312018299400215824e+02
5.260000000000000000e+02 1.393341503577876779e+02
5.270000000000000000e+02 1.492226853263456690e+02
5.280000000000000000e+02 4.025542124023868951e+01
5.290000000000000000e+02 1.564549589612179545e+02
5.300000000000000000e+02 1.340420922013436780e+02
5.310000000000000000e+02 1.456230152315966677e+02
5.320000000000000000e+02 1.602279250182225496e+02
5.330000000000000000e+02 1.324216774395093807e+02
5.340000000000000000e+02 1.860649453833939901e+02
5.350000000000000000e+02 1.658458495559333983e+02
5.360000000000000000e+02 1.236875697128013201e+02
5.370000000000000000e+02 8.728346816827230725e+01
5.380000000000000000e+02 1.282839534649558004e+02
5.390000000000000000e+02 1.842373852094204665e+02
5.400000000000000000e+02 1.553621582198913700e+02
5.410000000000000000e+02 1.233176764474865337e+02
5.420000000000000000e+02 1.873382388651201325e+02
5.430000000000000000e+02 1.741228733642757902e+02
5.440000000000000000e+02 1.472586266175384253e+02
5.450000000000000000e+02 1.498412637851919271e+02
5.460000000000000000e+02 1.366684588286686335e+02
5.470000000000000000e+02 1.307614151156998901e+02
5.480000000000000000e+02 1.510977739675202258e+02
5.490000000000000000e+02 1.311926954845444300e+02
5.500000000000000000e+02 1.388594840185748183e+02
5.510000000000000000e+02 1.484736664936120860e+02
5.520000000000000000e+02 1.420862505462626189e+02
5.530000000000000000e+02 1.689776499002637706e+02
5.540000000000000000e+02 1.501395142369544828e+02
5.550000000000000000e+02 1.344267251560542888e+02
5.560000000000000000e+02 1.478157904158348117e+02
5.570000000000000000e+02 1.460292731991616506e+02
5.580000000000000000e+02 1.697226081519696095e+02
5.590000000000000000e+02 1.522137849362703719e+02
5.600000000000000000e+02 1.507324449118729035e+02
5.610000000000000000e+02 1.645380122005641965e+02
5.620000000000000000e+02 1.473982180571632341e+02
5.630000000000000000e+02 1.637599040346075014e+02
5.640000000000000000e+02 1.274809167520460988e+02
5.650000000000000000e+02 1.641190871916054164e+02
5.660000000000000000e+02 1.865922521571006314e+02
5.670000000000000000e+02 1.481176248766280708e+02
5.680000000000000000e+02 1.703605545365039688e+02
5.690000000000000000e+02 1.653456113576279165e+02
5.700000000000000000e+02 1.626502913395284509e+02
5.710000000000000000e+02 1.738990830469756190e+02
5.720000000000000000e+02 1.894462938170483426e+02
5.730000000000000000e+02 1.836415847197651203e+02
5.740000000000000000e+02 1.674045076044250493e+02
5.750000000000000000e+02 1.678850274046714333e+02
5.760000000000000000e+02 1.431190879694425178e+02
5.770000000000000000e+02 1.238832938997639417e+02
5.780000000000000000e+02 1.479663408297886349e+02
5.790000000000000000e+02 1.505568214483344320e+02
5.800000000000000000e+02 1.429452028992255919e+02
5.810000000000000000e+02 1.462336349356703522e+02
5.820000000000000000e+02 1.641466789376314637e+02
5.830000000000000000e+02 1.514444045821411748e+02
5.840000000000000000e+02 1.487668642980133598e+02
5.850000000000000000e+02 1.411092460938141926e+02
5.860000000000000000e+02 1.475026241594718783e+02
5.870000000000000000e+02 1.665757625389074406e+02
5.880000000000000000e+02 1.427050451325953304e+02
5.890000000000000000e+02 1.393617110029011599e+02
5.900000000000000000e+02 1.614791005270933795e+02
5.910000000000000000e+02 1.437446163852646634e+02
5.920000000000000000e+02 1.418430781330734760e+02
5.930000000000000000e+02 1.431027686407418571e+02
5.940000000000000000e+02 1.412342242034153514e+02
5.950000000000000000e+02 1.399487096071787278e+02
5.960000000000000000e+02 1.475266480344818660e+02
5.970000000000000000e+02 1.572695082567167333e+02
5.980000000000000000e+02 3.639550537400208441e+01
5.990000000000000000e+02 1.493574223513133745e+02
6.000000000000000000e+02 1.391441136713318372e+02
6.010000000000000000e+02 1.579165302693547801e+02
6.020000000000000000e+02 1.721612520152543482e+02
6.030000000000000000e+02 1.614175191618101621e+02
6.040000000000000000e+02 1.055358139052068367e+02
6.050000000000000000e+02 1.362818520672884688e+02
6.060000000000000000e+02 1.461589069130139080e+02
6.070000000000000000e+02 1.938507396228846176e+02
6.080000000000000000e+02 1.411125693773644798e+02
6.090000000000000000e+02 1.604546738381831119e+02
6.100000000000000000e+02 1.554515836728099885e+02
6.110000000000000000e+02 1.270007332604478734e+02
6.120000000000000000e+02 1.629270281233098103e+02
6.130000000000000000e+02 1.569066148495182915e+02
6.140000000000000000e+02 1.905621055501399894e+02
6.150000000000000000e+02 4.625975376414189100e+00
6.160000000000000000e+02 1.520670157066894603e+02
6.170000000000000000e+02 1.701850074318178940e+02
6.180000000000000000e+02 1.683207806602532060e+02
6.190000000000000000e+02 1.927567419440871106e+02
6.200000000000000000e+02 1.216397426724561797e+02
6.210000000000000000e+02 4.221044153520713849e+01
6.220000000000000000e+02 1.346716111707151526e+02
6.230000000000000000e+02 2.175758938304103935e+02
6.240000000000000000e+02 1.680540971448352536e+02
6.250000000000000000e+02 1.284633274208128171e+02
6.260000000000000000e+02 1.347148668594612673e+02
6.270000000000000000e+02 1.706113942874956138e+02
6.280000000000000000e+02 1.640581212622813609e+02
6.290000000000000000e+02 1.212034436609577028e+02
6.300000000000000000e+02 1.192164536171608518e+02
6.310000000000000000e+02 1.583899240094957577e+02
6.320000000000000000e+02 1.656177973086856525e+02
6.330000000000000000e+02 1.996018097984932069e+02
6.340000000000000000e+02 1.692561865233884362e+02
6.350000000000000000e+02 1.457904508468061238e+02
6.360000000000000000e+02 1.740951210923322208e+02
6.370000000000000000e+02 1.714869467084074017e+02
6.380000000000000000e+02 1.632470228515019244e+02
6.390000000000000000e+02 1.636717290585518185e+02
6.400000000000000000e+02 1.370154006929689672e+02
6.410000000000000000e+02 1.027162822185208313e+02
6.420000000000000000e+02 4.415182566150801335e+01
6.430000000000000000e+02 1.458982422865300350e+02
6.440000000000000000e+02 1.448007058728852314e+02
6.450000000000000000e+02 1.391134368069682523e+02
6.460000000000000000e+02 1.723044852877669086e+02
6.470000000000000000e+02 1.457813286677265125e+02
6.480000000000000000e+02 1.504358338649968516e+02
6.490000000000000000e+02 1.126480652283958221e+02
6.500000000000000000e+02 1.526124809998579508e+02
6.510000000000000000e+02 1.410470588288856959e+02
6.520000000000000000e+02 -2.183375572493753509e+02
6.530000000000000000e+02 1.655511349442119808e+02
6.540000000000000000e+02 1.915582871493225241e+02
6.550000000000000000e+02 1.641837081787143973e+02
6.560000000000000000e+02 1.490754080355374356e+02
6.570000000000000000e+02 1.517615445001893022e+02
6.580000000000000000e+02 1.762962876349295982e+02
6.590000000000000000e+02 5.373659384912485848e+01
6.600000000000000000e+02 1.562715319784653332e+02
6.610000000000000000e+02 1.747532513766454940e+02
6.620000000000000000e+02 1.265595279442256214e+02
6.630000000000000000e+02 1.361379601036179565e+02
6.640000000000000000e+02 1.391160828950668815e+02
6.650000000000000000e+02 1.667982322182119219e+02
6.660000000000000000e+02 1.687945543171852592e+02
6.670000000000000000e+02 1.528444333876214500e+02
6.680000000000000000e+02 1.476270803407721246e+02
6.690000000000000000e+02 1.324931778821804187e+02
6.700000000000000000e+02 1.711681508781415744e+02
6.710000000000000000e+02 1.291008300257644237e+02
6.720000000000000000e+02 1.726903611895942845e+02
6.730000000000000000e+02 1.210705186432776799e+02
6.740000000000000000e+02 1.623036982563504296e+02
6.750000000000000000e+02 1.738129961756661430e+02
6.760000000000000000e+02 1.670994156657194480e+02
6.770000000000000000e+02 1.485219631046624329e+02
6.780000000000000000e+02 1.583639457414859635e+02
6.790000000000000000e+02 1.572157236681297547e+02
6.800000000000000000e+02 1.476458344820688637e+02
6.810000000000000000e+02 1.407986320116499712e+02
6.820000000000000000e+02 1.184999988888542077e+02
6.830000000000000000e+02 1.520293646536653682e+02
6.840000000000000000e+02 1.636459842361552148e+02
6.850000000000000000e+02 1.904060656819655719e+02
6.860000000000000000e+02 1.322742955585655125e+02
6.870000000000000000e+02 1.360642272497380247e+02
6.880000000000000000e+02 1.391076415379777416e+02
6.890000000000000000e+02 1.650699923679341907e+02
6.900000000000000000e+02 1.372960326611012647e+02
6.910000000000000000e+02 1.189490673808709431e+02
6.920000000000000000e+02 1.642787412787752430e+02
6.930000000000000000e+02 1.539039718908422572e+02
6.940000000000000000e+02 1.577934013033193139e+02
6.950000000000000000e+02 1.768284512014993766e+02
6.960000000000000000e+02 1.515851146463060388e+02
6.970000000000000000e+02 1.347329053881225036e+02
6.980000000000000000e+02 2.197637856560389196e+02
6.990000000000000000e+02 1.602068076040643518e+02
7.000000000000000000e+02 1.790215036388868839e+02
7.010000000000000000e+02 1.365526909532973718e+02
7.020000000000000000e+02 1.871956452281750387e+02
7.030000000000000000e+02 1.730348313068867583e+02
7.040000000000000000e+02 1.585752776805522331e+02
7.050000000000000000e+02 1.423975685005181901e+02
7.060000000000000000e+02 1.719370421376513036e+02
7.070000000000000000e+02 1.718644879765447229e+02
7.080000000000000000e+02 1.740982307652755026e+02
7.090000000000000000e+02 1.737329418996556285e+02
7.100000000000000000e+02 1.510230972075605678e+02
7.110000000000000000e+02 1.360309471382886670e+02
7.120000000000000000e+02 1.585894271359241259e+02
7.130000000000000000e+02 3.159885164548131797e+01
7.140000000000000000e+02 1.506768973546417669e+02
7.150000000000000000e+02 1.774868760672890176e+02
7.160000000000000000e+02 1.678817408981733195e+02
7.170000000000000000e+02 1.610101252741859241e+02
7.180000000000000000e+02 1.693465666636092521e+02
7.190000000000000000e+02 1.730061710183747437e+02
7.200000000000000000e+02 1.827667674570980694e+02
7.210000000000000000e+02 1.418989075736865857e+02
7.220000000000000000e+02 1.555498197552442718e+02
7.230000000000000000e+02 1.199160358285988224e+02
7.240000000000000000e+02 1.793487595922068465e+02
7.250000000000000000e+02 1.674588202696527617e+02
7.260000000000000000e+02 1.857642545737625142e+02
7.270000000000000000e+02 2.032604351261490478e+02
7.280000000000000000e+02 1.525655957486587226e+02
7.290000000000000000e+02 1.534060048725809224e+02
7.300000000000000000e+02 1.791910248052118959e+02
7.310000000000000000e+02 1.374317695912048691e+02
7.320000000000000000e+02 1.671464548661996048e+02
7.330000000000000000e+02 1.636471390347024055e+02
7.340000000000000000e+02 1.140072231254456909e+02
7.350000000000000000e+02 1.463935678561150553e+02
7.360000000000000000e+02 1.530232817529580700e+02
7.370000000000000000e+02 1.721431869895193074e+02
7.380000000000000000e+02 1.735329938209965235e+02
7.390000000000000000e+02 1.848233400962042765e+02
7.400000000000000000e+02 1.678625036549458969e+02
7.410000000000000000e+02 1.930980941470662628e+02
7.420000000000000000e+02 1.760381603204059218e+02
7.430000000000000000e+02 1.508196868355292395e+02
7.440000000000000000e+02 1.534678493596976523e+02
7.450000000000000000e+02 1.509313371277336842e+02
7.460000000000000000e+02 1.689028851158044517e+02
7.470000000000000000e+02 1.610504790610799546e+02
7.480000000000000000e+02 1.830002413577048230e+02
7.490000000000000000e+02 1.489485502258295071e+02
7.500000000000000000e+02 1.338910438454206258e+02
7.510000000000000000e+02 1.799760855440894716e+02
7.520000000000000000e+02 1.807148473714336490e+02
7.530000000000000000e+02 1.727726269337158840e+02
7.540000000000000000e+02 1.996046003972452922e+02
7.550000000000000000e+02 1.518650735234061244e+02
7.560000000000000000e+02 2.744448287149640464e+02
7.570000000000000000e+02 1.455583185635677523e+02
7.580000000000000000e+02 1.399886150008723860e+02
7.590000000000000000e+02 1.626299098932975937e+02
7.600000000000000000e+02 1.729033995949730809e+02
7.610000000000000000e+02 1.526272934881328638e+02
7.620000000000000000e+02 1.680211874300493093e+02
7.630000000000000000e+02 1.557923070106408545e+02
7.640000000000000000e+02 1.806199831422898683e+02
7.650000000000000000e+02 1.640088167915750148e+02
7.660000000000000000e+02 1.330593799509654218e+02
7.670000000000000000e+02 1.455078033939573743e+02
7.680000000000000000e+02 2.410917474099289564e+02
7.690000000000000000e+02 1.504965410051952119e+02
7.700000000000000000e+02 1.590952301335866537e+02
7.710000000000000000e+02 1.630470146021418145e+02
7.720000000000000000e+02 1.737640886672852218e+02
7.730000000000000000e+02 1.905457734288554548e+02
7.740000000000000000e+02 1.790331201645990689e+02
7.750000000000000000e+02 1.435114779498589996e+02
7.760000000000000000e+02 1.482100344222858439e+02
7.770000000000000000e+02 1.495407023383853584e+02
7.780000000000000000e+02 1.472037559792983927e+02
7.790000000000000000e+02 1.471105238939868798e+02
7.800000000000000000e+02 2.907720624084140582e+02
7.810000000000000000e+02 1.756493750589590945e+02
7.820000000000000000e+02 2.020567565084593298e+02
7.830000000000000000e+02 1.768377238993456047e+02
7.840000000000000000e+02 1.802579325352257342e+02
7.850000000000000000e+02 1.338129949826730751e+02
7.860000000000000000e+02 1.753432633770461848e+02
7.870000000000000000e+02 1.745995583487141971e+02
7.880000000000000000e+02 1.767750588467049511e+02
7.890000000000000000e+02 1.543465762377350643e+02
7.900000000000000000e+02 1.568335726133448986e+02
7.910000000000000000e+02 1.599589595600214125e+02
7.920000000000000000e+02 1.677290042137906596e+02
7.930000000000000000e+02 1.506012829420252785e+02
7.940000000000000000e+02 2.847310621288799553e+02
7.950000000000000000e+02 1.742614194427574148e+02
7.960000000000000000e+02 1.632445585832590496e+02
7.970000000000000000e+02 1.673961485470480852e+02
7.980000000000000000e+02 1.794473968535147606e+02
7.990000000000000000e+02 1.760720496943173714e+02
8.000000000000000000e+02 1.735336142902072254e+02
8.010000000000000000e+02 2.198805771386032006e+02
8.020000000000000000e+02 1.767687855674775221e+02
8.030000000000000000e+02 1.838442668721366431e+02
8.040000000000000000e+02 1.667030579786745648e+02
8.050000000000000000e+02 2.017532938257839987e+02
8.060000000000000000e+02 1.625367927440717040e+02
8.070000000000000000e+02 1.552928249345269194e+02
8.080000000000000000e+02 2.849629677958803882e+02
8.090000000000000000e+02 1.855901022312496025e+02
8.100000000000000000e+02 1.697590915797919422e+02
8.110000000000000000e+02 2.039682248951014003e+02
8.120000000000000000e+02 1.815736403509630179e+02
8.130000000000000000e+02 1.446383702066854084e+02
8.140000000000000000e+02 1.868038902049876810e+02
8.150000000000000000e+02 2.838530538000099455e+02
8.160000000000000000e+02 1.402360042682917083e+02
8.170000000000000000e+02 1.669638561951198028e+02
8.180000000000000000e+02 1.577205370837648104e+02
8.190000000000000000e+02 1.768330501046015684e+02
8.200000000000000000e+02 2.500315994445451224e+02
8.210000000000000000e+02 1.890947862353865219e+02
8.220000000000000000e+02 2.813816225529606072e+02
8.230000000000000000e+02 1.494797265219073665e+02
8.240000000000000000e+02 2.664475363843814080e+02
8.250000000000000000e+02 1.834342463589344447e+02
8.260000000000000000e+02 1.886506427093487162e+02
8.270000000000000000e+02 2.817889664279231852e+02
8.280000000000000000e+02 1.610100229278820052e+02
8.290000000000000000e+02 1.669118876515599084e+02
8.300000000000000000e+02 1.787393325881721182e+02
8.310000000000000000e+02 1.836004969476984741e+02
8.320000000000000000e+02 2.553895358623958316e+02
8.330000000000000000e+02 1.924139758814284278e+02
8.340000000000000000e+02 1.730745540851972351e+02
8.350000000000000000e+02 1.692111794945636802e+02
8.360000000000000000e+02 1.401416398120793758e+02
8.370000000000000000e+02 1.648346331556185476e+02
8.380000000000000000e+02 1.563488453497787987e+02
8.390000000000000000e+02 2.741473757086156411e+02
8.400000000000000000e+02 2.104702117704290458e+02
8.410000000000000000e+02 1.617524655275942678e+02
8.420000000000000000e+02 2.379092799707430288e+02
8.430000000000000000e+02 2.767456319835501404e+02
8.440000000000000000e+02 2.600586608851214123e+02
8.450000000000000000e+02 2.828213050538964808e+02
8.460000000000000000e+02 1.442362682427665561e+02
8.470000000000000000e+02 2.850409850071106916e+02
8.480000000000000000e+02 1.252245135365585895e+02
8.490000000000000000e+02 1.282816389599899480e+02
8.500000000000000000e+02 2.728591486852349703e+02
8.510000000000000000e+02 2.621667659007124485e+02
8.520000000000000000e+02 2.011805876508243500e+02
8.530000000000000000e+02 2.991814310673947830e+02
8.540000000000000000e+02 2.791906629281305641e+02
8.550000000000000000e+02 2.828814626401975261e+02
8.560000000000000000e+02 2.792501216237034214e+02
8.570000000000000000e+02 1.589023829093420375e+02
8.580000000000000000e+02 2.544653550297878724e+02
8.590000000000000000e+02 2.572766047470570925e+02
8.600000000000000000e+02 2.755731747082285210e+02
8.610000000000000000e+02 1.954284424259182060e+02
8.620000000000000000e+02 2.687439164560548193e+02
8.630000000000000000e+02 1.941521367275507259e+02
8.640000000000000000e+02 1.680078835705301401e+02
8.650000000000000000e+02 1.468494815376654685e+02
8.660000000000000000e+02 1.850391456128941456e+02
8.670000000000000000e+02 1.958148914955157522e+02
8.680000000000000000e+02 1.583798209947477744e+02
8.690000000000000000e+02 2.744666356751335456e+02
8.700000000000000000e+02 2.971086442536460481e+02
8.710000000000000000e+02 2.594712556127474841e+02
8.720000000000000000e+02 1.855878094831245164e+02
8.730000000000000000e+02 2.807353174335371477e+02
8.740000000000000000e+02 1.796788862976847838e+02
8.750000000000000000e+02 2.762053531527955101e+02
8.760000000000000000e+02 2.451615148074919546e+02
8.770000000000000000e+02 2.880192753363355678e+02
8.780000000000000000e+02 2.528873082250324842e+02
8.790000000000000000e+02 2.618761884044733392e+02
8.800000000000000000e+02 3.133253004770067491e+02
8.810000000000000000e+02 2.743133566232301632e+02
8.820000000000000000e+02 2.729469347995986368e+02
8.830000000000000000e+02 2.704157350797773915e+02
8.840000000000000000e+02 2.692356720435510624e+02
8.850000000000000000e+02 1.615970237498705728e+02
8.860000000000000000e+02 1.933175513867027746e+02
8.870000000000000000e+02 2.375051681571476649e+02
8.880000000000000000e+02 2.668200916130640508e+02
8.890000000000000000e+02 2.857785409893785982e+02
8.900000000000000000e+02 2.565811891710978898e+02
8.910000000000000000e+02 2.312964449018744517e+02
8.920000000000000000e+02 2.612478477654415769e+02
8.930000000000000000e+02 2.700175487157243879e+02
8.940000000000000000e+02 2.803028777873249169e+02
8.950000000000000000e+02 1.842885391690997210e+02
8.960000000000000000e+02 1.638149021346403913e+02
8.970000000000000000e+02 3.119779702481780532e+02
8.980000000000000000e+02 2.624966101760060724e+02
8.990000000000000000e+02 1.489028631644507357e+02
9.000000000000000000e+02 1.318937528970126039e+02
9.010000000000000000e+02 1.398887254252576895e+02
9.020000000000000000e+02 2.584622708130332285e+02
9.030000000000000000e+02 1.960285970736819934e+02
9.040000000000000000e+02 2.532878755916449620e+02
9.050000000000000000e+02 2.642925004727559326e+02
9.060000000000000000e+02 2.730986737440499610e+02
9.070000000000000000e+02 2.695676988107311445e+02
9.080000000000000000e+02 2.769170151005749858e+02
9.090000000000000000e+02 2.495354743424220203e+02
9.100000000000000000e+02 2.635520975043981480e+02
9.110000000000000000e+02 2.884562139201133277e+02
9.120000000000000000e+02 2.469993228217617229e+02
9.130000000000000000e+02 1.567269929484788520e+02
9.140000000000000000e+02 2.884862379609615459e+02
9.150000000000000000e+02 2.934877770700887822e+02
9.160000000000000000e+02 2.662276875976206156e+02
9.170000000000000000e+02 2.549908374615061746e+02
9.180000000000000000e+02 2.768039893374852909e+02
9.190000000000000000e+02 2.648110795118596457e+02
9.200000000000000000e+02 1.437813667602441967e+02
9.210000000000000000e+02 2.764926270635224910e+02
9.220000000000000000e+02 2.768069874895511475e+02
9.230000000000000000e+02 2.845147647038680816e+02
9.240000000000000000e+02 2.881377652674250953e+02
9.250000000000000000e+02 2.726155823517312911e+02
9.260000000000000000e+02 2.332300843111866300e+02
9.270000000000000000e+02 2.865235242077164344e+02
9.280000000000000000e+02 2.514980501016533196e+02
9.290000000000000000e+02 2.662092512145159162e+02
9.300000000000000000e+02 5.393198795853194838e+01
9.310000000000000000e+02 2.726592718247898688e+02
9.320000000000000000e+02 2.657486543174395592e+02
9.330000000000000000e+02 3.034363546465427248e+02
9.340000000000000000e+02 3.019401297762091190e+02
9.350000000000000000e+02 2.674871136468804025e+02
9.360000000000000000e+02 2.991156195410234204e+02
9.370000000000000000e+02 2.491528407147476116e+02
9.380000000000000000e+02 1.743503734528061955e+02
9.390000000000000000e+02 2.461233898607712831e+02
9.400000000000000000e+02 2.958931498848480715e+02
9.410000000000000000e+02 2.626138046656080860e+02
9.420000000000000000e+02 2.911831254108843723e+02
9.430000000000000000e+02 2.957845871020341519e+02
9.440000000000000000e+02 2.482726596425843297e+02
9.450000000000000000e+02 2.963870389460715842e+02
9.460000000000000000e+02 2.722949801735466053e+02
9.470000000000000000e+02 2.990012799399485175e+02
9.480000000000000000e+02 2.510166345714366969e+02
9.490000000000000000e+02 2.745617755318424429e+02
9.500000000000000000e+02 2.607025963325475573e+02
9.510000000000000000e+02 2.809129618848561449e+02
9.520000000000000000e+02 3.043314899960332127e+02
9.530000000000000000e+02 2.910910824873025149e+02
9.540000000000000000e+02 2.433822770428555771e+02
9.550000000000000000e+02 2.431227135091957336e+02
9.560000000000000000e+02 2.592833610824291668e+02
9.570000000000000000e+02 2.821968394113969225e+02
9.580000000000000000e+02 2.849559569281766471e+02
9.590000000000000000e+02 2.674149227769192976e+02
9.600000000000000000e+02 2.475884962234436557e+02
9.610000000000000000e+02 1.612739074646368351e+02
9.620000000000000000e+02 2.667312292023266309e+02
9.630000000000000000e+02 1.654975756160109199e+02
9.640000000000000000e+02 2.649554120058428452e+02
9.650000000000000000e+02 2.687994615522895288e+02
9.660000000000000000e+02 2.732335893221184051e+02
9.670000000000000000e+02 2.495876266604890645e+02
9.680000000000000000e+02 2.885743701689331147e+02
9.690000000000000000e+02 2.886907221637750922e+02
9.700000000000000000e+02 2.518691440734708351e+02
9.710000000000000000e+02 2.688558466800175779e+02
9.720000000000000000e+02 2.699564902480445880e+02
9.730000000000000000e+02 2.857297668466208052e+02
9.740000000000000000e+02 1.688690892063405613e+02
9.750000000000000000e+02 2.649472029758888993e+02
9.760000000000000000e+02 2.943335570003315524e+02
9.770000000000000000e+02 2.700155239810285366e+02
9.780000000000000000e+02 2.754866613308981869e+02
9.790000000000000000e+02 2.817039587203178144e+02
9.800000000000000000e+02 2.862685671856354475e+02
9.810000000000000000e+02 2.885975829078105335e+02
9.820000000000000000e+02 2.805233322474615534e+02
9.830000000000000000e+02 2.713066270270213067e+02
9.840000000000000000e+02 2.536666155717786069e+02
9.850000000000000000e+02 2.653509311606052279e+02
9.860000000000000000e+02 2.911172489368431684e+02
9.870000000000000000e+02 1.435607176384032755e+02
9.880000000000000000e+02 2.750883942201134005e+02
9.890000000000000000e+02 2.853127510890165013e+02
9.900000000000000000e+02 2.530725377735425354e+02
9.910000000000000000e+02 3.012789675246814340e+02
9.920000000000000000e+02 2.653131383016474842e+02
9.930000000000000000e+02 2.690503242756444138e+02
9.940000000000000000e+02 2.563989343119709474e+02
9.950000000000000000e+02 2.744093350030437932e+02
9.960000000000000000e+02 2.948928836436562619e+02
9.970000000000000000e+02 2.804715558197289056e+02
9.980000000000000000e+02 2.638612753571227358e+02
9.990000000000000000e+02 2.968242636674542609e+02
