0.000000000000000000e+00 -8.151663781492636929e+01
1.000000000000000000e+00 -4.550244628657078749e+01
2.000000000000000000e+00 -3.333358084059608473e+02
3.000000000000000000e+00 -1.584342932286886025e+02
4.000000000000000000e+00 -2.082443933744581841e+02
5.000000000000000000e+00 -1.091083874535532630e+02
6.000000000000000000e+00 -9.921576877973382125e+01
7.000000000000000000e+00 -1.100998550632618418e+02
8.000000000000000000e+00 -1.556045157090076998e+02
9.000000000000000000e+00 -6.030557612862245520e+01
1.000000000000000000e+01 -1.141904610757706848e+02
1.100000000000000000e+01 -2.134058798980069298e+02
1.200000000000000000e+01 -9.909913197684757336e+01
1.300000000000000000e+01 -1.943507121016822907e+02
1.400000000000000000e+01 -1.323635126289041182e+02
1.500000000000000000e+01 -1.952385999831456047e+02
1.600000000000000000e+01 -3.012657286867364519e+02
1.700000000000000000e+01 -4.337663894146375583e+02
1.800000000000000000e+01 -1.261848932522983375e+02
1.900000000000000000e+01 -4.252028822305387621e+02
2.000000000000000000e+01 -8.538612482065903464e+01
2.100000000000000000e+01 -3.377653865695950799e+02
2.200000000000000000e+01 -9.908389673412574439e+01
2.300000000000000000e+01 -1.522508704671190287e+02
2.400000000000000000e+01 -4.066983318511927337e+02
2.500000000000000000e+01 -2.526561081916179035e+02
2.600000000000000000e+01 -1.237399179384476753e+02
2.700000000000000000e+01 -1.949746706417774931e+02
2.800000000000000000e+01 -3.067971428460463130e+02
2.900000000000000000e+01 -9.066766507822032395e+01
3.000000000000000000e+01 -3.839863906543947110e+02
3.100000000000000000e+01 -1.120582123285230978e+02
3.200000000000000000e+01 -2.419006187750252650e+02
3.300000000000000000e+01 -2.100104184304245791e+02
3.400000000000000000e+01 -6.401608357000137062e+01
3.500000000000000000e+01 -1.245652559081866997e+02
3.600000000000000000e+01 -2.655704817451230610e+02
3.700000000000000000e+01 -1.459856640922653810e+02
3.800000000000000000e+01 -1.693595472288492374e+02
3.900000000000000000e+01 -1.818385569536203548e+02
4.000000000000000000e+01 -9.858610795524697323e+01
4.100000000000000000e+01 -3.424583908116707676e+02
4.200000000000000000e+01 -9.356255121368761252e+01
4.300000000000000000e+01 3.361629688705306762e+00
4.400000000000000000e+01 -2.653056506583070018e+02
4.500000000000000000e+01 -5.731574674553112914e+01
4.600000000000000000e+01 -1.120840740451398005e+02
4.700000000000000000e+01 -5.537371150938309228e+01
4.800000000000000000e+01 -2.169935760151594764e+02
4.900000000000000000e+01 -2.967870007677932449e+02
5.000000000000000000e+01 -6.796300853178182422e+01
5.100000000000000000e+01 -1.303101772745897051e+02
5.200000000000000000e+01 -1.054550676533095412e+02
5.300000000000000000e+01 -2.797611305224836542e+01
5.400000000000000000e+01 -2.561320035745445693e+02
5.500000000000000000e+01 -1.120959606978069871e+02
5.600000000000000000e+01 -8.185564563345133138e+01
5.700000000000000000e+01 -1.565683112895572151e+02
5.800000000000000000e+01 -2.781124159008019205e+02
5.900000000000000000e+01 -2.614657699671319051e+02
6.000000000000000000e+01 -6.498078875521466102e+01
6.100000000000000000e+01 -6.209434579090731177e+01
6.200000000000000000e+01 -1.050693263000261766e+02
6.300000000000000000e+01 -2.144914032166037146e+02
6.400000000000000000e+01 -4.544587326090918111e+01
6.500000000000000000e+01 -2.094465168796774606e+02
6.600000000000000000e+01 -5.416647949606489476e+01
6.700000000000000000e+01 -2.109485017853920112e+02
6.800000000000000000e+01 -6.421094487834434972e+01
6.900000000000000000e+01 -1.588095519822922483e+02
7.000000000000000000e+01 -1.707868641019080940e+02
7.100000000000000000e+01 -1.293391777786599448e+02
7.200000000000000000e+01 -2.231994840950758885e+02
7.300000000000000000e+01 -9.859155461409208954e+01
7.400000000000000000e+01 -8.459460834276499952e+01
7.500000000000000000e+01 -2.141846184113404661e+02
7.600000000000000000e+01 -9.332623692639917579e+01
7.700000000000000000e+01 -9.133514109217955479e+01
7.800000000000000000e+01 -4.683044532643691582e+01
7.900000000000000000e+01 -1.309360717739563142e+02
8.000000000000000000e+01 -1.172304946657574192e+02
8.100000000000000000e+01 -8.479956900716292978e+01
8.200000000000000000e+01 -7.647978055559616450e+01
8.300000000000000000e+01 -6.699577158791788634e+01
8.400000000000000000e+01 -1.577727599237348102e+02
8.500000000000000000e+01 -9.747176835214681034e+01
8.600000000000000000e+01 -7.273021785335976119e+01
8.700000000000000000e+01 -8.750717031567506865e+01
8.800000000000000000e+01 3.346802742904408490e+01
8.900000000000000000e+01 -7.192025522701322870e+01
9.000000000000000000e+01 -4.484325180727255855e+01
9.100000000000000000e+01 -8.819898429421034791e+01
9.200000000000000000e+01 -7.005175960662242574e+01
9.300000000000000000e+01 -5.195624070649229509e+01
9.400000000000000000e+01 3.057378635895364027e+01
9.500000000000000000e+01 -2.586562357837878778e+01
9.600000000000000000e+01 -5.191824789461954737e+01
9.700000000000000000e+01 -4.670671965413180260e+01
9.800000000000000000e+01 -9.767259930934415024e+01
9.900000000000000000e+01 -6.915770825249873610e+01
1.000000000000000000e+02 -1.221387427273937618e+02
1.010000000000000000e+02 -7.046106861899986029e+01
1.020000000000000000e+02 -5.501298914198317647e+01
1.030000000000000000e+02 -3.743386701036962450e+01
1.040000000000000000e+02 -1.830422334693122366e+02
1.050000000000000000e+02 -1.139699739948308235e+02
1.060000000000000000e+02 -8.331805628305791345e+01
1.070000000000000000e+02 -3.706775510474216162e+00
1.080000000000000000e+02 -9.217963527237544952e+01
1.090000000000000000e+02 -7.042595615101674866e+01
1.100000000000000000e+02 -3.585364053148543917e+01
1.110000000000000000e+02 -1.421868087229780713e+02
1.120000000000000000e+02 -2.093871214870206643e+01
1.130000000000000000e+02 -1.915884026797913862e+02
1.140000000000000000e+02 -6.319287212373058082e+01
1.150000000000000000e+02 -2.054268447557873856e+01
1.160000000000000000e+02 -9.341580992720008680e+01
1.170000000000000000e+02 -1.825121833245489711e+02
1.180000000000000000e+02 -1.048022717298765372e+01
1.190000000000000000e+02 -4.174311508628058931e+01
1.200000000000000000e+02 -5.629431125323775831e+01
1.210000000000000000e+02 -1.308545745652606627e+02
1.220000000000000000e+02 -3.739260008450282413e+01
1.230000000000000000e+02 -1.096135184405017924e+02
1.240000000000000000e+02 -7.221515511380928842e+01
1.250000000000000000e+02 -5.168001656952924350e+01
1.260000000000000000e+02 -2.296165107147152753e+02
1.270000000000000000e+02 -1.709954644671202573e+02
1.280000000000000000e+02 -5.481927658046885199e+01
1.290000000000000000e+02 -8.996605486243876726e+01
1.300000000000000000e+02 -9.835877710594124324e+01
1.310000000000000000e+02 -2.294782127537476413e+01
1.320000000000000000e+02 -1.126842854222063863e+02
1.330000000000000000e+02 -1.075846597897716492e+02
1.340000000000000000e+02 -2.632071732521841056e+01
1.350000000000000000e+02 -5.002881852201608837e+01
1.360000000000000000e+02 -1.622985910847321520e+02
1.370000000000000000e+02 -1.260968507883349048e+02
1.380000000000000000e+02 -4.943716039660075978e+01
1.390000000000000000e+02 -1.996196225365802377e+02
1.400000000000000000e+02 -5.674129275993536226e+01
1.410000000000000000e+02 -8.819553966122457211e+01
1.420000000000000000e+02 -6.016819496734666473e+01
1.430000000000000000e+02 -7.332466210911869098e+01
1.440000000000000000e+02 -7.770743779681492924e+01
1.450000000000000000e+02 -5.181010136564306379e+01
1.460000000000000000e+02 -9.815177758200015035e+01
1.470000000000000000e+02 3.290043815897419677e+01
1.480000000000000000e+02 -5.219303751539664660e+01
1.490000000000000000e+02 -4.604632185039891823e+01
1.500000000000000000e+02 -4.364679347569645529e+01
1.510000000000000000e+02 -3.610417872703852993e+01
1.520000000000000000e+02 -3.704246996073698028e+01
1.530000000000000000e+02 -4.225523822183232170e+01
1.540000000000000000e+02 -3.598870193688797769e+01
1.550000000000000000e+02 -9.792390678069074283e+01
1.560000000000000000e+02 -2.521055083843275213e+01
1.570000000000000000e+02 -6.944148772981324669e+01
1.580000000000000000e+02 -2.086408488912447012e+01
1.590000000000000000e+02 -1.890576404955695295e+02
1.600000000000000000e+02 -3.686992166864932585e+01
1.610000000000000000e+02 -1.563292014536779106e+01
1.620000000000000000e+02 -5.165744557046707541e+00
1.630000000000000000e+02 -1.050872227075466014e+01
1.640000000000000000e+02 -4.136783605683214660e+01
1.650000000000000000e+02 1.592460647968984233e+01
1.660000000000000000e+02 -6.428103859448370372e+01
1.670000000000000000e+02 2.896299573483403123e+01
1.680000000000000000e+02 -3.988399668708927237e+01
1.690000000000000000e+02 -2.942897555204069704e+00
1.700000000000000000e+02 -5.334463739348245781e+01
1.710000000000000000e+02 -8.429757397001857555e+01
1.720000000000000000e+02 -2.096265457122215992e+01
1.730000000000000000e+02 -1.370184149072781565e+01
1.740000000000000000e+02 -8.010304310730322186e+01
1.750000000000000000e+02 1.619408944339957657e+01
1.760000000000000000e+02 -8.216923556586125699e+01
1.770000000000000000e+02 3.021974778367476233e+01
1.780000000000000000e+02 -4.542724141025242801e+01
1.790000000000000000e+02 -2.685183822100070472e+01
1.800000000000000000e+02 -1.823263793942202824e+02
1.810000000000000000e+02 -2.172648878619617108e+01
1.820000000000000000e+02 -5.170252303715336950e+01
1.830000000000000000e+02 3.920057291447506032e+00
1.840000000000000000e+02 2.831159340723974083e+01
1.850000000000000000e+02 -3.920385698472041724e+01
1.860000000000000000e+02 -1.676211229705420180e+01
1.870000000000000000e+02 -1.206346909287331925e+01
1.880000000000000000e+02 4.719222543799764935e+01
1.890000000000000000e+02 -6.517946016888697613e+01
1.900000000000000000e+02 1.447007994564003752e+00
1.910000000000000000e+02 -1.859884151456431880e+02
1.920000000000000000e+02 2.230284487543784167e+00
1.930000000000000000e+02 -8.077084202920474354e+00
1.940000000000000000e+02 2.404026121289291495e+00
1.950000000000000000e+02 -5.163762431932781993e+01
1.960000000000000000e+02 3.174291952551638474e+01
1.970000000000000000e+02 -6.746145308154835618e+01
1.980000000000000000e+02 -3.981351306857476402e+00
1.990000000000000000e+02 -1.031492145370351921e+01
2.000000000000000000e+02 1.818759727862833131e+01
2.010000000000000000e+02 -4.176023328138425228e+01
2.020000000000000000e+02 -1.682976730739673599e+01
2.030000000000000000e+02 -3.868950662225853421e+01
2.040000000000000000e+02 -5.102407082831440022e+01
2.050000000000000000e+02 -4.363882108173816476e+01
2.060000000000000000e+02 -4.352407373859372797e+01
2.070000000000000000e+02 3.500294118478294081e+00
2.080000000000000000e+02 9.104991634728136773e+00
2.090000000000000000e+02 3.881298836387775708e+01
2.100000000000000000e+02 -2.340668675814224287e+01
2.110000000000000000e+02 1.243514456146849056e+01
2.120000000000000000e+02 5.268767489740156407e+00
2.130000000000000000e+02 -3.756009549462376640e+00
2.140000000000000000e+02 5.045046600049607832e+01
2.150000000000000000e+02 5.558300118081703545e+00
2.160000000000000000e+02 -2.529086077521955644e+01
2.170000000000000000e+02 4.104081597417064131e-02
2.180000000000000000e+02 -1.847167474634230189e+01
2.190000000000000000e+02 -9.150790289135836986e+01
2.200000000000000000e+02 -4.803294403382660249e+01
2.210000000000000000e+02 1.733976268283299760e+00
2.220000000000000000e+02 -1.896495728196119046e+01
2.230000000000000000e+02 5.516319713575600758e+01
2.240000000000000000e+02 3.189042868746989257e+01
2.250000000000000000e+02 -1.122162514898457175e+02
2.260000000000000000e+02 3.463940308692691161e+01
2.270000000000000000e+02 -1.432159232640123037e+01
2.280000000000000000e+02 -2.671516715926628081e+02
2.290000000000000000e+02 -1.083126217863919827e+00
2.300000000000000000e+02 3.756625557700274953e+01
2.310000000000000000e+02 5.042514951178269200e+01
2.320000000000000000e+02 -3.147179621108438141e+01
2.330000000000000000e+02 7.452263157406324012e+01
2.340000000000000000e+02 -4.346976033322523847e+01
2.350000000000000000e+02 1.192095921140622750e+01
2.360000000000000000e+02 -6.849419839480354710e+01
2.370000000000000000e+02 3.927382670584620428e+00
2.380000000000000000e+02 5.298012016624230114e+01
2.390000000000000000e+02 -2.808485924064228811e+01
2.400000000000000000e+02 6.737456261469002072e+01
2.410000000000000000e+02 -2.596008653630677543e+01
2.420000000000000000e+02 3.281951093337775660e+01
2.430000000000000000e+02 4.316225471458469798e+00
2.440000000000000000e+02 -8.240832215312423159e+00
2.450000000000000000e+02 -1.984619551160325557e+01
2.460000000000000000e+02 2.056899621642052267e+01
2.470000000000000000e+02 2.071464409509844984e+01
2.480000000000000000e+02 -4.490187937140994734e+01
2.490000000000000000e+02 5.622696876905278884e+01
2.500000000000000000e+02 2.508167825392632722e+01
2.510000000000000000e+02 -2.023789315036118808e+01
2.520000000000000000e+02 3.876900466123407796e+01
2.530000000000000000e+02 2.100016112909032984e+01
2.540000000000000000e+02 5.337759553192946527e+01
2.550000000000000000e+02 3.957518136382256557e+01
2.560000000000000000e+02 4.069223914282183330e+01
2.570000000000000000e+02 -3.654798224328061451e+00
2.580000000000000000e+02 4.301906864933707197e+01
2.590000000000000000e+02 5.117946186576396883e+01
2.600000000000000000e+02 3.337394597740711788e+01
2.610000000000000000e+02 3.658131062164207492e+01
2.620000000000000000e+02 -2.363108514854307884e+02
2.630000000000000000e+02 9.051716736559768606e+00
2.640000000000000000e+02 -1.422810310259183098e+01
2.650000000000000000e+02 2.868068742849058594e+01
2.660000000000000000e+02 7.799426677192414559e+01
2.670000000000000000e+02 5.339394573133051836e+01
2.680000000000000000e+02 2.400671720866776582e+01
2.690000000000000000e+02 8.540001276344719372e+01
2.700000000000000000e+02 5.210905361580217487e+01
2.710000000000000000e+02 -6.163319514848653036e+00
2.720000000000000000e+02 1.778138597575956226e+01
2.730000000000000000e+02 7.580436536357007071e+01
2.740000000000000000e+02 -1.898892249414626576e+01
2.750000000000000000e+02 7.531961495066444456e+01
2.760000000000000000e+02 7.993047284082242854e+00
2.770000000000000000e+02 5.315161634348223174e+01
2.780000000000000000e+02 -7.491647713079316873e+00
2.790000000000000000e+02 4.952574455177398249e+01
2.800000000000000000e+02 -4.534098329403565941e+01
2.810000000000000000e+02 5.722032225406783823e+01
2.820000000000000000e+02 3.444907526430236544e+01
2.830000000000000000e+02 2.539855755422922456e+01
2.840000000000000000e+02 3.432731443561744555e+01
2.850000000000000000e+02 1.739426459540652914e+01
2.860000000000000000e+02 3.466323311928837114e+01
2.870000000000000000e+02 6.746879406868315243e+01
2.880000000000000000e+02 1.839704328276733802e+00
2.890000000000000000e+02 4.309250804803048140e+01
2.900000000000000000e+02 -1.039134874930297769e+01
2.910000000000000000e+02 3.568233185275563102e+01
2.920000000000000000e+02 -2.042474918707326026e+02
2.930000000000000000e+02 4.188077201013845752e+01
2.940000000000000000e+02 2.560507029190880246e+01
2.950000000000000000e+02 4.942400001127666087e+01
2.960000000000000000e+02 2.729513845683766249e+01
2.970000000000000000e+02 -9.363334875076844810e+00
2.980000000000000000e+02 -5.889220667031598566e+01
2.990000000000000000e+02 -8.970251777884877598e+00
3.000000000000000000e+02 7.715492977911505079e+01
3.010000000000000000e+02 3.602566679127004079e+01
3.020000000000000000e+02 6.281122307930357351e+01
3.030000000000000000e+02 4.435750117203428999e+01
3.040000000000000000e+02 3.464764376952814473e+01
3.050000000000000000e+02 2.419657230886272359e+01
3.060000000000000000e+02 1.588572541607678090e+01
3.070000000000000000e+02 6.370494252877924879e+01
3.080000000000000000e+02 4.844245816294884577e+01
3.090000000000000000e+02 7.296048969773792692e+00
3.100000000000000000e+02 3.618894709847336344e+01
3.110000000000000000e+02 4.264185647970010962e+01
3.120000000000000000e+02 5.054210032855782941e+01
3.130000000000000000e+02 2.467907625070031585e+01
3.140000000000000000e+02 5.883059682215538544e+01
3.150000000000000000e+02 -7.122494616195467643e+00
3.160000000000000000e+02 7.803385364322356565e+01
3.170000000000000000e+02 3.507048189654551607e+01
3.180000000000000000e+02 3.744258096862977681e+01
3.190000000000000000e+02 -1.697463223419016742e+02
3.200000000000000000e+02 1.129939940764718926e+02
3.210000000000000000e+02 1.056484373246856308e+02
3.220000000000000000e+02 8.127388257710794051e+01
3.230000000000000000e+02 -2.384334966856117433e+02
3.240000000000000000e+02 8.724231614086532716e+01
3.250000000000000000e+02 3.048637693595425802e+01
3.260000000000000000e+02 5.324215482688954637e+01
3.270000000000000000e+02 5.288046122911050162e+01
3.280000000000000000e+02 5.215299529306802384e+01
3.290000000000000000e+02 7.343993554756703190e+01
3.300000000000000000e+02 6.824938817894447141e+01
3.310000000000000000e+02 9.294859440059055089e+01
3.320000000000000000e+02 7.286653130463662364e+01
3.330000000000000000e+02 8.083735739915405816e+01
3.340000000000000000e+02 -5.488472495420666064e+00
3.350000000000000000e+02 5.376848137178939879e+01
3.360000000000000000e+02 9.213866664498526404e+01
3.370000000000000000e+02 1.123370144798347638e+02
3.380000000000000000e+02 7.648983880991400497e+01
3.390000000000000000e+02 -4.693546364830964990e+00
3.400000000000000000e+02 7.085739963731222701e+01
3.410000000000000000e+02 7.677619307780798863e+01
3.420000000000000000e+02 6.289989432183010365e+01
3.430000000000000000e+02 9.402065978558134418e+01
3.440000000000000000e+02 2.435982789834797302e+01
3.450000000000000000e+02 1.586216582676013331e+01
3.460000000000000000e+02 8.735550049876542289e+01
3.470000000000000000e+02 1.213498239624570658e+02
3.480000000000000000e+02 8.588497362014118153e+01
3.490000000000000000e+02 9.494091724187509840e+01
3.500000000000000000e+02 2.571554772159238667e+01
3.510000000000000000e+02 1.077709936368426611e+02
3.520000000000000000e+02 4.729284712979928429e+01
3.530000000000000000e+02 8.677928718962587595e+01
3.540000000000000000e+02 1.043716270843833627e+02
3.550000000000000000e+02 8.016792479392501036e+01
3.560000000000000000e+02 8.116168598702610382e+01
3.570000000000000000e+02 8.168856234118806015e+00
3.580000000000000000e+02 -1.051247019231141167e+01
3.590000000000000000e+02 1.045466471489255440e+02
3.600000000000000000e+02 8.193795617836507006e+01
3.610000000000000000e+02 8.263257474886263765e+01
3.620000000000000000e+02 7.357539817324854425e+01
3.630000000000000000e+02 1.283853467544083742e+02
3.640000000000000000e+02 8.405555442703169433e+01
3.650000000000000000e+02 4.760299096006760067e+01
3.660000000000000000e+02 1.112336541600472799e+02
3.670000000000000000e+02 9.767576129320227096e+01
3.680000000000000000e+02 1.289400866593174442e+02
3.690000000000000000e+02 9.832857813303502326e+01
3.700000000000000000e+02 1.145788628125978619e+02
3.710000000000000000e+02 1.142963382139530069e+02
3.720000000000000000e+02 9.572791904424649090e+01
3.730000000000000000e+02 -7.276428412894109243e-01
3.740000000000000000e+02 1.046444513374424474e+02
3.750000000000000000e+02 9.089279489717110039e+01
3.760000000000000000e+02 1.295847085613892773e+02
3.770000000000000000e+02 1.425442650951296457e+02
3.780000000000000000e+02 7.207258849418670366e+01
3.790000000000000000e+02 4.898357024408502980e+01
3.800000000000000000e+02 9.213916665866406674e+01
3.810000000000000000e+02 7.910221692189220732e+01
3.820000000000000000e+02 1.029403417466672579e+02
3.830000000000000000e+02 1.255032308916256767e+02
3.840000000000000000e+02 4.868331276473578839e+01
3.850000000000000000e+02 1.089047366769557783e+02
3.860000000000000000e+02 7.768707003381562970e+01
3.870000000000000000e+02 7.747218312866694134e+01
3.880000000000000000e+02 1.081437243284318015e+02
3.890000000000000000e+02 1.127259441860053641e+02
3.900000000000000000e+02 1.228501252845277634e+02
3.910000000000000000e+02 1.735548383590124288e+01
3.920000000000000000e+02 4.258343372777422076e+01
3.930000000000000000e+02 1.145529279227814072e+02
3.940000000000000000e+02 3.713963922607817381e+01
3.950000000000000000e+02 1.148876469933359061e+02
3.960000000000000000e+02 8.008480447272701497e+01
3.970000000000000000e+02 8.349378366867516377e+01
3.980000000000000000e+02 5.548588834355227561e+01
3.990000000000000000e+02 1.083153690513239553e+02
4.000000000000000000e+02 8.713030538867423047e+01
4.010000000000000000e+02 6.265702761146772559e+01
4.020000000000000000e+02 3.401346196980660608e+01
4.030000000000000000e+02 1.223589769945591570e+02
4.040000000000000000e+02 1.171484745255682469e+02
4.050000000000000000e+02 1.427012405345063826e+02
4.060000000000000000e+02 1.382147366710998710e+02
4.070000000000000000e+02 1.038362520656286705e+02
4.080000000000000000e+02 1.131897472028864797e+02
4.090000000000000000e+02 9.838577414779025787e+01
4.100000000000000000e+02 1.181337480791868728e+02
4.110000000000000000e+02 1.231588452545826300e+02
4.120000000000000000e+02 1.035449065915158826e+02
4.130000000000000000e+02 2.300330775482537149e+01
4.140000000000000000e+02 1.000389725243906582e+02
4.150000000000000000e+02 8.818936020081831373e+01
4.160000000000000000e+02 1.309345751064846581e+02
4.170000000000000000e+02 1.181880765490843004e+02
4.180000000000000000e+02 1.434924130469906345e+02
4.190000000000000000e+02 1.341675232570389085e+02
4.200000000000000000e+02 7.669313836854553301e+01
4.210000000000000000e+02 1.489534733780569411e+02
4.220000000000000000e+02 1.189201724817140047e+02
4.230000000000000000e+02 1.389956066638877417e+02
4.240000000000000000e+02 1.207205451406390324e+02
4.250000000000000000e+02 9.269537798044841281e+01
4.260000000000000000e+02 8.074128697298846191e+01
4.270000000000000000e+02 1.095421945726183566e+02
4.280000000000000000e+02 1.412874350894182953e+02
4.290000000000000000e+02 1.361932280815451577e+02
4.300000000000000000e+02 1.011472966151680311e+02
4.310000000000000000e+02 1.248608574468418766e+02
4.320000000000000000e+02 1.471419148495437241e+02
4.330000000000000000e+02 1.371847221536322081e+02
4.340000000000000000e+02 1.217639299751426023e+02
4.350000000000000000e+02 8.843737997604658574e+01
4.360000000000000000e+02 1.079370175123786595e+02
4.370000000000000000e+02 9.402192112592840090e+01
4.380000000000000000e+02 1.448555811131974451e+02
4.390000000000000000e+02 5.541504937987056678e+00
4.400000000000000000e+02 1.374139074561383325e+02
4.410000000000000000e+02 8.901762633242542222e+01
4.420000000000000000e+02 1.267951583355054339e+02
4.430000000000000000e+02 1.334945913658272332e+02
4.440000000000000000e+02 1.348685003454075400e+02
4.450000000000000000e+02 1.388813342950707579e+02
4.460000000000000000e+02 9.988316711941487824e+01
4.470000000000000000e+02 1.251733134388936719e+02
4.480000000000000000e+02 1.402550974329574558e+02
4.490000000000000000e+02 1.477318939934662865e+02
4.500000000000000000e+02 9.281826554784262839e+01
4.510000000000000000e+02 8.054173851222061842e+01
4.520000000000000000e+02 1.264149779694075590e+02
4.530000000000000000e+02 1.505588160014952450e+02
4.540000000000000000e+02 1.326015812233737563e+02
4.550000000000000000e+02 9.602871166909686451e+01
4.560000000000000000e+02 1.233700930673761889e+02
4.570000000000000000e+02 1.286000948156185473e+02
4.580000000000000000e+02 8.258502628872291496e+01
4.590000000000000000e+02 1.221086755488018980e+02
4.600000000000000000e+02 1.293071522384959735e+02
4.610000000000000000e+02 1.268517322129896883e+02
4.620000000000000000e+02 1.118848937685705920e+02
4.630000000000000000e+02 1.133895621393043456e+02
4.640000000000000000e+02 1.122596557626075793e+02
4.650000000000000000e+02 1.283667734257215614e+02
4.660000000000000000e+02 5.603152175581514172e+01
4.670000000000000000e+02 4.199178361821297756e+01
4.680000000000000000e+02 1.605156331813284680e+02
4.690000000000000000e+02 1.572532454386744121e+02
4.700000000000000000e+02 1.454581998108813252e+02
4.710000000000000000e+02 1.029753091115223214e+02
4.720000000000000000e+02 1.208677006797116462e+02
4.730000000000000000e+02 1.324529925995225881e+02
4.740000000000000000e+02 8.966339875595356546e+01
4.750000000000000000e+02 1.396144761588617200e+02
4.760000000000000000e+02 1.376540154430639404e+02
4.770000000000000000e+02 1.673237158974646377e+02
4.780000000000000000e+02 1.211377249204707880e+02
4.790000000000000000e+02 1.344349771334843524e+02
4.800000000000000000e+02 1.369881339394525241e+02
4.810000000000000000e+02 1.531182726898714463e+02
4.820000000000000000e+02 1.543584947010784276e+02
4.830000000000000000e+02 1.131586912083816685e+02
4.840000000000000000e+02 1.378155386370959832e+02
4.850000000000000000e+02 1.354110946554079078e+02
4.860000000000000000e+02 1.556939265022508323e+02
4.870000000000000000e+02 4.107236908772281936e+01
4.880000000000000000e+02 2.038099627373033513e+02
4.890000000000000000e+02 1.210763940637826011e+02
4.900000000000000000e+02 1.652297984966007505e+02
4.910000000000000000e+02 1.442723160774656037e+02
4.920000000000000000e+02 1.332873134817871517e+02
4.930000000000000000e+02 1.292692827773648219e+02
4.940000000000000000e+02 1.390974558047806511e+02
4.950000000000000000e+02 1.325848383106907988e+02
4.960000000000000000e+02 1.274374572113391366e+02
4.970000000000000000e+02 1.633678702835771901e+02
4.980000000000000000e+02 1.668699483374552415e+02
4.990000000000000000e+02 1.644116137230974175e+02
5.000000000000000000e+02 1.679638205738748127e+02
5.010000000000000000e+02 1.537838230698857274e+02
5.020000000000000000e+02 1.640955140278298643e+02
5.030000000000000000e+02 1.716591487770620859e+02
5.040000000000000000e+02 1.343102172905946361e+02
5.050000000000000000e+02 1.155874585372479828e+02
5.060000000000000000e+02 1.657122468153405350e+02
5.070000000000000000e+02 1.201283692836469186e+02
5.080000000000000000e+02 1.306576293332986722e+02
5.090000000000000000e+02 1.364793318255622978e+02
5.100000000000000000e+02 1.271061478993410105e+02
5.110000000000000000e+02 1.234317761849918895e+02
5.120000000000000000e+02 1.183949867549951165e+02
5.130000000000000000e+02 1.340467562415949772e+02
5.140000000000000000e+02 1.795749952364349156e+02
5.150000000000000000e+02 1.376090151869404110e+02
5.160000000000000000e+02 1.631473251247363692e+02
5.170000000000000000e+02 1.709150011729004461e+02
5.180000000000000000e+02 1.265621907117613745e+02
5.190000000000000000e+02 1.624661818050243483e+02
5.200000000000000000e+02 1.595110629328813161e+02
5.210000000000000000e+02 1.315712594696121016e+02
5.220000000000000000e+02 1.486444151059867522e+02
5.230000000000000000e+02 1.599757077754712498e+02
5.240000000000000000e+02 1.249107741849787487e+02
5.250000000000000000e+02 1.255145101676475008e+02
5.260000000000000000e+02 1.613098965794032438e+02
5.270000000000000000e+02 1.498147461213833367e+02
5.280000000000000000e+02 1.463063369472235991e+02
5.290000000000000000e+02 1.557068787545032080e+02
5.300000000000000000e+02 1.089699757500473112e+02
5.310000000000000000e+02 1.484445269872966833e+02
5.320000000000000000e+02 1.882043275481135254e+02
5.330000000000000000e+02 1.492826229508100369e+02
5.340000000000000000e+02 1.682298326231023111e+02
5.350000000000000000e+02 1.392779113593653904e+02
5.360000000000000000e+02 1.677586120531439349e+02
5.370000000000000000e+02 1.806730257934709698e+02
5.380000000000000000e+02 1.009948438112152331e+02
5.390000000000000000e+02 1.400758919738533450e+02
5.400000000000000000e+02 1.739951107878208347e+02
5.410000000000000000e+02 1.480639452978423378e+02
5.420000000000000000e+02 1.753453275684557582e+02
5.430000000000000000e+02 1.597438494132254618e+02
5.440000000000000000e+02 1.459947221189295306e+02
5.450000000000000000e+02 1.126032173680881527e+02
5.460000000000000000e+02 1.620355222138175861e+02
5.470000000000000000e+02 1.555888891360211801e+02
5.480000000000000000e+02 1.245995150715434931e+02
5.490000000000000000e+02 1.238611356730937985e+02
5.500000000000000000e+02 1.690180645540105218e+02
5.510000000000000000e+02 1.030932350084587199e+02
5.520000000000000000e+02 1.470865888826952812e+02
5.530000000000000000e+02 1.467093747477150032e+02
5.540000000000000000e+02 1.595156430774374314e+02
5.550000000000000000e+02 3.699267839594403995e+01
5.560000000000000000e+02 1.425303752839737399e+02
5.570000000000000000e+02 1.430626859135949758e+02
5.580000000000000000e+02 1.685373829629780857e+02
5.590000000000000000e+02 1.634689319738562858e+02
5.600000000000000000e+02 1.426728502475227458e+02
5.610000000000000000e+02 1.402277530077251129e+02
5.620000000000000000e+02 1.479647777183635640e+02
5.630000000000000000e+02 1.367149104581098698e+02
5.640000000000000000e+02 1.652634464857666785e+02
5.650000000000000000e+02 1.235802231762649654e+02
5.660000000000000000e+02 1.542019120189435171e+02
5.670000000000000000e+02 1.384888284814007307e+02
5.680000000000000000e+02 1.597021189710461044e+02
5.690000000000000000e+02 1.151991480854858594e+02
5.700000000000000000e+02 1.593219404836247293e+02
5.710000000000000000e+02 1.413030734889552207e+02
5.720000000000000000e+02 1.803157531247500174e+02
5.730000000000000000e+02 1.448572048841458297e+02
5.740000000000000000e+02 1.127850927763863353e+02
5.750000000000000000e+02 1.627389824522383037e+02
5.760000000000000000e+02 1.495510690612473752e+02
5.770000000000000000e+02 1.191598875123886359e+02
5.780000000000000000e+02 1.773942494279098128e+02
5.790000000000000000e+02 1.445315610492421570e+02
5.800000000000000000e+02 1.708675684339953023e+02
5.810000000000000000e+02 1.843456577780231953e+02
5.820000000000000000e+02 6.243948046181005651e+01
5.830000000000000000e+02 1.422123859169061859e+02
5.840000000000000000e+02 1.736304427049093135e+02
5.850000000000000000e+02 1.653474327769962713e+02
5.860000000000000000e+02 1.494861252629154365e+02
5.870000000000000000e+02 1.807251320214012651e+02
5.880000000000000000e+02 1.512706794280144322e+02
5.890000000000000000e+02 1.729987462825871489e+02
5.900000000000000000e+02 1.256656289924038816e+02
5.910000000000000000e+02 1.495060670168416834e+02
5.920000000000000000e+02 1.625554340872348860e+02
5.930000000000000000e+02 1.913522292503398603e+02
5.940000000000000000e+02 1.165528821050022401e+02
5.950000000000000000e+02 1.703823418814025388e+02
5.960000000000000000e+02 1.749311403189580858e+02
5.970000000000000000e+02 1.683861226021784319e+02
5.980000000000000000e+02 1.252025231052009673e+02
5.990000000000000000e+02 1.530702730635534863e+02
6.000000000000000000e+02 1.739193709789215632e+02
6.010000000000000000e+02 1.419569098236850380e+02
6.020000000000000000e+02 1.659386955586672059e+02
6.030000000000000000e+02 1.359099913318164567e+02
6.040000000000000000e+02 1.615195479954272173e+02
6.050000000000000000e+02 1.175520723214976186e+02
6.060000000000000000e+02 1.799657032256347975e+02
6.070000000000000000e+02 1.725526560907438522e+02
6.080000000000000000e+02 1.276795024886159808e+02
6.090000000000000000e+02 1.414133352482766384e+02
6.100000000000000000e+02 1.176308615368836996e+02
6.110000000000000000e+02 1.660882277320615970e+02
6.120000000000000000e+02 1.693255741695603831e+02
6.130000000000000000e+02 1.927200343005480079e+02
6.140000000000000000e+02 1.829611097074324277e+02
6.150000000000000000e+02 1.908895929484258716e+02
6.160000000000000000e+02 1.775203799290978282e+02
6.170000000000000000e+02 1.670096436113449556e+02
6.180000000000000000e+02 1.429047134199402365e+02
6.190000000000000000e+02 1.761467941861328086e+02
6.200000000000000000e+02 1.509170419470327431e+02
6.210000000000000000e+02 1.378971964189318271e+02
6.220000000000000000e+02 1.642407226274417269e+02
6.230000000000000000e+02 4.237342632710448243e+01
6.240000000000000000e+02 1.578005984906281753e+02
6.250000000000000000e+02 1.852945832559605890e+02
6.260000000000000000e+02 1.335752573483448487e+02
6.270000000000000000e+02 1.515081668470995453e+02
6.280000000000000000e+02 1.658583126481193233e+02
6.290000000000000000e+02 1.739986173134942646e+02
6.300000000000000000e+02 1.452630596013257787e+02
6.310000000000000000e+02 1.752718336734893114e+02
6.320000000000000000e+02 1.757893212210250340e+02
6.330000000000000000e+02 1.756850422608737006e+02
6.340000000000000000e+02 1.558926704350541570e+02
6.350000000000000000e+02 1.690099616463742791e+02
6.360000000000000000e+02 1.647227879943341122e+02
6.370000000000000000e+02 1.237686625117558350e+02
6.380000000000000000e+02 1.817965855812000200e+02
6.390000000000000000e+02 1.555804728989363070e+02
6.400000000000000000e+02 1.789463294608713966e+02
6.410000000000000000e+02 1.403787053100557785e+02
6.420000000000000000e+02 1.596940846786690713e+02
6.430000000000000000e+02 1.628704756772837641e+02
6.440000000000000000e+02 1.576982717058572803e+02
6.450000000000000000e+02 1.821320246014705901e+02
6.460000000000000000e+02 1.442324665784144884e+02
6.470000000000000000e+02 1.532322718623507853e+02
6.480000000000000000e+02 1.770275103439396105e+02
6.490000000000000000e+02 1.830089263604301948e+02
6.500000000000000000e+02 1.796491677851230975e+02
6.510000000000000000e+02 1.700205878161771693e+02
6.520000000000000000e+02 1.723385464638961935e+02
6.530000000000000000e+02 1.475338107150424776e+02
6.540000000000000000e+02 1.577864127735892623e+02
6.550000000000000000e+02 1.427263015038187461e+02
6.560000000000000000e+02 1.569394932555815387e+02
6.570000000000000000e+02 1.005175974874327522e+02
6.580000000000000000e+02 1.595694194770514969e+02
6.590000000000000000e+02 1.562224982141362659e+02
6.600000000000000000e+02 1.785447733543389859e+02
6.610000000000000000e+02 4.120841720175135947e+01
6.620000000000000000e+02 1.581164662671048688e+02
6.630000000000000000e+02 1.482862003910463216e+02
6.640000000000000000e+02 1.759239803330891618e+02
6.650000000000000000e+02 1.297571903577239993e+02
6.660000000000000000e+02 1.747280154843255673e+02
6.670000000000000000e+02 1.591012168182521123e+02
6.680000000000000000e+02 1.566381038927520422e+02
6.690000000000000000e+02 1.771507176217079689e+02
6.700000000000000000e+02 1.365487999115198647e+02
6.710000000000000000e+02 1.544081535139381458e+02
6.720000000000000000e+02 1.681089972988685304e+02
6.730000000000000000e+02 1.356204915931700157e+02
6.740000000000000000e+02 1.373495568918312415e+02
6.750000000000000000e+02 1.563463917313984268e+02
6.760000000000000000e+02 1.546218826013871421e+02
6.770000000000000000e+02 1.533510683354925277e+02
6.780000000000000000e+02 1.513564491632242834e+02
6.790000000000000000e+02 1.859639527351875472e+02
6.800000000000000000e+02 1.443661646236198806e+02
6.810000000000000000e+02 1.730042872377966319e+02
6.820000000000000000e+02 1.842906600493801079e+02
6.830000000000000000e+02 1.736255615771266037e+02
6.840000000000000000e+02 1.819452419118559305e+02
6.850000000000000000e+02 1.643713040356585395e+02
6.860000000000000000e+02 1.361872634857462003e+02
6.870000000000000000e+02 1.874977933377468560e+02
6.880000000000000000e+02 1.262239990673170382e+02
6.890000000000000000e+02 1.630276370695667083e+02
6.900000000000000000e+02 1.713697973779941321e+02
6.910000000000000000e+02 1.552660412186814085e+02
6.920000000000000000e+02 1.646970093043670147e+02
6.930000000000000000e+02 1.765209709691856119e+02
6.940000000000000000e+02 1.574913827545177867e+02
6.950000000000000000e+02 1.952438867522688781e+02
6.960000000000000000e+02 1.960761653866312031e+02
6.970000000000000000e+02 1.516372387389877190e+02
6.980000000000000000e+02 1.655370571485825337e+02
6.990000000000000000e+02 1.758783221625787689e+02
7.000000000000000000e+02 1.882360780662856996e+02
7.010000000000000000e+02 1.652194881396677317e+02
7.020000000000000000e+02 1.603036465439381857e+02
7.030000000000000000e+02 1.851913237003150527e+02
7.040000000000000000e+02 1.339444309155145447e+02
7.050000000000000000e+02 1.689611605567081085e+02
7.060000000000000000e+02 1.778627391652077279e+02
7.070000000000000000e+02 1.699398095212056035e+02
7.080000000000000000e+02 1.809533388082424779e+02
7.090000000000000000e+02 1.831299528765041771e+02
7.100000000000000000e+02 1.482982550434539633e+02
7.110000000000000000e+02 1.572276291474675531e+02
7.120000000000000000e+02 1.596500910520650223e+02
7.130000000000000000e+02 1.742697520200987071e+02
7.140000000000000000e+02 1.407898659458270174e+02
7.150000000000000000e+02 1.628017419026268726e+02
7.160000000000000000e+02 1.578398615094899355e+02
7.170000000000000000e+02 1.369308438865109849e+02
7.180000000000000000e+02 1.365472246347500516e+02
7.190000000000000000e+02 1.477808779833632116e+02
7.200000000000000000e+02 1.421650114597871095e+02
7.210000000000000000e+02 1.670815972371956377e+02
7.220000000000000000e+02 1.990285599450610903e+02
7.230000000000000000e+02 1.692086221766512040e+02
7.240000000000000000e+02 1.544073149443510999e+02
7.250000000000000000e+02 1.906925156537439534e+02
7.260000000000000000e+02 1.816865571038929374e+02
7.270000000000000000e+02 1.783088925816023504e+02
7.280000000000000000e+02 1.713290445553497534e+02
7.290000000000000000e+02 1.740066578676267284e+02
7.300000000000000000e+02 1.451146680782940166e+02
7.310000000000000000e+02 1.377935756617241907e+02
7.320000000000000000e+02 1.582789959295617166e+02
7.330000000000000000e+02 1.794173577150048970e+02
7.340000000000000000e+02 1.811225627922185879e+02
7.350000000000000000e+02 1.633235455183046838e+02
7.360000000000000000e+02 1.751267432317397379e+02
7.370000000000000000e+02 1.785531317357844898e+02
7.380000000000000000e+02 1.604371205351159517e+02
7.390000000000000000e+02 1.727408067495706803e+02
7.400000000000000000e+02 1.352203774934032481e+02
7.410000000000000000e+02 1.433815459143042403e+02
7.420000000000000000e+02 1.862347967216952895e+02
7.430000000000000000e+02 1.654264494363233666e+02
7.440000000000000000e+02 1.464175375990205907e+02
7.450000000000000000e+02 1.746891510621860277e+02
7.460000000000000000e+02 1.678282272796562324e+02
7.470000000000000000e+02 1.884831297542730795e+02
7.480000000000000000e+02 1.888802292278595871e+02
7.490000000000000000e+02 1.560679231845731465e+02
7.500000000000000000e+02 1.791393476710578909e+02
7.510000000000000000e+02 1.254555146665830705e+02
7.520000000000000000e+02 1.781079598678853131e+02
7.530000000000000000e+02 1.313018516372416684e+02
7.540000000000000000e+02 1.346275358406626026e+02
7.550000000000000000e+02 1.733437722989547751e+02
7.560000000000000000e+02 1.684885236090768217e+02
7.570000000000000000e+02 2.045614151385676678e+02
7.580000000000000000e+02 1.541332742595332945e+02
7.590000000000000000e+02 1.813326103202610966e+02
7.600000000000000000e+02 1.749608459440158299e+02
7.610000000000000000e+02 1.536930868445401188e+02
7.620000000000000000e+02 1.566448291232569829e+02
7.630000000000000000e+02 1.751358942189393417e+02
7.640000000000000000e+02 1.762593967624842435e+02
7.650000000000000000e+02 1.804919372538218738e+02
7.660000000000000000e+02 1.753932283570208881e+02
7.670000000000000000e+02 1.820877240900630056e+02
7.680000000000000000e+02 1.332376347768495748e+02
7.690000000000000000e+02 1.472250557914583737e+02
7.700000000000000000e+02 1.853489704171066705e+02
7.710000000000000000e+02 1.550376833868722883e+02
7.720000000000000000e+02 1.965593344019350468e+02
7.730000000000000000e+02 1.755219673151608504e+02
7.740000000000000000e+02 1.697603928777382407e+02
7.750000000000000000e+02 1.592252834629507277e+02
7.760000000000000000e+02 1.667154868799937333e+02
7.770000000000000000e+02 1.761927719375656238e+02
7.780000000000000000e+02 8.384001420991248210e+01
7.790000000000000000e+02 1.670251168512268407e+02
7.800000000000000000e+02 1.282678460092346882e+02
7.810000000000000000e+02 1.823765376607183555e+02
7.820000000000000000e+02 1.704465438390704435e+02
7.830000000000000000e+02 1.508816863024229633e+02
7.840000000000000000e+02 1.439339300150188308e+02
7.850000000000000000e+02 1.552807794814965234e+02
7.860000000000000000e+02 1.745177761865500656e+02
7.870000000000000000e+02 1.532026888940266360e+02
7.880000000000000000e+02 1.865240428535335298e+02
7.890000000000000000e+02 1.809923050400541342e+02
7.900000000000000000e+02 1.423259236591852357e+02
7.910000000000000000e+02 1.563477525267496162e+02
7.920000000000000000e+02 1.548366193191115769e+02
7.930000000000000000e+02 1.397405659119972938e+02
7.940000000000000000e+02 1.651634259637482103e+02
7.950000000000000000e+02 1.753386834296246093e+02
7.960000000000000000e+02 1.571608487068491513e+02
7.970000000000000000e+02 1.641821263492732896e+02
7.980000000000000000e+02 1.957614157955009659e+02
7.990000000000000000e+02 1.367832558058840391e+02
8.000000000000000000e+02 1.748725734602013233e+02
8.010000000000000000e+02 1.984318736176490177e+02
8.020000000000000000e+02 1.419598897473624959e+02
8.030000000000000000e+02 1.612879870320379609e+02
8.040000000000000000e+02 1.714390218648051132e+02
8.050000000000000000e+02 1.310332910936552366e+02
8.060000000000000000e+02 1.334264679507244864e+02
8.070000000000000000e+02 1.780622627605833088e+02
8.080000000000000000e+02 1.841350556545827430e+02
8.090000000000000000e+02 1.984446570797684899e+02
8.100000000000000000e+02 1.689135945820589200e+02
8.110000000000000000e+02 1.564402118005715749e+02
8.120000000000000000e+02 1.828737089587176570e+02
8.130000000000000000e+02 1.526470385655327959e+02
8.140000000000000000e+02 1.682156068148827899e+02
8.150000000000000000e+02 1.992774949167136356e+02
8.160000000000000000e+02 1.663776571804780531e+02
8.170000000000000000e+02 1.278618537259845880e+02
8.180000000000000000e+02 1.635435180107836857e+02
8.190000000000000000e+02 1.711806626961624431e+02
8.200000000000000000e+02 1.559572305904948166e+02
8.210000000000000000e+02 1.960780575222128164e+02
8.220000000000000000e+02 1.605113650026679579e+02
8.230000000000000000e+02 1.805187499519932999e+02
8.240000000000000000e+02 1.792229014524229456e+02
8.250000000000000000e+02 1.461126829089020873e+02
8.260000000000000000e+02 1.353370712866302483e+02
8.270000000000000000e+02 1.600241302082515631e+02
8.280000000000000000e+02 1.545583284154193393e+02
8.290000000000000000e+02 1.874310155327714256e+02
8.300000000000000000e+02 1.541825097786327206e+02
8.310000000000000000e+02 1.766509532294572580e+02
8.320000000000000000e+02 2.056036042406343256e+02
8.330000000000000000e+02 1.685122384858894691e+02
8.340000000000000000e+02 1.379782990617999872e+02
8.350000000000000000e+02 1.672434413605223256e+02
8.360000000000000000e+02 1.830163971560581331e+02
8.370000000000000000e+02 1.912667486369748246e+02
8.380000000000000000e+02 1.717554555160264442e+02
8.390000000000000000e+02 1.701054773166061409e+02
8.400000000000000000e+02 2.036223981017155324e+02
8.410000000000000000e+02 1.706411190877570050e+02
8.420000000000000000e+02 1.859051046932364670e+02
8.430000000000000000e+02 1.690536079537642138e+02
8.440000000000000000e+02 1.773085248080152496e+02
8.450000000000000000e+02 1.826209692920287466e+02
8.460000000000000000e+02 4.883891024211629883e+01
8.470000000000000000e+02 1.806630752967181195e+02
8.480000000000000000e+02 1.486130339211134981e+02
8.490000000000000000e+02 1.617540593859168609e+02
8.500000000000000000e+02 1.613531473512669550e+02
8.510000000000000000e+02 1.665002638401496711e+02
8.520000000000000000e+02 1.659547879288016361e+02
8.530000000000000000e+02 1.804107954274667236e+02
8.540000000000000000e+02 1.466432007994283993e+02
8.550000000000000000e+02 1.897657652395044465e+02
8.560000000000000000e+02 1.847556646066614690e+02
8.570000000000000000e+02 1.953067357704165943e+02
8.580000000000000000e+02 1.378927079128448270e+02
8.590000000000000000e+02 1.600952219828717773e+02
8.600000000000000000e+02 1.839901392551330730e+02
8.610000000000000000e+02 1.729199118622544233e+02
8.620000000000000000e+02 1.501987043501311518e+02
8.630000000000000000e+02 1.432377184282480016e+02
8.640000000000000000e+02 1.792061948013785297e+02
8.650000000000000000e+02 1.352694230589097231e+02
8.660000000000000000e+02 1.723748994095819000e+02
8.670000000000000000e+02 1.771117885365299287e+02
8.680000000000000000e+02 1.824288984774936466e+02
8.690000000000000000e+02 1.686160001633271008e+02
8.700000000000000000e+02 1.781302780136019805e+02
8.710000000000000000e+02 1.959799677007209766e+02
8.720000000000000000e+02 1.661469686565303334e+02
8.730000000000000000e+02 1.702635544079468559e+02
8.740000000000000000e+02 1.985428955393944932e+02
8.750000000000000000e+02 1.584980966527828059e+02
8.760000000000000000e+02 1.746507690974237050e+02
8.770000000000000000e+02 1.533887433936421587e+02
8.780000000000000000e+02 1.687566884649772589e+02
8.790000000000000000e+02 1.560668860240599827e+02
8.800000000000000000e+02 1.671730937048900216e+02
8.810000000000000000e+02 1.602558834364439235e+02
8.820000000000000000e+02 1.546886954980100199e+02
8.830000000000000000e+02 1.981241633015458774e+02
8.840000000000000000e+02 1.841600505510551500e+02
8.850000000000000000e+02 1.543226139575105833e+02
8.860000000000000000e+02 1.468447988112195617e+02
8.870000000000000000e+02 1.720141863753692917e+02
8.880000000000000000e+02 1.792572802022902181e+02
8.890000000000000000e+02 1.572176388565379739e+02
8.900000000000000000e+02 1.976605689801114636e+02
8.910000000000000000e+02 1.722249555850733316e+02
8.920000000000000000e+02 1.384608841575814324e+02
8.930000000000000000e+02 1.517419281272378271e+02
8.940000000000000000e+02 1.829968875094511986e+02
8.950000000000000000e+02 1.520662974546888222e+02
8.960000000000000000e+02 1.598313884017056239e+02
8.970000000000000000e+02 1.891008480668154164e+02
8.980000000000000000e+02 1.661394501701568061e+02
8.990000000000000000e+02 1.954017771113453534e+02
9.000000000000000000e+02 1.375392000005765851e+02
9.010000000000000000e+02 2.006290157396594509e+02
9.020000000000000000e+02 1.614810933976108061e+02
9.030000000000000000e+02 1.983981864832518340e+02
9.040000000000000000e+02 1.768969663363003804e+02
9.050000000000000000e+02 1.454247686373051920e+02
9.060000000000000000e+02 1.426603853020027373e+02
9.070000000000000000e+02 1.747191118789287714e+02
9.080000000000000000e+02 1.666692686172317508e+02
9.090000000000000000e+02 1.892655527548744487e+02
9.100000000000000000e+02 1.819785454116075130e+02
9.110000000000000000e+02 1.561973851854106670e+02
9.120000000000000000e+02 1.518020790076030551e+02
9.130000000000000000e+02 1.638888078789372003e+02
9.140000000000000000e+02 1.782947679923219653e+02
9.150000000000000000e+02 2.006696649321530970e+02
9.160000000000000000e+02 1.744883207309596855e+02
9.170000000000000000e+02 1.611825887506640242e+02
9.180000000000000000e+02 1.529698327168262608e+02
9.190000000000000000e+02 1.957480214541221244e+02
9.200000000000000000e+02 1.729257183896401955e+02
9.210000000000000000e+02 1.743829463071478187e+02
9.220000000000000000e+02 1.596090430803295703e+02
9.230000000000000000e+02 1.708279754957865748e+02
9.240000000000000000e+02 1.866011094445426295e+02
9.250000000000000000e+02 1.722853583677209883e+02
9.260000000000000000e+02 1.824098775480849781e+02
9.270000000000000000e+02 1.895387964871970610e+02
9.280000000000000000e+02 1.908215777643719093e+02
9.290000000000000000e+02 1.705155587318789969e+02
9.300000000000000000e+02 2.027549060961555369e+02
9.310000000000000000e+02 1.854121388293467589e+02
9.320000000000000000e+02 2.033227847361566489e+02
9.330000000000000000e+02 1.346816351273097894e+02
9.340000000000000000e+02 1.661882559734983715e+02
9.350000000000000000e+02 2.043502893253732111e+02
9.360000000000000000e+02 1.829827492156443611e+02
9.370000000000000000e+02 1.872389988318435314e+02
9.380000000000000000e+02 1.594975527631347347e+02
9.390000000000000000e+02 1.865704771678726104e+02
9.400000000000000000e+02 1.450552643310552696e+02
9.410000000000000000e+02 1.544637270664595121e+02
9.420000000000000000e+02 1.916111255462472513e+02
9.430000000000000000e+02 1.650795091668932173e+02
9.440000000000000000e+02 1.450653064151743763e+02
9.450000000000000000e+02 1.949067750232882190e+02
9.460000000000000000e+02 1.902531561680713423e+02
9.470000000000000000e+02 1.450145305052654692e+02
9.480000000000000000e+02 1.809605826629383785e+02
9.490000000000000000e+02 1.778571564861082663e+02
9.500000000000000000e+02 2.164583743301443803e+02
9.510000000000000000e+02 1.689867658075941677e+02
9.520000000000000000e+02 1.447482020917843215e+02
9.530000000000000000e+02 1.516581847727896104e+02
9.540000000000000000e+02 1.873656176947457368e+02
9.550000000000000000e+02 1.406398314116740096e+02
9.560000000000000000e+02 1.667802864044711271e+02
9.570000000000000000e+02 1.700612081071791408e+02
9.580000000000000000e+02 1.539678342958317216e+02
9.590000000000000000e+02 1.860580264936356798e+02
9.600000000000000000e+02 1.688466856854099092e+02
9.610000000000000000e+02 1.805357949411559275e+02
9.620000000000000000e+02 1.694009832891019585e+02
9.630000000000000000e+02 1.894426780013299094e+02
9.640000000000000000e+02 1.638160075499769164e+02
9.650000000000000000e+02 1.871413645165806940e+02
9.660000000000000000e+02 1.823055655451548489e+02
9.670000000000000000e+02 1.680866336107064285e+02
9.680000000000000000e+02 1.993530978701029142e+02
9.690000000000000000e+02 1.800303261456975292e+02
9.700000000000000000e+02 1.573808725074391930e+02
9.710000000000000000e+02 1.921809341701682854e+02
9.720000000000000000e+02 1.899079828882831009e+02
9.730000000000000000e+02 1.774285117238446503e+02
9.740000000000000000e+02 1.724745149483044884e+02
9.750000000000000000e+02 1.669529942411080299e+02
9.760000000000000000e+02 1.816936154949563615e+02
9.770000000000000000e+02 1.566182022897302488e+02
9.780000000000000000e+02 1.844796851662714516e+02
9.790000000000000000e+02 1.765623641916479869e+02
9.800000000000000000e+02 1.654880366838063708e+02
9.810000000000000000e+02 1.871525561214069171e+02
9.820000000000000000e+02 1.627059505531857440e+02
9.830000000000000000e+02 1.543655765610829746e+02
9.840000000000000000e+02 1.649631701559857788e+02
9.850000000000000000e+02 1.987281075443206078e+02
9.860000000000000000e+02 2.934314547280621355e+02
9.870000000000000000e+02 1.606565848404427186e+02
9.880000000000000000e+02 1.872222228678140539e+02
9.890000000000000000e+02 1.953117095378694046e+02
9.900000000000000000e+02 1.796805725970097569e+02
9.910000000000000000e+02 1.660200230235965932e+02
9.920000000000000000e+02 1.776315449196850693e+02
9.930000000000000000e+02 1.555247658182431962e+02
9.940000000000000000e+02 5.159740727762658707e+01
9.950000000000000000e+02 1.537439210366791826e+02
9.960000000000000000e+02 2.135340174806951268e+02
9.970000000000000000e+02 1.784971254691245690e+02
9.980000000000000000e+02 1.588355997677763014e+02
9.990000000000000000e+02 1.954229904937788262e+02
