0.000000000000000000e+00 -3.172103627081723687e+01
1.000000000000000000e+00 -5.145912836084997366e+01
2.000000000000000000e+00 -1.200033401843113552e+02
3.000000000000000000e+00 -7.894970784919075868e+01
4.000000000000000000e+00 -9.519038349550895362e+01
5.000000000000000000e+00 -3.238068832467776019e+02
6.000000000000000000e+00 -1.272370104281112475e+02
7.000000000000000000e+00 -4.988739524722431042e+02
8.000000000000000000e+00 -6.632407123113360115e+01
9.000000000000000000e+00 -2.747887235989001056e+02
1.000000000000000000e+01 -2.084142367554284192e+02
1.100000000000000000e+01 -4.651579495768502852e+02
1.200000000000000000e+01 -5.262158516945920894e+01
1.300000000000000000e+01 -2.404291155617587208e+02
1.400000000000000000e+01 -8.199776928389869113e+01
1.500000000000000000e+01 -2.526389057077554412e+01
1.600000000000000000e+01 -9.051333660242357837e+01
1.700000000000000000e+01 -8.239690640859829784e+01
1.800000000000000000e+01 -2.021787043070225991e+02
1.900000000000000000e+01 -1.132791906751374711e+02
2.000000000000000000e+01 -1.433427367758504545e+02
2.100000000000000000e+01 -7.427652283735238825e+01
2.200000000000000000e+01 -5.685765187223820050e+01
2.300000000000000000e+01 -9.635729457087435890e+01
2.400000000000000000e+01 -1.951963548570950309e+02
2.500000000000000000e+01 -1.743198044103954203e+01
2.600000000000000000e+01 -1.354493569486123761e+01
2.700000000000000000e+01 -1.004435147592074600e+02
2.800000000000000000e+01 -1.336574697047720974e+02
2.900000000000000000e+01 -1.096542029034348076e+02
3.000000000000000000e+01 -4.239222598621070688e+02
3.100000000000000000e+01 -3.825514671950951424e+02
3.200000000000000000e+01 -1.933215905503178078e+02
3.300000000000000000e+01 -3.754979209663553661e+02
3.400000000000000000e+01 -1.646162976944867182e+02
3.500000000000000000e+01 -3.691158715668391324e+02
3.600000000000000000e+01 -3.332723584265945078e+02
3.700000000000000000e+01 -2.843950617354411747e+01
3.800000000000000000e+01 -1.753493941376482610e+02
3.900000000000000000e+01 -2.758481093816724297e+02
4.000000000000000000e+01 -3.180883888461828235e+01
4.100000000000000000e+01 -2.518427811483894061e+02
4.200000000000000000e+01 -1.802665091133324040e+02
4.300000000000000000e+01 -5.687755976224257637e+01
4.400000000000000000e+01 -3.133805626095170282e+02
4.500000000000000000e+01 -3.230416952582792192e+02
4.600000000000000000e+01 -1.291383055416775107e+02
4.700000000000000000e+01 -2.334844471406309196e+01
4.800000000000000000e+01 -7.467352197824111215e+01
4.900000000000000000e+01 -2.931804112554443691e+02
5.000000000000000000e+01 -9.391026278582603481e+01
5.100000000000000000e+01 -4.114027815090305467e+02
5.200000000000000000e+01 -1.757667516564898449e+02
5.300000000000000000e+01 -1.177494598137991488e+01
5.400000000000000000e+01 -3.479486946219189463e+02
5.500000000000000000e+01 -1.030264885432301867e+02
5.600000000000000000e+01 -3.430751211171970567e+02
5.700000000000000000e+01 -1.851154174512716963e+02
5.800000000000000000e+01 -1.578542364368764765e+02
5.900000000000000000e+01 -3.643624214846948917e+02
6.000000000000000000e+01 -7.076045626152982493e+01
6.100000000000000000e+01 -1.657331793132714211e+02
6.200000000000000000e+01 -1.761714686504174665e+02
6.300000000000000000e+01 -1.448798971653517071e+02
6.400000000000000000e+01 -2.786104527218877820e+02
6.500000000000000000e+01 -9.040511258610261791e+01
6.600000000000000000e+01 -8.960384485891718498e+01
6.700000000000000000e+01 -1.786097050785025999e+02
6.800000000000000000e+01 -6.471844750181142558e+01
6.900000000000000000e+01 -1.799732038409607071e+02
7.000000000000000000e+01 -5.077870875351072755e+01
7.100000000000000000e+01 -8.948613536164256743e+01
7.200000000000000000e+01 -1.448345832267230833e+02
7.300000000000000000e+01 -2.043867687984659369e+02
7.400000000000000000e+01 -1.377120466663501190e+02
7.500000000000000000e+01 -8.952454083211065949e+01
7.600000000000000000e+01 -3.502955906474944641e+02
7.700000000000000000e+01 -4.526811297414606372e+01
7.800000000000000000e+01 -1.380961612613097600e+02
7.900000000000000000e+01 -1.936539132926780553e+02
8.000000000000000000e+01 -7.370622719653088950e+01
8.100000000000000000e+01 -6.409142448908755796e+01
8.200000000000000000e+01 -1.382410676461133505e+02
8.300000000000000000e+01 -3.189272859343151367e+02
8.400000000000000000e+01 -1.664739053277896232e+02
8.500000000000000000e+01 -2.551754268556251759e+00
8.600000000000000000e+01 -9.019017039267846769e+01
8.700000000000000000e+01 -3.948053143497693895e+02
8.800000000000000000e+01 -2.605825634784102363e+02
8.900000000000000000e+01 -1.607464588582174088e+02
9.000000000000000000e+01 -1.078123383191016842e+02
9.100000000000000000e+01 -2.363521646375616569e+01
9.200000000000000000e+01 -9.669675430210830314e+01
9.300000000000000000e+01 -9.477133600333856123e+01
9.400000000000000000e+01 -1.984274990465713984e+01
9.500000000000000000e+01 -9.592828981703844704e+01
9.600000000000000000e+01 -3.586807606967802826e+02
9.700000000000000000e+01 -7.304072681502040609e+01
9.800000000000000000e+01 -1.586186063863715390e+02
9.900000000000000000e+01 -6.268728596528546149e+01
1.000000000000000000e+02 -3.000561827504346013e+01
1.010000000000000000e+02 -1.070587049207165364e+02
1.020000000000000000e+02 2.994963685431955014e+00
1.030000000000000000e+02 -6.664199958014710035e+01
1.040000000000000000e+02 -9.932088790127778566e+01
1.050000000000000000e+02 -6.811503185804997429e+01
1.060000000000000000e+02 -4.393062078756155131e+01
1.070000000000000000e+02 -8.778176077027200108e+01
1.080000000000000000e+02 -5.866748856572100834e+01
1.090000000000000000e+02 -6.220080510185724165e+00
1.100000000000000000e+02 -7.676739622778421790e+01
1.110000000000000000e+02 -1.013566790759909395e+02
1.120000000000000000e+02 -1.208839394775945664e+02
1.130000000000000000e+02 -1.763580444773660929e+02
1.140000000000000000e+02 -1.053580821649319716e+02
1.150000000000000000e+02 -1.255184270389682410e+02
1.160000000000000000e+02 -4.761050925405763934e+01
1.170000000000000000e+02 -5.931723569428935150e+01
1.180000000000000000e+02 -7.207004294786975152e+01
1.190000000000000000e+02 -7.407051443520977330e+01
1.200000000000000000e+02 -1.089531304767261020e+02
1.210000000000000000e+02 -8.157360415332064463e+01
1.220000000000000000e+02 -7.487640896431541648e+01
1.230000000000000000e+02 -7.999767304945312674e+01
1.240000000000000000e+02 -6.950469659930051591e+01
1.250000000000000000e+02 -3.568510115003627448e+01
1.260000000000000000e+02 -3.723164830882058141e+01
1.270000000000000000e+02 -6.148623215218704985e+01
1.280000000000000000e+02 -2.100833986391823771e+01
1.290000000000000000e+02 -5.313570282268012335e+01
1.300000000000000000e+02 -1.066047441444141270e+02
1.310000000000000000e+02 1.643201661862242702e+01
1.320000000000000000e+02 6.036395734816196068e+00
1.330000000000000000e+02 -6.147999294199925657e+01
1.340000000000000000e+02 -4.344423484436547511e+01
1.350000000000000000e+02 -4.201336384111955624e+01
1.360000000000000000e+02 -4.534543624338213874e+01
1.370000000000000000e+02 -2.398470834545750563e+01
1.380000000000000000e+02 5.888364031982236924e+01
1.390000000000000000e+02 -5.154853984811418854e+01
1.400000000000000000e+02 -1.199974877461151834e+01
1.410000000000000000e+02 -2.886648312003239880e+01
1.420000000000000000e+02 -7.527979292275978196e+01
1.430000000000000000e+02 -4.466925758921050260e+00
1.440000000000000000e+02 -1.922457467163710021e+01
1.450000000000000000e+02 -2.867079746101757109e+01
1.460000000000000000e+02 -2.281896260263854970e+02
1.470000000000000000e+02 -9.411929165055634883e+01
1.480000000000000000e+02 5.371814921202343385e+00
1.490000000000000000e+02 -2.821630979890265678e+01
1.500000000000000000e+02 -4.745670907015518480e+01
1.510000000000000000e+02 -5.204781738381427658e-01
1.520000000000000000e+02 -4.982610302446857276e+01
1.530000000000000000e+02 -6.311356245253281116e+01
1.540000000000000000e+02 1.711602429140079096e+01
1.550000000000000000e+02 -3.121395273925004687e+01
1.560000000000000000e+02 -6.966159225372712172e+01
1.570000000000000000e+02 -5.046008354835025500e+01
1.580000000000000000e+02 6.495285949350076748e+00
1.590000000000000000e+02 2.368480049991561032e+00
1.600000000000000000e+02 3.293291089937611105e-02
1.610000000000000000e+02 -2.105275003178363136e+00
1.620000000000000000e+02 -7.964468631976781410e+01
1.630000000000000000e+02 -4.459757878374137618e+01
1.640000000000000000e+02 -1.890104532869519858e+02
1.650000000000000000e+02 -1.217024485510260945e+01
1.660000000000000000e+02 -2.419847672374601188e+01
1.670000000000000000e+02 -4.601256887961051234e+01
1.680000000000000000e+02 -2.710053713636477823e+01
1.690000000000000000e+02 -4.727347271379206717e+01
1.700000000000000000e+02 -5.319837702760850107e+00
1.710000000000000000e+02 -7.602226909811247424e+01
1.720000000000000000e+02 2.284587876326138201e+01
1.730000000000000000e+02 -2.351920710298720962e+01
1.740000000000000000e+02 -1.083791902644755965e+02
1.750000000000000000e+02 -6.642379687128106980e+01
1.760000000000000000e+02 -7.594730844387967750e+00
1.770000000000000000e+02 -1.330329902136992359e+01
1.780000000000000000e+02 -3.225325698571190003e+01
1.790000000000000000e+02 9.839398647842074297e+00
1.800000000000000000e+02 -1.744362097936533473e+01
1.810000000000000000e+02 -4.969852926031852292e+01
1.820000000000000000e+02 -3.570517300517360582e+01
1.830000000000000000e+02 2.205897124333563397e+01
1.840000000000000000e+02 -2.267997105068396024e+01
1.850000000000000000e+02 -6.791529276975154517e+00
1.860000000000000000e+02 -1.161479206956664711e+01
1.870000000000000000e+02 9.523737009584947089e+01
1.880000000000000000e+02 7.498691983431058361e-01
1.890000000000000000e+02 3.086703909580339200e+01
1.900000000000000000e+02 4.223154902919119991e+00
1.910000000000000000e+02 -1.189799195680195965e+01
1.920000000000000000e+02 2.319121460626357134e+01
1.930000000000000000e+02 7.212004309798373924e+00
1.940000000000000000e+02 -1.099796772720394813e+02
1.950000000000000000e+02 -1.567405460934290886e+02
1.960000000000000000e+02 7.544418357048343182e+00
1.970000000000000000e+02 1.173491608451823254e+01
1.980000000000000000e+02 1.059722929415716308e+01
1.990000000000000000e+02 3.696568300213851899e+01
2.000000000000000000e+02 1.529028688681985670e+01
2.010000000000000000e+02 1.899092889589452682e+01
2.020000000000000000e+02 3.829940500484781296e+00
2.030000000000000000e+02 4.678376907901198933e+01
2.040000000000000000e+02 8.978952714659274648e+01
2.050000000000000000e+02 -2.253618729607217119e+02
2.060000000000000000e+02 3.031768639358153905e+01
2.070000000000000000e+02 -4.928692315724821782e+01
2.080000000000000000e+02 5.024322628743635732e+01
2.090000000000000000e+02 2.019141658119066562e+01
2.100000000000000000e+02 -1.252726571238272868e+01
2.110000000000000000e+02 1.920192725995931937e+01
2.120000000000000000e+02 2.675313902524321463e+01
2.130000000000000000e+02 -8.880616294103586483e+01
2.140000000000000000e+02 2.523942765329401539e+01
2.150000000000000000e+02 -1.443308147814690301e+00
2.160000000000000000e+02 -5.280748912370668791e+00
2.170000000000000000e+02 2.154883373854653428e+01
2.180000000000000000e+02 -1.950993121083052415e+02
2.190000000000000000e+02 1.461768013087308304e+00
2.200000000000000000e+02 2.661735774159339485e+01
2.210000000000000000e+02 5.728632816427005991e+01
2.220000000000000000e+02 1.819291688542196539e+01
2.230000000000000000e+02 2.952992550320513487e+01
2.240000000000000000e+02 5.791800659634986914e+00
2.250000000000000000e+02 2.385429803533824611e+00
2.260000000000000000e+02 3.035002259376619804e+01
2.270000000000000000e+02 -9.446861019820033789e+00
2.280000000000000000e+02 6.199946605464862159e+01
2.290000000000000000e+02 -3.365852992215693007e+00
2.300000000000000000e+02 7.360288533560992619e+01
2.310000000000000000e+02 5.072809595116424930e+00
2.320000000000000000e+02 -1.605335089776235691e+01
2.330000000000000000e+02 -2.036005763661016488e+01
2.340000000000000000e+02 1.039796185328569322e+01
2.350000000000000000e+02 2.966322378042494279e+01
2.360000000000000000e+02 -7.499055362355164789e+00
2.370000000000000000e+02 3.285515159818109510e+01
2.380000000000000000e+02 -6.519136097614506298e+00
2.390000000000000000e+02 -4.116143904028952250e+01
2.400000000000000000e+02 1.187257080161768528e+02
2.410000000000000000e+02 7.960036208886174336e+01
2.420000000000000000e+02 7.788106037945318860e+01
2.430000000000000000e+02 -6.834264797393302615e+00
2.440000000000000000e+02 6.026706602821445813e+01
2.450000000000000000e+02 4.422164852514134026e+01
2.460000000000000000e+02 2.145464374579243838e+01
2.470000000000000000e+02 1.787100033567421065e+01
2.480000000000000000e+02 1.457537097731596987e+01
2.490000000000000000e+02 7.019712248948550837e+01
2.500000000000000000e+02 -1.841279098099457201e+02
2.510000000000000000e+02 6.818677076281565519e+01
2.520000000000000000e+02 5.830940738259371869e+00
2.530000000000000000e+02 5.003549307736673768e+01
2.540000000000000000e+02 6.642670183368355197e+01
2.550000000000000000e+02 5.632421520822023098e+01
2.560000000000000000e+02 2.250031347351253430e+01
2.570000000000000000e+02 1.783222699100768693e+01
2.580000000000000000e+02 7.776042784261548491e+00
2.590000000000000000e+02 -2.584536618882030723e+01
2.600000000000000000e+02 2.708850809581048935e+01
2.610000000000000000e+02 3.384158399193592004e+01
2.620000000000000000e+02 9.169767825656211357e+01
2.630000000000000000e+02 2.688524888456798578e+01
2.640000000000000000e+02 3.621948680051875868e+01
2.650000000000000000e+02 1.087138450652157502e+02
2.660000000000000000e+02 1.120579577507925677e+02
2.670000000000000000e+02 2.053478633994946279e+01
2.680000000000000000e+02 1.071104939722700635e+02
2.690000000000000000e+02 1.783106756454726849e+01
2.700000000000000000e+02 8.466123823261831660e+01
2.710000000000000000e+02 4.572955739597236402e+01
2.720000000000000000e+02 4.348970379086880200e+01
2.730000000000000000e+02 6.503791949352334711e+01
2.740000000000000000e+02 4.105392883624526235e+01
2.750000000000000000e+02 4.149034400259540689e+01
2.760000000000000000e+02 5.537676354564833758e+01
2.770000000000000000e+02 9.178843908176833111e+01
2.780000000000000000e+02 9.672019308117849334e+01
2.790000000000000000e+02 9.670874516650212627e+01
2.800000000000000000e+02 3.071722619342818916e+01
2.810000000000000000e+02 1.115154330786687638e+02
2.820000000000000000e+02 1.217935419372406045e+02
2.830000000000000000e+02 9.970196729453044782e+01
2.840000000000000000e+02 9.450168101536389997e+01
2.850000000000000000e+02 1.152100517150772561e+02
2.860000000000000000e+02 1.226686513082024135e+02
2.870000000000000000e+02 1.119311214848224552e+02
2.880000000000000000e+02 7.710361348556429562e+01
2.890000000000000000e+02 1.259008832482854956e+02
2.900000000000000000e+02 5.828405282559999989e+01
2.910000000000000000e+02 1.122971813812212503e+02
2.920000000000000000e+02 1.141455552601126726e+02
2.930000000000000000e+02 5.214588319521863014e+01
2.940000000000000000e+02 9.361484069576761158e+01
2.950000000000000000e+02 4.048444648095284037e+01
2.960000000000000000e+02 9.865672132865709898e+01
2.970000000000000000e+02 7.385832741193863171e+01
2.980000000000000000e+02 1.142829651398227213e+02
2.990000000000000000e+02 1.045983722065286514e+02
3.000000000000000000e+02 8.252218524267092903e+01
3.010000000000000000e+02 -1.167841493652574769e+02
3.020000000000000000e+02 6.896438136890299120e+01
3.030000000000000000e+02 1.519633785566549022e+02
3.040000000000000000e+02 4.844403895847658248e+01
3.050000000000000000e+02 1.430410426155274024e+02
3.060000000000000000e+02 5.289289140030381198e+00
3.070000000000000000e+02 1.463180810528724294e+02
3.080000000000000000e+02 7.821898673685778647e+01
3.090000000000000000e+02 9.333102872866913913e+01
3.100000000000000000e+02 1.109305669323870944e+02
3.110000000000000000e+02 1.132966208790837612e+02
3.120000000000000000e+02 6.569243427164707327e+01
3.130000000000000000e+02 3.333413877106108458e+01
3.140000000000000000e+02 -1.045351451789218657e+02
3.150000000000000000e+02 1.209880858265151176e+02
3.160000000000000000e+02 -9.317991478176651299e+01
3.170000000000000000e+02 1.235183533931579234e+02
3.180000000000000000e+02 2.156532850117368127e+01
3.190000000000000000e+02 9.081867842953867864e+01
3.200000000000000000e+02 1.355085006806930323e+02
3.210000000000000000e+02 1.495758707133714722e+02
3.220000000000000000e+02 1.155829781819075492e+02
3.230000000000000000e+02 1.127365303216472512e+02
3.240000000000000000e+02 1.138508587436975432e+02
3.250000000000000000e+02 1.234090292833493265e+02
3.260000000000000000e+02 9.030208275340523016e+01
3.270000000000000000e+02 3.576963332606698032e+01
3.280000000000000000e+02 7.377143336423112885e+01
3.290000000000000000e+02 1.148917508005884258e+02
3.300000000000000000e+02 1.276926729148601112e+02
3.310000000000000000e+02 1.130991076924082677e+02
3.320000000000000000e+02 1.236141817548761566e+02
3.330000000000000000e+02 1.510467125416348608e+02
3.340000000000000000e+02 1.222918544500758458e+02
3.350000000000000000e+02 2.394445269863497039e+00
3.360000000000000000e+02 7.489765748103573628e+01
3.370000000000000000e+02 9.995293558884179674e+01
3.380000000000000000e+02 1.404495742267754395e+02
3.390000000000000000e+02 1.353027878054291477e+02
3.400000000000000000e+02 8.035870589969242417e+01
3.410000000000000000e+02 9.164030192439834366e+01
3.420000000000000000e+02 1.095650124801359055e+02
3.430000000000000000e+02 1.635062845682966781e+02
3.440000000000000000e+02 1.128541221471098766e+02
3.450000000000000000e+02 1.597748712600381396e+02
3.460000000000000000e+02 1.370019501979844279e+02
3.470000000000000000e+02 1.211606561771670982e+02
3.480000000000000000e+02 5.615008168249539722e+01
3.490000000000000000e+02 1.305835980766171076e+02
3.500000000000000000e+02 1.189831572291965216e+02
3.510000000000000000e+02 9.335146622921918436e+01
3.520000000000000000e+02 1.420495444567898744e+02
3.530000000000000000e+02 9.710087432452213818e+01
3.540000000000000000e+02 6.646896680887435593e+01
3.550000000000000000e+02 1.185025854399243457e+02
3.560000000000000000e+02 1.312818336693992478e+02
3.570000000000000000e+02 1.203688678625077983e+02
3.580000000000000000e+02 1.333991578765033807e+02
3.590000000000000000e+02 1.474961461801379130e+02
3.600000000000000000e+02 1.391458423016061090e+02
3.610000000000000000e+02 1.328572953981837941e+02
3.620000000000000000e+02 1.497255659381004875e+02
3.630000000000000000e+02 1.603507445052529761e+02
3.640000000000000000e+02 1.194516629222158883e+02
3.650000000000000000e+02 1.381968009920838369e+02
3.660000000000000000e+02 9.326769719771267830e+01
3.670000000000000000e+02 1.261943397426033044e+02
3.680000000000000000e+02 1.039899222278210118e+02
3.690000000000000000e+02 1.281805281495276461e+02
3.700000000000000000e+02 7.263184776321654113e+01
3.710000000000000000e+02 1.121081474451763711e+02
3.720000000000000000e+02 1.500344185337454803e+02
3.730000000000000000e+02 9.760681949888457609e+01
3.740000000000000000e+02 1.655949794339492200e+02
3.750000000000000000e+02 1.532010098164033138e+02
3.760000000000000000e+02 1.368442975783820827e+02
3.770000000000000000e+02 1.594574530815862943e+02
3.780000000000000000e+02 1.532664787205678749e+02
3.790000000000000000e+02 8.906353430924258419e+01
3.800000000000000000e+02 1.489228809297363512e+02
3.810000000000000000e+02 1.415625066412798674e+02
3.820000000000000000e+02 1.145584246006220894e+02
3.830000000000000000e+02 1.576942568210948536e+02
3.840000000000000000e+02 1.442039155512526634e+02
3.850000000000000000e+02 1.494039398356960078e+02
3.860000000000000000e+02 1.418624434155564131e+02
3.870000000000000000e+02 3.832204238234199778e+01
3.880000000000000000e+02 1.315909214166291008e+02
3.890000000000000000e+02 1.598765378643405484e+02
3.900000000000000000e+02 1.310977359688231161e+02
3.910000000000000000e+02 1.641614322467875127e+02
3.920000000000000000e+02 1.071772978373956704e+02
3.930000000000000000e+02 1.007968101421936211e+02
3.940000000000000000e+02 1.209762184680473069e+02
3.950000000000000000e+02 1.632648662334617597e+02
3.960000000000000000e+02 1.020928918134767969e+02
3.970000000000000000e+02 1.364244823998187144e+02
3.980000000000000000e+02 1.548886389358351323e+02
3.990000000000000000e+02 1.545444575727987342e+02
4.000000000000000000e+02 1.610597224075927159e+02
4.010000000000000000e+02 1.303651193891696778e+02
4.020000000000000000e+02 1.352203773262030495e+02
4.030000000000000000e+02 1.039130053660250184e+02
4.040000000000000000e+02 1.384848487966196728e+02
4.050000000000000000e+02 1.467298118496909183e+02
4.060000000000000000e+02 1.637171911565374955e+02
4.070000000000000000e+02 1.589763906774419411e+02
4.080000000000000000e+02 1.566506170429502731e+02
4.090000000000000000e+02 1.507681589386404823e+02
4.100000000000000000e+02 1.680979658155274592e+02
4.110000000000000000e+02 1.471405110110718226e+02
4.120000000000000000e+02 1.342771148297857167e+02
4.130000000000000000e+02 1.303260883460400521e+02
4.140000000000000000e+02 1.692153759125283727e+02
4.150000000000000000e+02 1.713472615061335205e+02
4.160000000000000000e+02 1.346469108709764555e+02
4.170000000000000000e+02 1.319282359197859478e+02
4.180000000000000000e+02 1.358653273426489818e+02
4.190000000000000000e+02 1.498590259199283423e+02
4.200000000000000000e+02 1.571355383088911140e+02
4.210000000000000000e+02 1.446572734288945696e+02
4.220000000000000000e+02 1.835253340642282183e+02
4.230000000000000000e+02 1.544465763340989497e+02
4.240000000000000000e+02 1.562706445819314069e+02
4.250000000000000000e+02 1.540852953050276710e+02
4.260000000000000000e+02 1.357156565488643025e+02
4.270000000000000000e+02 1.719307875927055420e+02
4.280000000000000000e+02 1.889119737918090607e+02
4.290000000000000000e+02 1.164348255820374334e+02
4.300000000000000000e+02 1.573760356976924015e+02
4.310000000000000000e+02 1.398192681573354719e+02
4.320000000000000000e+02 1.767613986805270372e+02
4.330000000000000000e+02 1.454956087760958212e+02
4.340000000000000000e+02 1.598604414099662279e+02
4.350000000000000000e+02 1.657418035082837662e+02
4.360000000000000000e+02 1.638410355166585077e+02
4.370000000000000000e+02 1.593525701797283887e+02
4.380000000000000000e+02 1.627727888707107695e+02
4.390000000000000000e+02 1.309807963797015873e+02
4.400000000000000000e+02 1.577565904936360823e+02
4.410000000000000000e+02 1.206144344355665368e+02
4.420000000000000000e+02 1.605476115977475047e+02
4.430000000000000000e+02 1.433065539022531993e+02
4.440000000000000000e+02 1.456584635903443257e+02
4.450000000000000000e+02 1.994786124549440842e+02
4.460000000000000000e+02 1.569324953003325049e+02
4.470000000000000000e+02 1.565181964673536470e+02
4.480000000000000000e+02 1.710723494140496257e+02
4.490000000000000000e+02 1.722649675457261935e+02
4.500000000000000000e+02 1.543478042878118686e+02
4.510000000000000000e+02 1.742417598389152715e+02
4.520000000000000000e+02 1.518886408254876130e+02
4.530000000000000000e+02 1.912421367434545232e+02
4.540000000000000000e+02 1.621586771196873826e+02
4.550000000000000000e+02 1.660720473454849184e+02
4.560000000000000000e+02 1.330922199918737192e+02
4.570000000000000000e+02 1.098523471689389339e+02
4.580000000000000000e+02 1.377212528128982001e+02
4.590000000000000000e+02 1.456686392662653589e+02
4.600000000000000000e+02 1.751470152222111381e+02
4.610000000000000000e+02 1.613835928827615191e+02
4.620000000000000000e+02 1.556418907831045999e+02
4.630000000000000000e+02 1.499321334519918878e+02
4.640000000000000000e+02 1.576728083020336157e+02
4.650000000000000000e+02 1.613084867691989928e+02
4.660000000000000000e+02 1.592971426180563697e+02
4.670000000000000000e+02 1.637919240257425599e+02
4.680000000000000000e+02 1.421488357552696016e+02
4.690000000000000000e+02 1.277557915903243639e+02
4.700000000000000000e+02 1.311364678953465841e+02
4.710000000000000000e+02 1.502013858867886711e+02
4.720000000000000000e+02 1.322748640419507353e+02
4.730000000000000000e+02 -1.628717529753267286e+02
4.740000000000000000e+02 1.593031952100551507e+02
4.750000000000000000e+02 1.548108441974183620e+02
4.760000000000000000e+02 1.626989065840796798e+02
4.770000000000000000e+02 1.637714592346061977e+02
4.780000000000000000e+02 1.684219127291788709e+02
4.790000000000000000e+02 5.459145130547787517e+01
4.800000000000000000e+02 1.726435925018558351e+02
4.810000000000000000e+02 1.510315148211595329e+02
4.820000000000000000e+02 5.076238822554677199e+01
4.830000000000000000e+02 1.628340600641937499e+02
4.840000000000000000e+02 1.634957005098806064e+02
4.850000000000000000e+02 4.406738658606860781e+01
4.860000000000000000e+02 4.957994360196045136e+01
4.870000000000000000e+02 8.643774133373253221e+01
4.880000000000000000e+02 3.403124720019974347e+01
4.890000000000000000e+02 1.566918044520551518e+02
4.900000000000000000e+02 5.165641510604623932e+01
4.910000000000000000e+02 1.936061156249091653e+02
4.920000000000000000e+02 1.849412020375135342e+02
4.930000000000000000e+02 7.652322038077957700e+01
4.940000000000000000e+02 1.976209390156911923e+02
4.950000000000000000e+02 1.771909127437913014e+02
4.960000000000000000e+02 1.512375656712422085e+02
4.970000000000000000e+02 1.741399688414806519e+02
4.980000000000000000e+02 1.528709239203245147e+02
4.990000000000000000e+02 1.475302458244508159e+02
5.000000000000000000e+02 1.787315865879258752e+02
5.010000000000000000e+02 1.805766188970838186e+02
5.020000000000000000e+02 9.288316783021060985e+01
5.030000000000000000e+02 2.220465582328695575e+01
5.040000000000000000e+02 1.914117910988095161e+02
5.050000000000000000e+02 1.902895727397056191e+02
5.060000000000000000e+02 1.828598890823137708e+02
5.070000000000000000e+02 1.626555546103364804e+02
5.080000000000000000e+02 1.493524385055075356e+02
5.090000000000000000e+02 1.338817681848700829e+02
5.100000000000000000e+02 1.856828050119661668e+02
5.110000000000000000e+02 1.833520601933037142e+02
5.120000000000000000e+02 1.871050111517033372e+02
5.130000000000000000e+02 1.750860317853548906e+02
5.140000000000000000e+02 1.943547232857604570e+02
5.150000000000000000e+02 1.880450298530079181e+02
5.160000000000000000e+02 1.781095250017839078e+02
5.170000000000000000e+02 1.407001552170981995e+02
5.180000000000000000e+02 1.737492601030635910e+02
5.190000000000000000e+02 1.664180416683323074e+02
5.200000000000000000e+02 1.635025031111170222e+02
5.210000000000000000e+02 1.524159114750457604e+02
5.220000000000000000e+02 1.117674428965184177e+02
5.230000000000000000e+02 1.157876976315985615e+02
5.240000000000000000e+02 1.861528082623580360e+02
5.250000000000000000e+02 1.680890467712779923e+02
5.260000000000000000e+02 1.646836774657958813e+02
5.270000000000000000e+02 1.576939863491605536e+02
5.280000000000000000e+02 1.699679160471865487e+02
5.290000000000000000e+02 1.889865760563251627e+02
5.300000000000000000e+02 6.673603786624457257e+01
5.310000000000000000e+02 1.407699796630454898e+02
5.320000000000000000e+02 1.880018897868134786e+02
5.330000000000000000e+02 2.106237568758068619e+02
5.340000000000000000e+02 1.559256125730180713e+02
5.350000000000000000e+02 1.845733357165449604e+02
5.360000000000000000e+02 1.393396191458343765e+02
5.370000000000000000e+02 1.569584929654266148e+02
5.380000000000000000e+02 1.325460141444449675e+02
5.390000000000000000e+02 1.862165574199532330e+02
5.400000000000000000e+02 1.734874991560977833e+02
5.410000000000000000e+02 1.386952099553057849e+02
5.420000000000000000e+02 1.679038465251393575e+02
5.430000000000000000e+02 1.899656675951163152e+02
5.440000000000000000e+02 1.632191897753615990e+02
5.450000000000000000e+02 1.310875196253340391e+02
5.460000000000000000e+02 1.844867770500352719e+02
5.470000000000000000e+02 1.715511932467845782e+02
5.480000000000000000e+02 1.677232181961830690e+02
5.490000000000000000e+02 1.736725860337902247e+02
5.500000000000000000e+02 2.113636996852214054e+02
5.510000000000000000e+02 1.288127652111667203e+02
5.520000000000000000e+02 1.736119866603140736e+02
5.530000000000000000e+02 1.818602845394021017e+02
5.540000000000000000e+02 1.675839786150490056e+02
5.550000000000000000e+02 1.986479846042018380e+02
5.560000000000000000e+02 1.648148909498083299e+02
5.570000000000000000e+02 1.423052550698408822e+02
5.580000000000000000e+02 1.529944711354240496e+02
5.590000000000000000e+02 1.780358927260414816e+02
5.600000000000000000e+02 1.786827708570602056e+02
5.610000000000000000e+02 1.647436022437109102e+02
5.620000000000000000e+02 1.448141942448392001e+02
5.630000000000000000e+02 1.578842720215577629e+02
5.640000000000000000e+02 1.336919888606024927e+02
5.650000000000000000e+02 1.648174288913557746e+02
5.660000000000000000e+02 1.825325076996470273e+02
5.670000000000000000e+02 1.916782706954391529e+02
5.680000000000000000e+02 1.543652403976908829e+02
5.690000000000000000e+02 1.518968384083082412e+02
5.700000000000000000e+02 1.571777524134739110e+02
5.710000000000000000e+02 1.862478394709430347e+02
5.720000000000000000e+02 1.447964147943054058e+02
5.730000000000000000e+02 1.323458553943537197e+02
5.740000000000000000e+02 1.740282393833488186e+02
5.750000000000000000e+02 1.596236896892630170e+02
5.760000000000000000e+02 1.741777962553064469e+02
5.770000000000000000e+02 1.756092115291791913e+02
5.780000000000000000e+02 1.404761985660022958e+02
5.790000000000000000e+02 1.381994389999429700e+02
5.800000000000000000e+02 1.364242481497331596e+02
5.810000000000000000e+02 1.479673742973985213e+02
5.820000000000000000e+02 1.582116468736787738e+02
5.830000000000000000e+02 1.790594317034811240e+02
5.840000000000000000e+02 1.703464289415465203e+02
5.850000000000000000e+02 1.662526398328116954e+02
5.860000000000000000e+02 1.907656524478227880e+02
5.870000000000000000e+02 1.889609620977104214e+02
5.880000000000000000e+02 2.002420789994216364e+02
5.890000000000000000e+02 1.624969748875671200e+02
5.900000000000000000e+02 1.272689140716274778e+02
5.910000000000000000e+02 1.690840234568775315e+02
5.920000000000000000e+02 1.954264479364233011e+02
5.930000000000000000e+02 1.872076071097346812e+02
5.940000000000000000e+02 1.663923944294621151e+02
5.950000000000000000e+02 1.580229482096243601e+02
5.960000000000000000e+02 1.832416344516730362e+02
5.970000000000000000e+02 1.882227688044240210e+02
5.980000000000000000e+02 1.711637960313319979e+02
5.990000000000000000e+02 1.777516990880419883e+02
6.000000000000000000e+02 2.986879131676108159e+02
6.010000000000000000e+02 1.353652592312049876e+02
6.020000000000000000e+02 1.712695839855679196e+02
6.030000000000000000e+02 1.662431247292636272e+02
6.040000000000000000e+02 2.101154304541918805e+02
6.050000000000000000e+02 1.955156258849513051e+02
6.060000000000000000e+02 1.894640955432522560e+02
6.070000000000000000e+02 1.529576933521021260e+02
6.080000000000000000e+02 1.871670567460697896e+02
6.090000000000000000e+02 1.848165838251594550e+02
6.100000000000000000e+02 1.995924546171453358e+02
6.110000000000000000e+02 1.613781019510707324e+02
6.120000000000000000e+02 1.992280836604329579e+02
6.130000000000000000e+02 1.672821726802292233e+02
6.140000000000000000e+02 1.564023348977902401e+02
6.150000000000000000e+02 1.402802659729042318e+02
6.160000000000000000e+02 1.754172577718293269e+02
6.170000000000000000e+02 1.734850902146293947e+02
6.180000000000000000e+02 1.737048356666778091e+02
6.190000000000000000e+02 7.104002439163849658e+00
6.200000000000000000e+02 1.448471291718028624e+02
6.210000000000000000e+02 1.567930604932761582e+02
6.220000000000000000e+02 1.951031813920137665e+02
6.230000000000000000e+02 1.797426787192672748e+02
6.240000000000000000e+02 1.813926185932391490e+02
6.250000000000000000e+02 1.881680080815916938e+02
6.260000000000000000e+02 2.024595176319872394e+02
6.270000000000000000e+02 1.850862616452115219e+02
6.280000000000000000e+02 1.403442093157508737e+02
6.290000000000000000e+02 1.799555113618529845e+02
6.300000000000000000e+02 1.756954649719271515e+02
6.310000000000000000e+02 1.758124152510275167e+02
6.320000000000000000e+02 1.650151931348759149e+02
6.330000000000000000e+02 1.439183634079827812e+02
6.340000000000000000e+02 1.493221000845972242e+02
6.350000000000000000e+02 1.915030004270160759e+02
6.360000000000000000e+02 1.941490492982996159e+02
6.370000000000000000e+02 1.472536467627077172e+02
6.380000000000000000e+02 1.553540865452797561e+02
6.390000000000000000e+02 1.483534127289437663e+02
6.400000000000000000e+02 1.749214981931547470e+02
6.410000000000000000e+02 1.715056454137816786e+02
6.420000000000000000e+02 1.319148610374066948e+02
6.430000000000000000e+02 1.776702902103980080e+02
6.440000000000000000e+02 1.545588181267641232e+02
6.450000000000000000e+02 1.610723575579871465e+02
6.460000000000000000e+02 1.541263216645143643e+02
6.470000000000000000e+02 1.906738092705768111e+02
6.480000000000000000e+02 1.920570504980578050e+02
6.490000000000000000e+02 1.948807671480226418e+02
6.500000000000000000e+02 2.676357580400923553e+01
6.510000000000000000e+02 -2.323678984778933625e+02
6.520000000000000000e+02 1.776899884077074603e+02
6.530000000000000000e+02 1.708002682927873082e+02
6.540000000000000000e+02 1.908491790130369168e+02
6.550000000000000000e+02 1.337540079897426040e+02
6.560000000000000000e+02 1.871447793059234641e+02
6.570000000000000000e+02 1.644874012956158822e+02
6.580000000000000000e+02 1.462489435920839185e+02
6.590000000000000000e+02 1.980569455124185083e+02
6.600000000000000000e+02 1.570400106374006555e+02
6.610000000000000000e+02 1.672102484239079843e+02
6.620000000000000000e+02 1.944211195042524878e+02
6.630000000000000000e+02 2.089641053418408490e+02
6.640000000000000000e+02 1.821786863818839493e+02
6.650000000000000000e+02 1.692240791700500040e+02
6.660000000000000000e+02 2.052564068958862435e+02
6.670000000000000000e+02 1.715037882852699909e+02
6.680000000000000000e+02 1.795226073057051224e+02
6.690000000000000000e+02 1.608401873930466763e+02
6.700000000000000000e+02 1.560245458928701225e+02
6.710000000000000000e+02 1.562753117494190462e+02
6.720000000000000000e+02 1.740398557494165743e+02
6.730000000000000000e+02 1.526694869472604239e+02
6.740000000000000000e+02 1.515675174411430532e+02
6.750000000000000000e+02 1.399543616629680969e+02
6.760000000000000000e+02 1.474504900181469225e+02
6.770000000000000000e+02 1.418119034667810183e+02
6.780000000000000000e+02 1.330143842120916418e+02
6.790000000000000000e+02 1.889754047088593438e+02
6.800000000000000000e+02 1.477884036154718785e+02
6.810000000000000000e+02 1.875477741651073984e+02
6.820000000000000000e+02 1.817666851698537585e+02
6.830000000000000000e+02 1.877354630340201425e+02
6.840000000000000000e+02 1.640976544261470167e+02
6.850000000000000000e+02 1.411395237980873958e+02
6.860000000000000000e+02 1.794412819039594353e+02
6.870000000000000000e+02 1.271336254741033684e+02
6.880000000000000000e+02 2.075463242290719563e+02
6.890000000000000000e+02 7.288680777333161132e+01
6.900000000000000000e+02 2.701619622802223262e+02
6.910000000000000000e+02 1.805355538948371361e+02
6.920000000000000000e+02 1.630919494278602997e+02
6.930000000000000000e+02 1.554735837329191099e+02
6.940000000000000000e+02 2.008147435021082572e+02
6.950000000000000000e+02 2.026732428735282951e+02
6.960000000000000000e+02 1.853988971638512169e+02
6.970000000000000000e+02 1.189751935424684888e+02
6.980000000000000000e+02 1.582072270798733200e+02
6.990000000000000000e+02 1.639591263263750989e+02
7.000000000000000000e+02 1.512056707199101027e+02
7.010000000000000000e+02 1.693264238880955190e+02
7.020000000000000000e+02 1.746651824182064274e+02
7.030000000000000000e+02 1.578392716629126369e+02
7.040000000000000000e+02 1.607336207592519486e+02
7.050000000000000000e+02 1.777249965141851931e+02
7.060000000000000000e+02 1.701839769137055214e+02
7.070000000000000000e+02 1.588468715873609938e+02
7.080000000000000000e+02 1.517962711944764465e+02
7.090000000000000000e+02 2.911547293946984496e+02
7.100000000000000000e+02 2.011866322637544044e+02
7.110000000000000000e+02 1.822849489821587952e+02
7.120000000000000000e+02 2.410070173081409450e+01
7.130000000000000000e+02 1.778759388663605137e+02
7.140000000000000000e+02 6.516295312931498529e+01
7.150000000000000000e+02 4.649623665859019184e+01
7.160000000000000000e+02 1.731887505197018697e+02
7.170000000000000000e+02 1.816259930365949344e+02
7.180000000000000000e+02 1.752698741311735375e+02
7.190000000000000000e+02 1.849014916219376232e+02
7.200000000000000000e+02 1.908740307468612514e+02
7.210000000000000000e+02 1.556872651551425122e+02
7.220000000000000000e+02 3.143033501239708585e+02
7.230000000000000000e+02 1.934393633861344313e+02
7.240000000000000000e+02 1.968191112687140389e+02
7.250000000000000000e+02 1.734010442784266672e+02
7.260000000000000000e+02 1.376298825591732964e+02
7.270000000000000000e+02 1.718593786269547081e+02
7.280000000000000000e+02 1.971491723790154253e+02
7.290000000000000000e+02 1.632962377074140932e+02
7.300000000000000000e+02 1.294698413642385049e+01
7.310000000000000000e+02 1.522027045189624914e+02
7.320000000000000000e+02 1.853850235269867426e+02
7.330000000000000000e+02 1.762620074195079951e+02
7.340000000000000000e+02 4.971115483933814971e+00
7.350000000000000000e+02 -1.189795569484519433e+01
7.360000000000000000e+02 1.644460527937262668e+02
7.370000000000000000e+02 1.752085316708635787e+02
7.380000000000000000e+02 1.405080793728894832e+02
7.390000000000000000e+02 1.636286383456707938e+02
7.400000000000000000e+02 3.355666219454946031e+01
7.410000000000000000e+02 1.901926314915222918e+02
7.420000000000000000e+02 1.743718369197715106e+02
7.430000000000000000e+02 1.550877630345945875e+02
7.440000000000000000e+02 1.996638594957673263e+02
7.450000000000000000e+02 1.820191767584834963e+02
7.460000000000000000e+02 -4.207110452695374647e+00
7.470000000000000000e+02 6.571630092383955457e+01
7.480000000000000000e+02 1.494691889903390063e+02
7.490000000000000000e+02 1.484665695174406324e+02
7.500000000000000000e+02 1.739318166121619527e+02
7.510000000000000000e+02 1.719600869404302728e+02
7.520000000000000000e+02 2.045079476287831426e+02
7.530000000000000000e+02 1.364778306379857895e+02
7.540000000000000000e+02 1.359173532422347250e+02
7.550000000000000000e+02 1.451454932594719480e+02
7.560000000000000000e+02 1.851196594981084331e+02
7.570000000000000000e+02 2.760736611728939351e+02
7.580000000000000000e+02 -2.799912711496347129e+00
7.590000000000000000e+02 1.780267640282682748e+02
7.600000000000000000e+02 2.488238570696185263e+02
7.610000000000000000e+02 2.065130450090004501e+02
7.620000000000000000e+02 1.967604408054017711e+02
7.630000000000000000e+02 1.916112371820816804e+02
7.640000000000000000e+02 2.995036510563755883e+02
7.650000000000000000e+02 1.431302843301943994e+02
7.660000000000000000e+02 1.886286707014696162e+02
7.670000000000000000e+02 1.675122354938856688e+02
7.680000000000000000e+02 1.709168448395676876e+02
7.690000000000000000e+02 2.008891644366064213e+02
7.700000000000000000e+02 1.586519916396365488e+02
7.710000000000000000e+02 1.596694878355074536e+02
7.720000000000000000e+02 2.988098159884698362e+02
7.730000000000000000e+02 1.810171028421219148e+02
7.740000000000000000e+02 1.563081635688247104e+02
7.750000000000000000e+02 1.939127255173658000e+02
7.760000000000000000e+02 2.849072231642553561e+02
7.770000000000000000e+02 1.802747741295484332e+02
7.780000000000000000e+02 1.458457640401491631e+02
7.790000000000000000e+02 1.671397493941021537e+02
7.800000000000000000e+02 1.825482646561970341e+02
7.810000000000000000e+02 1.464722948908113835e+02
7.820000000000000000e+02 2.624496525357233168e+02
7.830000000000000000e+02 1.909009335672165264e+02
7.840000000000000000e+02 2.056766617627899905e+02
7.850000000000000000e+02 1.695078417440740566e+02
7.860000000000000000e+02 1.587533285538289363e+02
7.870000000000000000e+02 1.780468549651572232e+02
7.880000000000000000e+02 1.406779425037694295e+02
7.890000000000000000e+02 5.427172590319648293e+01
7.900000000000000000e+02 2.493190360526852487e+02
7.910000000000000000e+02 3.912591775843560526e+01
7.920000000000000000e+02 1.510670555045144283e+02
7.930000000000000000e+02 2.890589017443980993e+02
7.940000000000000000e+02 6.528740858022293025e+01
7.950000000000000000e+02 1.936723867883957837e+02
7.960000000000000000e+02 2.693611119102846487e+02
7.970000000000000000e+02 1.897406780967127418e+02
7.980000000000000000e+02 6.039052193707050264e+01
7.990000000000000000e+02 1.598033435675169756e+02
8.000000000000000000e+02 3.072188264708151451e+02
8.010000000000000000e+02 3.016729582523212230e+02
8.020000000000000000e+02 1.623722140354830117e+02
8.030000000000000000e+02 1.704370476437772481e+02
8.040000000000000000e+02 1.873004367807553194e+02
8.050000000000000000e+02 2.633453885085565389e+02
8.060000000000000000e+02 1.656606249430244588e+02
8.070000000000000000e+02 2.019892241396931922e+02
8.080000000000000000e+02 1.984526626105453602e+02
8.090000000000000000e+02 1.936446628813019402e+02
8.100000000000000000e+02 2.908436015100185159e+02
8.110000000000000000e+02 2.903043327680666152e+01
8.120000000000000000e+02 1.709649185024926510e+02
8.130000000000000000e+02 2.949563744977418196e+02
8.140000000000000000e+02 1.659510749852249205e+02
8.150000000000000000e+02 1.748287076425414739e+02
8.160000000000000000e+02 2.860837098436905990e+02
8.170000000000000000e+02 1.772561125857050968e+02
8.180000000000000000e+02 1.538422588955035337e+02
8.190000000000000000e+02 1.615483441430227174e+02
8.200000000000000000e+02 3.079755561358439309e+02
8.210000000000000000e+02 1.930891552270017542e+02
8.220000000000000000e+02 1.432022501806794139e+02
8.230000000000000000e+02 2.809253886926771884e+02
8.240000000000000000e+02 2.382214852983867672e+02
8.250000000000000000e+02 1.309260493033631860e+02
8.260000000000000000e+02 2.662513149691391732e+02
8.270000000000000000e+02 1.880807017836983732e+02
8.280000000000000000e+02 3.001522863412066044e+02
8.290000000000000000e+02 2.676279832266161520e+02
8.300000000000000000e+02 2.912811190265629762e+02
8.310000000000000000e+02 2.856172588411170636e+02
8.320000000000000000e+02 2.561797127952269761e+02
8.330000000000000000e+02 2.794089559625554102e+02
8.340000000000000000e+02 2.354313469884019980e+02
8.350000000000000000e+02 2.887118494960569706e+02
8.360000000000000000e+02 1.696095363343809765e+02
8.370000000000000000e+02 3.056895514371582863e+02
8.380000000000000000e+02 1.677487102998427417e+02
8.390000000000000000e+02 2.812451001262170394e+02
8.400000000000000000e+02 1.879326884322833848e+02
8.410000000000000000e+02 1.686746202733574194e+02
8.420000000000000000e+02 2.975487730157072406e+02
8.430000000000000000e+02 1.665965191970068418e+02
8.440000000000000000e+02 2.795019663869374540e+02
8.450000000000000000e+02 2.639599796100513345e+02
8.460000000000000000e+02 2.970817421674700540e+02
8.470000000000000000e+02 1.696249257961663943e+02
8.480000000000000000e+02 3.015585514885102612e+02
8.490000000000000000e+02 2.792531885477987998e+02
8.500000000000000000e+02 1.803988799318957774e+02
8.510000000000000000e+02 2.869502867525655461e+02
8.520000000000000000e+02 2.483668480206554250e+02
8.530000000000000000e+02 2.867960828548418704e+02
8.540000000000000000e+02 3.027968623872286003e+02
8.550000000000000000e+02 2.718914101000046912e+02
8.560000000000000000e+02 2.901052946556799270e+02
8.570000000000000000e+02 1.717430476207479728e+02
8.580000000000000000e+02 2.707525532243840303e+02
8.590000000000000000e+02 2.823519369552467992e+02
8.600000000000000000e+02 1.621008456713077805e+02
8.610000000000000000e+02 2.487567299516710193e+02
8.620000000000000000e+02 2.991712114155571953e+02
8.630000000000000000e+02 2.819711919479526046e+02
8.640000000000000000e+02 1.915120150688499621e+02
8.650000000000000000e+02 1.832483861600136095e+02
8.660000000000000000e+02 1.565502751493184803e+02
8.670000000000000000e+02 2.823673546704685577e+02
8.680000000000000000e+02 2.775873188783358501e+02
8.690000000000000000e+02 2.989206681401755645e+02
8.700000000000000000e+02 2.777882612983273702e+02
8.710000000000000000e+02 2.655727892626741777e+02
8.720000000000000000e+02 1.733551693589668616e+02
8.730000000000000000e+02 2.830998819846428205e+02
8.740000000000000000e+02 1.650932729657929485e+02
8.750000000000000000e+02 2.640456593381795756e+02
8.760000000000000000e+02 1.910205166338353422e+02
8.770000000000000000e+02 2.982587350949091842e+02
8.780000000000000000e+02 2.602004391725980668e+02
8.790000000000000000e+02 1.248612309480303963e+02
8.800000000000000000e+02 3.094318687756350528e+02
8.810000000000000000e+02 1.800248024416649457e+02
8.820000000000000000e+02 1.364877997065006809e+02
8.830000000000000000e+02 3.019532432571110689e+02
8.840000000000000000e+02 3.000333380384209931e+02
8.850000000000000000e+02 2.831006584944261704e+02
8.860000000000000000e+02 1.576266091084597747e+02
8.870000000000000000e+02 1.570422183425988578e+02
8.880000000000000000e+02 2.580346553391803468e+02
8.890000000000000000e+02 3.136520152684479399e+02
8.900000000000000000e+02 2.999471341686003143e+02
8.910000000000000000e+02 3.067266394065137547e+02
8.920000000000000000e+02 2.591021504867699718e+02
8.930000000000000000e+02 2.857846982995577605e+02
8.940000000000000000e+02 2.952291552770478802e+02
8.950000000000000000e+02 3.005160557638142791e+02
8.960000000000000000e+02 2.857168142514535703e+02
8.970000000000000000e+02 1.727605654430757909e+02
8.980000000000000000e+02 1.646302743872770691e+02
8.990000000000000000e+02 2.906586157313045078e+02
9.000000000000000000e+02 2.645016804717243986e+02
9.010000000000000000e+02 2.744336301470927424e+02
9.020000000000000000e+02 2.849390626850666308e+02
9.030000000000000000e+02 2.546434241469108315e+02
9.040000000000000000e+02 2.485264340933069889e+02
9.050000000000000000e+02 2.856518099517579117e+02
9.060000000000000000e+02 2.818933641566855499e+02
9.070000000000000000e+02 3.025851890230812842e+02
9.080000000000000000e+02 2.776649348300153406e+02
9.090000000000000000e+02 2.552439706211499413e+02
9.100000000000000000e+02 2.845897865050178552e+02
9.110000000000000000e+02 2.527977544210176859e+02
9.120000000000000000e+02 2.857066929537504620e+02
9.130000000000000000e+02 2.745991580104572449e+02
9.140000000000000000e+02 1.466725385397782020e+02
9.150000000000000000e+02 1.581187497824125217e+02
9.160000000000000000e+02 2.680383901436636052e+02
9.170000000000000000e+02 2.758024624670860021e+02
9.180000000000000000e+02 1.941965394972261265e+02
9.190000000000000000e+02 2.761615053282208123e+02
9.200000000000000000e+02 2.401081102567381151e+02
9.210000000000000000e+02 2.538865213803102279e+02
9.220000000000000000e+02 2.651574234718823391e+02
9.230000000000000000e+02 3.075424976467786564e+02
9.240000000000000000e+02 2.882891321713099160e+02
9.250000000000000000e+02 2.808427311350935724e+02
9.260000000000000000e+02 4.720479558971810974e+01
9.270000000000000000e+02 2.764206377419284308e+02
9.280000000000000000e+02 2.603959871160952844e+02
9.290000000000000000e+02 2.705332630997767183e+02
9.300000000000000000e+02 2.597685560749184788e+02
9.310000000000000000e+02 3.037673992294618301e+02
9.320000000000000000e+02 2.908351958433324853e+02
9.330000000000000000e+02 3.136116495061592104e+02
9.340000000000000000e+02 2.623062365569717258e+02
9.350000000000000000e+02 2.641370911992826791e+02
9.360000000000000000e+02 2.926576989795873374e+02
9.370000000000000000e+02 2.536570652075039618e+02
9.380000000000000000e+02 2.926059604704738604e+02
9.390000000000000000e+02 2.867621236164599736e+02
9.400000000000000000e+02 2.808987013543426770e+02
9.410000000000000000e+02 2.867136544758379841e+02
9.420000000000000000e+02 2.817903005639458343e+02
9.430000000000000000e+02 1.732665434801640174e+02
9.440000000000000000e+02 2.927706601427760233e+02
9.450000000000000000e+02 1.910998029903426243e+02
9.460000000000000000e+02 1.578762370252009930e+02
9.470000000000000000e+02 2.812247071246213181e+02
9.480000000000000000e+02 2.483498964289062201e+02
9.490000000000000000e+02 2.842794454929234007e+02
9.500000000000000000e+02 2.978500207568325777e+02
9.510000000000000000e+02 2.646909464673713046e+02
9.520000000000000000e+02 2.655761831173628025e+02
9.530000000000000000e+02 1.710535217554808298e+02
9.540000000000000000e+02 2.818093162334085946e+02
9.550000000000000000e+02 3.183509810648941993e+02
9.560000000000000000e+02 2.765684652116813709e+02
9.570000000000000000e+02 1.798835094691763459e+02
9.580000000000000000e+02 2.776090945064041762e+02
9.590000000000000000e+02 2.787911690318555316e+02
9.600000000000000000e+02 1.858560492103508182e+02
9.610000000000000000e+02 1.811591687786072669e+02
9.620000000000000000e+02 2.505282292917306393e+02
9.630000000000000000e+02 2.661573931388331857e+02
9.640000000000000000e+02 2.976753616966891514e+02
9.650000000000000000e+02 3.012721715097146671e+02
9.660000000000000000e+02 2.683765028543053859e+02
9.670000000000000000e+02 2.579988347192818878e+02
9.680000000000000000e+02 2.680071498903448060e+02
9.690000000000000000e+02 2.997195433702987657e+02
9.700000000000000000e+02 2.930118109251731653e+02
9.710000000000000000e+02 1.530080988146946765e+02
9.720000000000000000e+02 2.723501278553768543e+02
9.730000000000000000e+02 2.590188688238654322e+02
9.740000000000000000e+02 2.976514509686056726e+02
9.750000000000000000e+02 2.604393853231618436e+02
9.760000000000000000e+02 3.093319417322598497e+02
9.770000000000000000e+02 2.900119455103560426e+02
9.780000000000000000e+02 1.575827613604969883e+02
9.790000000000000000e+02 1.467004726428131960e+02
9.800000000000000000e+02 2.726437207402213971e+02
9.810000000000000000e+02 2.664883409036061721e+02
9.820000000000000000e+02 2.600240086816917255e+02
9.830000000000000000e+02 3.041154047773086972e+02
9.840000000000000000e+02 2.785729336405641448e+02
9.850000000000000000e+02 2.680229685081870343e+02
9.860000000000000000e+02 2.640617022311672599e+02
9.870000000000000000e+02 2.886251707986109523e+02
9.880000000000000000e+02 1.794196060391209357e+02
9.890000000000000000e+02 2.763622196306985188e+02
9.900000000000000000e+02 2.576878483597138256e+02
9.910000000000000000e+02 1.746346240570725570e+02
9.920000000000000000e+02 1.243797248002638725e+02
9.930000000000000000e+02 2.857373871926795914e+02
9.940000000000000000e+02 -3.422066419875014844e+02
9.950000000000000000e+02 3.018379485221421419e+02
9.960000000000000000e+02 1.869477172663385716e+02
9.970000000000000000e+02 3.118951820936639479e+02
9.980000000000000000e+02 2.674280947596539590e+02
9.990000000000000000e+02 3.024901225983891777e+02
