0.000000000000000000e+00 -7.878817289786907452e+01
1.000000000000000000e+00 -2.119927808164316616e+02
2.000000000000000000e+00 -1.462809013529735580e+02
3.000000000000000000e+00 -4.279707324790398957e+02
4.000000000000000000e+00 -8.640400833934323543e+01
5.000000000000000000e+00 -4.417063398254494473e+02
6.000000000000000000e+00 -3.282639383395937784e+02
7.000000000000000000e+00 -1.237477376707060728e+02
8.000000000000000000e+00 -7.665111200770490996e+01
9.000000000000000000e+00 -3.512047549062306189e+02
1.000000000000000000e+01 -3.364699866783361131e+02
1.100000000000000000e+01 -1.539695889576641719e+02
1.200000000000000000e+01 -7.533793425290556911e+01
1.300000000000000000e+01 -2.647690002568544401e+02
1.400000000000000000e+01 -1.196526884947263341e+02
1.500000000000000000e+01 -3.597506186019622874e+02
1.600000000000000000e+01 -2.627724780735229615e+01
1.700000000000000000e+01 -3.322330222613760498e+01
1.800000000000000000e+01 -5.008772429602735201e+02
1.900000000000000000e+01 -4.031848366178385845e+02
2.000000000000000000e+01 -9.213821526932940742e+01
2.100000000000000000e+01 -2.216990985827634404e+02
2.200000000000000000e+01 -1.129521341119178857e+02
2.300000000000000000e+01 -2.955910378949731694e+02
2.400000000000000000e+01 -5.030598740844224608e+02
2.500000000000000000e+01 -3.723970513016489008e+02
2.600000000000000000e+01 -1.775536928961311105e+02
2.700000000000000000e+01 -3.393530948975303545e+02
2.800000000000000000e+01 -3.426457682376199045e+02
2.900000000000000000e+01 -8.243777666862985143e+01
3.000000000000000000e+01 -1.487783197402283974e+01
3.100000000000000000e+01 -3.235140288998188680e+02
3.200000000000000000e+01 -3.696865880415979291e+02
3.300000000000000000e+01 -3.984365876375916855e+02
3.400000000000000000e+01 -2.634478668547275220e+02
3.500000000000000000e+01 -3.188748674469923117e+02
3.600000000000000000e+01 -3.187080214548989261e+02
3.700000000000000000e+01 -6.897245284233891027e+01
3.800000000000000000e+01 -2.128496087052261601e+02
3.900000000000000000e+01 -1.278945815960648247e+02
4.000000000000000000e+01 -2.275463769329581964e+02
4.100000000000000000e+01 -1.567973621941825968e+02
4.200000000000000000e+01 -3.164599330850238630e+02
4.300000000000000000e+01 -4.929571795076431329e+01
4.400000000000000000e+01 -2.286683173493600520e+02
4.500000000000000000e+01 -2.729625905313283738e+02
4.600000000000000000e+01 -2.538062378734833544e+02
4.700000000000000000e+01 -1.507050809812337775e+02
4.800000000000000000e+01 -3.736287344585398955e+02
4.900000000000000000e+01 -3.214874824441502028e+02
5.000000000000000000e+01 -1.606567983654209115e+02
5.100000000000000000e+01 -4.365234437030471213e+02
5.200000000000000000e+01 -2.236069344121558800e+02
5.300000000000000000e+01 -1.729559549337653266e+02
5.400000000000000000e+01 -2.064239334354919038e+02
5.500000000000000000e+01 -3.690647434754114897e+02
5.600000000000000000e+01 -3.726786764706935173e+02
5.700000000000000000e+01 -9.699187690865468880e+01
5.800000000000000000e+01 -1.957447287172394113e+01
5.900000000000000000e+01 -1.876683393879061157e+01
6.000000000000000000e+01 -6.128567488336028646e+01
6.100000000000000000e+01 -4.212271565777995193e+02
6.200000000000000000e+01 -6.218183986941540553e+01
6.300000000000000000e+01 -8.944839382587879584e+01
6.400000000000000000e+01 -1.058438111420153689e+02
6.500000000000000000e+01 -4.788760362043919372e+01
6.600000000000000000e+01 -1.037839649311347614e+02
6.700000000000000000e+01 -8.346454603491264379e+01
6.800000000000000000e+01 -1.010651951438887863e+01
6.900000000000000000e+01 -3.951740176568218743e+01
7.000000000000000000e+01 -1.863024172160405101e+02
7.100000000000000000e+01 -6.224997457777924126e+01
7.200000000000000000e+01 -3.514880479825826853e+01
7.300000000000000000e+01 -2.613916034733572360e+02
7.400000000000000000e+01 -5.994961604921766707e+01
7.500000000000000000e+01 -3.120152451342351014e+02
7.600000000000000000e+01 -5.891775159315752575e+01
7.700000000000000000e+01 -6.111112808350276993e+01
7.800000000000000000e+01 -1.036835556761105153e+02
7.900000000000000000e+01 -3.100431659462168454e+02
8.000000000000000000e+01 -9.086145909960974620e+01
8.100000000000000000e+01 -4.420227778832452259e+01
8.200000000000000000e+01 -9.056870523227321712e+01
8.300000000000000000e+01 -5.705006043957313722e+01
8.400000000000000000e+01 -1.070613807178105219e+02
8.500000000000000000e+01 -6.684403869240908591e+01
8.600000000000000000e+01 -9.751060976018209203e+00
8.700000000000000000e+01 -1.495808419486571097e+02
8.800000000000000000e+01 -3.950326114354290041e+01
8.900000000000000000e+01 -1.163520865820397887e+02
9.000000000000000000e+01 -8.801595266338163981e+01
9.100000000000000000e+01 -7.692761967066529394e+01
9.200000000000000000e+01 -7.639100717777130001e+01
9.300000000000000000e+01 -5.920015812784932052e+01
9.400000000000000000e+01 -1.355961947719519003e+02
9.500000000000000000e+01 -9.990467140221070963e+01
9.600000000000000000e+01 -2.556751311640054780e+01
9.700000000000000000e+01 -4.345944640454442265e+01
9.800000000000000000e+01 -8.752537419445877731e+01
9.900000000000000000e+01 -3.489338924728652103e+01
1.000000000000000000e+02 -8.055119687295081121e+01
1.010000000000000000e+02 -2.198312012715761909e+01
1.020000000000000000e+02 -4.483210341898257667e+01
1.030000000000000000e+02 -7.112073590586480520e+01
1.040000000000000000e+02 -2.201385030447528379e+01
1.050000000000000000e+02 -3.611385461041061262e+01
1.060000000000000000e+02 -1.799974908512184584e+02
1.070000000000000000e+02 -2.180615805267012774e+02
1.080000000000000000e+02 -6.327120191365258961e+01
1.090000000000000000e+02 -6.347733651791261877e+01
1.100000000000000000e+02 -5.769852847744529356e+01
1.110000000000000000e+02 -2.163551240801091922e+02
1.120000000000000000e+02 -6.548261011273979193e+01
1.130000000000000000e+02 -2.186718565303957007e+01
1.140000000000000000e+02 -2.275509296948899873e+01
1.150000000000000000e+02 -9.075667368667734536e+01
1.160000000000000000e+02 -2.972880143760150986e+02
1.170000000000000000e+02 -3.233442192788328384e+01
1.180000000000000000e+02 -4.648098043100748811e+01
1.190000000000000000e+02 -3.480567721258994425e+02
1.200000000000000000e+02 -6.950729418206142896e+01
1.210000000000000000e+02 -4.341164054075209577e+01
1.220000000000000000e+02 -6.580582395308482546e+01
1.230000000000000000e+02 4.405545446029776713e+00
1.240000000000000000e+02 -3.492308536215078618e+01
1.250000000000000000e+02 -3.684504892476490312e+01
1.260000000000000000e+02 -2.595542283364858349e+01
1.270000000000000000e+02 -4.072754856533657630e+01
1.280000000000000000e+02 -1.706209548658813446e+01
1.290000000000000000e+02 -3.977698534853399792e+01
1.300000000000000000e+02 -8.884430091909328553e+01
1.310000000000000000e+02 -4.797610991775954403e+01
1.320000000000000000e+02 -5.384497828829177024e+01
1.330000000000000000e+02 -6.405467640660731377e+00
1.340000000000000000e+02 -7.201730001124617786e+01
1.350000000000000000e+02 -2.355648899221506554e+01
1.360000000000000000e+02 -6.186610034561463323e+01
1.370000000000000000e+02 -4.252618623202677384e+01
1.380000000000000000e+02 -2.909596870285905368e+01
1.390000000000000000e+02 -2.019584426889084057e+02
1.400000000000000000e+02 -1.099979056204469430e+01
1.410000000000000000e+02 -3.624747214957876196e+01
1.420000000000000000e+02 1.494607451035165013e+01
1.430000000000000000e+02 -1.043576497817562938e+02
1.440000000000000000e+02 1.541532625625464448e+00
1.450000000000000000e+02 -3.954813976134646225e+01
1.460000000000000000e+02 -1.411860308041849521e+01
1.470000000000000000e+02 -7.579437658279630341e+01
1.480000000000000000e+02 1.041784404349810700e+01
1.490000000000000000e+02 -5.094895716089540372e+01
1.500000000000000000e+02 -2.642151392727771508e+01
1.510000000000000000e+02 -4.558531076165476748e+01
1.520000000000000000e+02 -1.168643755853145763e+02
1.530000000000000000e+02 -1.288899740145760120e+01
1.540000000000000000e+02 1.932770691789031048e+00
1.550000000000000000e+02 8.371614298629026507e-01
1.560000000000000000e+02 -4.094591417410912015e+01
1.570000000000000000e+02 -3.603858376132541252e+01
1.580000000000000000e+02 -1.007822475721887940e+02
1.590000000000000000e+02 -1.769629307998030754e-01
1.600000000000000000e+02 -3.712301620476382880e+01
1.610000000000000000e+02 1.237108741807064405e+01
1.620000000000000000e+02 9.933889729943629732e+00
1.630000000000000000e+02 1.063031557840437813e+01
1.640000000000000000e+02 -9.717150406976742261e+00
1.650000000000000000e+02 -5.000847923364546688e+01
1.660000000000000000e+02 -1.019689154290749578e+01
1.670000000000000000e+02 -4.266548637064114047e+01
1.680000000000000000e+02 -4.143864930300859584e+01
1.690000000000000000e+02 1.136024329337887195e+01
1.700000000000000000e+02 -1.947592008047121226e+01
1.710000000000000000e+02 1.970985967854039700e+01
1.720000000000000000e+02 -2.333860895368178490e+01
1.730000000000000000e+02 -3.252946210038504660e+01
1.740000000000000000e+02 -4.985531296120816336e+01
1.750000000000000000e+02 -3.019196783640563808e+01
1.760000000000000000e+02 2.173057989575559645e+01
1.770000000000000000e+02 2.544530975444710919e+01
1.780000000000000000e+02 -1.371375365150255163e+02
1.790000000000000000e+02 -2.097443507942446672e+02
1.800000000000000000e+02 2.152301049772098906e+01
1.810000000000000000e+02 1.919695604767868247e+01
1.820000000000000000e+02 -1.754908000696374302e+02
1.830000000000000000e+02 -4.018949007353110403e+01
1.840000000000000000e+02 -8.825165489016725928e+00
1.850000000000000000e+02 3.342723641052907624e+01
1.860000000000000000e+02 -2.935913024717740427e+01
1.870000000000000000e+02 3.235353115032324922e+00
1.880000000000000000e+02 -6.131864945323421523e+01
1.890000000000000000e+02 -2.053834553733136659e+01
1.900000000000000000e+02 1.012575573684360108e+01
1.910000000000000000e+02 -1.171103697535089339e+01
1.920000000000000000e+02 7.117502257317667613e+00
1.930000000000000000e+02 -6.482083424165409724e+00
1.940000000000000000e+02 -4.384025071166452392e+01
1.950000000000000000e+02 1.043601756410424741e+01
1.960000000000000000e+02 3.936812819446267753e+01
1.970000000000000000e+02 -2.513485943766958286e+01
1.980000000000000000e+02 -1.174434394142461997e+02
1.990000000000000000e+02 5.506344944749849901e+01
2.000000000000000000e+02 2.979395225911446587e+01
2.010000000000000000e+02 2.422160377715047730e+01
2.020000000000000000e+02 -1.751714942037176570e+01
2.030000000000000000e+02 1.635330628448302548e+01
2.040000000000000000e+02 2.113596524112695363e+01
2.050000000000000000e+02 4.913218289006931627e+01
2.060000000000000000e+02 -3.596850710010935614e+01
2.070000000000000000e+02 1.529672840332355577e+01
2.080000000000000000e+02 1.391288553340683620e+01
2.090000000000000000e+02 4.896096876357550087e+01
2.100000000000000000e+02 -6.480035223192551541e+01
2.110000000000000000e+02 5.258488536077791764e+00
2.120000000000000000e+02 3.858239069508258012e+01
2.130000000000000000e+02 2.068359552298350934e+01
2.140000000000000000e+02 2.361888490100653470e+01
2.150000000000000000e+02 -4.882484823681721053e+01
2.160000000000000000e+02 8.925920784148999587e+00
2.170000000000000000e+02 -6.771246616230470750e+00
2.180000000000000000e+02 7.476051979832047323e+01
2.190000000000000000e+02 -2.759648599995272988e+01
2.200000000000000000e+02 4.832782933739123621e+01
2.210000000000000000e+02 3.170130343502167136e+01
2.220000000000000000e+02 4.949752524785876062e+01
2.230000000000000000e+02 7.090400597593443877e+01
2.240000000000000000e+02 5.137754916758490253e+01
2.250000000000000000e+02 5.400145719761786722e+01
2.260000000000000000e+02 2.738238765755107806e+01
2.270000000000000000e+02 -1.342178506848049437e+02
2.280000000000000000e+02 -1.844600006351901982e+02
2.290000000000000000e+02 1.912957693482972843e+01
2.300000000000000000e+02 -2.846533726591551385e+02
2.310000000000000000e+02 5.429048129878162143e+01
2.320000000000000000e+02 -2.245191382843056545e+02
2.330000000000000000e+02 1.057441385125088118e+01
2.340000000000000000e+02 -8.044813145015028866e+00
2.350000000000000000e+02 -3.482792342736940938e+00
2.360000000000000000e+02 -1.841744716486995799e+02
2.370000000000000000e+02 2.731380306775469435e+01
2.380000000000000000e+02 5.831630100327294741e+01
2.390000000000000000e+02 4.896917529041347450e+01
2.400000000000000000e+02 1.055381011748995590e+01
2.410000000000000000e+02 3.662107184427286199e+01
2.420000000000000000e+02 -1.600374556707455156e+02
2.430000000000000000e+02 -2.023521220667858529e+02
2.440000000000000000e+02 3.508263666368225131e+01
2.450000000000000000e+02 7.765157864427089862e+01
2.460000000000000000e+02 1.448721383617020919e+01
2.470000000000000000e+02 3.065308969965292363e+01
2.480000000000000000e+02 5.348372769746180921e+01
2.490000000000000000e+02 5.042170637852082393e+01
2.500000000000000000e+02 -1.284424749423374692e+02
2.510000000000000000e+02 4.456450845690294216e+01
2.520000000000000000e+02 9.017208409005320391e+01
2.530000000000000000e+02 2.546675504227401277e+01
2.540000000000000000e+02 2.374123575972503630e+01
2.550000000000000000e+02 7.424601270266776964e+01
2.560000000000000000e+02 6.064583059909879381e+01
2.570000000000000000e+02 7.261246590897034991e+01
2.580000000000000000e+02 4.958600531832259861e+01
2.590000000000000000e+02 1.398414909099947323e+01
2.600000000000000000e+02 3.043334417276400217e+01
2.610000000000000000e+02 7.719806690813038585e+01
2.620000000000000000e+02 9.565006634723995660e+01
2.630000000000000000e+02 8.813417456499134062e+01
2.640000000000000000e+02 7.113495468638515717e+01
2.650000000000000000e+02 4.705393531378353345e+01
2.660000000000000000e+02 -2.344979304319139430e+02
2.670000000000000000e+02 2.922620191742657525e+01
2.680000000000000000e+02 4.304679099393830199e+01
2.690000000000000000e+02 4.344417250253144402e+01
2.700000000000000000e+02 7.149877114555951607e+01
2.710000000000000000e+02 2.960922987606326728e+01
2.720000000000000000e+02 -2.095781012662311582e+02
2.730000000000000000e+02 3.247380943013607180e+01
2.740000000000000000e+02 7.907682235716207231e+01
2.750000000000000000e+02 7.600965134281879898e+01
2.760000000000000000e+02 8.379787129866855366e+01
2.770000000000000000e+02 -2.269669131183230775e+02
2.780000000000000000e+02 3.234057225230345978e+01
2.790000000000000000e+02 7.186734774188231256e+01
2.800000000000000000e+02 4.382096462588584984e+01
2.810000000000000000e+02 1.303064974198405537e+02
2.820000000000000000e+02 -1.785227325676089549e+00
2.830000000000000000e+02 9.706332100856650413e+01
2.840000000000000000e+02 5.818091938323179590e+01
2.850000000000000000e+02 7.240901616088433457e+01
2.860000000000000000e+02 7.794365640825456865e+01
2.870000000000000000e+02 5.656727320467629738e+01
2.880000000000000000e+02 -2.345933020095536676e+02
2.890000000000000000e+02 7.935665611326061253e+01
2.900000000000000000e+02 7.546921452859469071e+01
2.910000000000000000e+02 7.736026248358645319e+01
2.920000000000000000e+02 4.665922119001125168e+01
2.930000000000000000e+02 5.642729346920488354e+01
2.940000000000000000e+02 3.990297693437184989e+01
2.950000000000000000e+02 7.598727209464371413e+01
2.960000000000000000e+02 9.848914635815704344e+01
2.970000000000000000e+02 6.074131532884231177e+01
2.980000000000000000e+02 9.173392345650313473e+01
2.990000000000000000e+02 8.619346863394629565e+01
3.000000000000000000e+02 8.968560493694057811e+01
3.010000000000000000e+02 1.016419836556610932e+02
3.020000000000000000e+02 7.448113190637801040e+01
3.030000000000000000e+02 1.050098097247872175e+02
3.040000000000000000e+02 8.888684262204365893e+01
3.050000000000000000e+02 1.284650124886710216e+02
3.060000000000000000e+02 7.588960785319648039e+01
3.070000000000000000e+02 4.751691793621568394e+01
3.080000000000000000e+02 1.005072351856075414e+02
3.090000000000000000e+02 9.964524892020166646e+01
3.100000000000000000e+02 -7.761504294869430964e+01
3.110000000000000000e+02 8.946065560430763242e+01
3.120000000000000000e+02 7.818052764263242693e+01
3.130000000000000000e+02 1.110725751703912181e+02
3.140000000000000000e+02 5.769694394387584424e+01
3.150000000000000000e+02 7.666992806328244114e+01
3.160000000000000000e+02 6.875421029462060574e+01
3.170000000000000000e+02 2.556110649846795013e+01
3.180000000000000000e+02 9.475802784315108340e+01
3.190000000000000000e+02 6.788215163051734180e+01
3.200000000000000000e+02 6.769908717860180047e+01
3.210000000000000000e+02 1.157195599535819497e+02
3.220000000000000000e+02 1.053398603690062458e+02
3.230000000000000000e+02 8.699988618530821327e+01
3.240000000000000000e+02 1.290456343455744559e+02
3.250000000000000000e+02 1.002596502738682602e+02
3.260000000000000000e+02 9.377570983961018669e+01
3.270000000000000000e+02 9.951722491231680578e+01
3.280000000000000000e+02 5.956880856830431270e+01
3.290000000000000000e+02 4.589649674560595116e+01
3.300000000000000000e+02 1.422151006556817947e+02
3.310000000000000000e+02 1.202466487703863436e+02
3.320000000000000000e+02 1.176328510691176490e+02
3.330000000000000000e+02 9.521278823602783348e+01
3.340000000000000000e+02 1.245399742368569065e+02
3.350000000000000000e+02 6.852615070384472062e+01
3.360000000000000000e+02 1.226406671145704053e+02
3.370000000000000000e+02 4.783238244315309373e+01
3.380000000000000000e+02 8.744645333196983472e+01
3.390000000000000000e+02 1.038008645774077507e+02
3.400000000000000000e+02 1.267994550575358375e+02
3.410000000000000000e+02 1.457066584279857580e+02
3.420000000000000000e+02 1.326776827856272405e+02
3.430000000000000000e+02 1.290119480354697714e+02
3.440000000000000000e+02 1.209738293380340934e+02
3.450000000000000000e+02 -1.322430116978607373e+01
3.460000000000000000e+02 1.181376746683279180e+02
3.470000000000000000e+02 1.227469610784724097e+02
3.480000000000000000e+02 1.122667767794261948e+02
3.490000000000000000e+02 1.188932035039493798e+02
3.500000000000000000e+02 1.191340972614363523e+02
3.510000000000000000e+02 8.649207593880117884e+01
3.520000000000000000e+02 1.061098727638391210e+02
3.530000000000000000e+02 1.090077732852731458e+02
3.540000000000000000e+02 1.208736528222898414e+02
3.550000000000000000e+02 8.716619282563239324e+01
3.560000000000000000e+02 1.099557541844984598e+02
3.570000000000000000e+02 1.331169991608173291e+02
3.580000000000000000e+02 1.262512342715624101e+02
3.590000000000000000e+02 1.110084695938023742e+02
3.600000000000000000e+02 1.192001673928403989e+02
3.610000000000000000e+02 1.033190959134632294e+02
3.620000000000000000e+02 1.111742837651405438e+02
3.630000000000000000e+02 1.527927746702378329e+02
3.640000000000000000e+02 1.247805169371691818e+02
3.650000000000000000e+02 1.372409237674208100e+02
3.660000000000000000e+02 1.553034123986108170e+02
3.670000000000000000e+02 9.280899301908318932e+01
3.680000000000000000e+02 1.230475279117794969e+02
3.690000000000000000e+02 1.067458988543852030e+02
3.700000000000000000e+02 1.302984101353596600e+02
3.710000000000000000e+02 7.005687988842696257e+01
3.720000000000000000e+02 1.306351056220491387e+02
3.730000000000000000e+02 1.076736040670122208e+02
3.740000000000000000e+02 1.491490502334280848e+02
3.750000000000000000e+02 1.337879075151910229e+02
3.760000000000000000e+02 1.291097479926717710e+02
3.770000000000000000e+02 1.419633961424284223e+02
3.780000000000000000e+02 1.354016950520364446e+02
3.790000000000000000e+02 1.326660051171366490e+02
3.800000000000000000e+02 1.190332666662456091e+02
3.810000000000000000e+02 1.370194479369097849e+02
3.820000000000000000e+02 8.455900758423661046e+01
3.830000000000000000e+02 1.506140747169365568e+02
3.840000000000000000e+02 1.208497109207375928e+02
3.850000000000000000e+02 1.358171353616578756e+02
3.860000000000000000e+02 1.166933733162728402e+02
3.870000000000000000e+02 1.379279692774748298e+02
3.880000000000000000e+02 1.290866879582987394e+02
3.890000000000000000e+02 1.408970503877221461e+02
3.900000000000000000e+02 1.323761021476209123e+02
3.910000000000000000e+02 1.394361198402996251e+02
3.920000000000000000e+02 1.030978074448814255e+02
3.930000000000000000e+02 1.507475116347800679e+02
3.940000000000000000e+02 1.004550147189870870e+02
3.950000000000000000e+02 1.281839064331321936e+02
3.960000000000000000e+02 1.025982820021528426e+02
3.970000000000000000e+02 1.475567416925300108e+02
3.980000000000000000e+02 1.312182221161711198e+02
3.990000000000000000e+02 1.261834235984575230e+02
4.000000000000000000e+02 1.408072535077175473e+02
4.010000000000000000e+02 1.384298890955560353e+02
4.020000000000000000e+02 1.657315271344933478e+02
4.030000000000000000e+02 1.161438946594550146e+02
4.040000000000000000e+02 1.180274371114122403e+02
4.050000000000000000e+02 1.436079850406483160e+02
4.060000000000000000e+02 1.473560133691116221e+02
4.070000000000000000e+02 1.441939906500276436e+02
4.080000000000000000e+02 1.133421112242469917e+02
4.090000000000000000e+02 1.029624874404215404e+02
4.100000000000000000e+02 1.489980649359321774e+02
4.110000000000000000e+02 1.404374864439039357e+02
4.120000000000000000e+02 1.382965264406186918e+02
4.130000000000000000e+02 1.552566349238302053e+02
4.140000000000000000e+02 1.479508595558831701e+02
4.150000000000000000e+02 1.352770295055161398e+02
4.160000000000000000e+02 1.187466769837719482e+02
4.170000000000000000e+02 1.125863754094107207e+02
4.180000000000000000e+02 1.464944784795287944e+02
4.190000000000000000e+02 1.384205405663237798e+02
4.200000000000000000e+02 1.553085450685120179e+02
4.210000000000000000e+02 1.084322599920215282e+02
4.220000000000000000e+02 1.167311466886390150e+02
4.230000000000000000e+02 6.538993619265880852e+01
4.240000000000000000e+02 1.239980693108537366e+02
4.250000000000000000e+02 1.644520435675688077e+02
4.260000000000000000e+02 1.072075414455762967e+02
4.270000000000000000e+02 1.496797549149685551e+02
4.280000000000000000e+02 1.638929727594643566e+02
4.290000000000000000e+02 1.081882597901688285e+02
4.300000000000000000e+02 1.630924587631870395e+02
4.310000000000000000e+02 1.716969936754247215e+02
4.320000000000000000e+02 1.137271779528976197e+02
4.330000000000000000e+02 1.476669563884750005e+02
4.340000000000000000e+02 1.209968913576580718e+02
4.350000000000000000e+02 1.365388958765585414e+02
4.360000000000000000e+02 1.238439750244298665e+02
4.370000000000000000e+02 1.107759672071040029e+02
4.380000000000000000e+02 -1.784252973400165754e+00
4.390000000000000000e+02 1.452372216432019059e+02
4.400000000000000000e+02 1.401802235956167522e+02
4.410000000000000000e+02 1.546389936847816102e+02
4.420000000000000000e+02 1.247761189147842060e+02
4.430000000000000000e+02 1.541181836008739481e+02
4.440000000000000000e+02 1.324005195874640606e+02
4.450000000000000000e+02 1.292162538841143657e+02
4.460000000000000000e+02 2.067105087441669298e+01
4.470000000000000000e+02 1.491721134605801922e+02
4.480000000000000000e+02 4.645827303968570732e+01
4.490000000000000000e+02 1.237926033374017578e+02
4.500000000000000000e+02 1.568940003508994607e+02
4.510000000000000000e+02 1.608913184936614869e+02
4.520000000000000000e+02 1.292682690000881109e+02
4.530000000000000000e+02 1.677086878656272404e+02
4.540000000000000000e+02 3.073565832101903084e+01
4.550000000000000000e+02 1.606914451440192693e+02
4.560000000000000000e+02 1.576931698832423194e+02
4.570000000000000000e+02 5.225645713470589726e+01
4.580000000000000000e+02 1.651592060912614670e+02
4.590000000000000000e+02 1.344554011574863068e+02
4.600000000000000000e+02 1.457170279452492707e+02
4.610000000000000000e+02 1.714882098687876919e+02
4.620000000000000000e+02 1.575613083863774193e+02
4.630000000000000000e+02 6.408638109394692606e+01
4.640000000000000000e+02 1.303487869426585632e+02
4.650000000000000000e+02 1.354207009537462909e+02
4.660000000000000000e+02 1.119208982522886657e+02
4.670000000000000000e+02 1.282459152960873325e+02
4.680000000000000000e+02 1.419007095452819271e+02
4.690000000000000000e+02 1.871181083451993459e+02
4.700000000000000000e+02 2.402298114805736873e+01
4.710000000000000000e+02 1.093660308608069016e+02
4.720000000000000000e+02 1.528711053410573868e+02
4.730000000000000000e+02 1.581965378700460292e+02
4.740000000000000000e+02 1.358527317933098573e+02
4.750000000000000000e+02 1.485760895385168965e+02
4.760000000000000000e+02 1.481110030354893752e+02
4.770000000000000000e+02 1.623563277059946017e+02
4.780000000000000000e+02 1.514599419935056801e+02
4.790000000000000000e+02 1.126748878403502516e+02
4.800000000000000000e+02 1.393057261932127915e+02
4.810000000000000000e+02 1.394237497317560894e+02
4.820000000000000000e+02 1.206091329652120407e+02
4.830000000000000000e+02 1.292970364849892064e+02
4.840000000000000000e+02 1.673358130590054316e+02
4.850000000000000000e+02 1.479294340422726179e+02
4.860000000000000000e+02 1.357488296695289876e+02
4.870000000000000000e+02 1.423266418983982931e+02
4.880000000000000000e+02 1.565314711537745040e+02
4.890000000000000000e+02 1.672779886804093508e+02
4.900000000000000000e+02 1.419949725175189599e+02
4.910000000000000000e+02 1.662026407763200950e+02
4.920000000000000000e+02 1.624923274148962946e+02
4.930000000000000000e+02 1.547889487230468433e+02
4.940000000000000000e+02 1.607667462776185516e+02
4.950000000000000000e+02 1.911944952472300656e+02
4.960000000000000000e+02 1.686179258759200934e+02
4.970000000000000000e+02 2.371970427207862997e+01
4.980000000000000000e+02 1.274235735405403744e+02
4.990000000000000000e+02 1.621291117882829269e+02
5.000000000000000000e+02 1.291616059210888920e+02
5.010000000000000000e+02 1.092604679744775638e+02
5.020000000000000000e+02 1.906089957698344506e+02
5.030000000000000000e+02 1.376009459921465066e+02
5.040000000000000000e+02 1.823234857763027321e+02
5.050000000000000000e+02 1.428570500264933116e+02
5.060000000000000000e+02 1.391008998349504395e+02
5.070000000000000000e+02 1.637409313320439992e+02
5.080000000000000000e+02 1.507216826856692933e+02
5.090000000000000000e+02 1.437252662474308806e+02
5.100000000000000000e+02 1.545681207108780768e+02
5.110000000000000000e+02 1.495563004572495061e+02
5.120000000000000000e+02 1.663440484329239553e+02
5.130000000000000000e+02 1.331399686445551254e+02
5.140000000000000000e+02 1.482349969211447842e+02
5.150000000000000000e+02 2.567608279998299281e+01
5.160000000000000000e+02 1.261762619398635934e+02
5.170000000000000000e+02 3.469420356505960967e+01
5.180000000000000000e+02 1.340717870981022486e+02
5.190000000000000000e+02 1.496102033289043618e+02
5.200000000000000000e+02 1.559923412805346175e+02
5.210000000000000000e+02 1.477288556853191892e+02
5.220000000000000000e+02 1.530899253917663145e+02
5.230000000000000000e+02 1.484452439002511710e+02
5.240000000000000000e+02 1.645638218541010929e+02
5.250000000000000000e+02 1.013648270664027251e+02
5.260000000000000000e+02 4.826434829234517565e+01
5.270000000000000000e+02 1.566807941868237890e+02
5.280000000000000000e+02 1.518422299899707753e+02
5.290000000000000000e+02 1.824070725611093735e+02
5.300000000000000000e+02 1.466043828185581503e+02
5.310000000000000000e+02 1.465846241415947873e+02
5.320000000000000000e+02 1.393358941958471746e+02
5.330000000000000000e+02 2.854627510134946533e+01
5.340000000000000000e+02 8.177638826075620671e+01
5.350000000000000000e+02 1.557640254596401803e+02
5.360000000000000000e+02 1.962526156121083432e+01
5.370000000000000000e+02 1.564267460762764301e+02
5.380000000000000000e+02 1.618771861164818802e+02
5.390000000000000000e+02 1.534702258058710242e+02
5.400000000000000000e+02 1.610757221571886930e+02
5.410000000000000000e+02 1.679364928918353144e+02
5.420000000000000000e+02 1.731451465700576193e+02
5.430000000000000000e+02 1.698358145738866938e+02
5.440000000000000000e+02 3.816825579327689866e+01
5.450000000000000000e+02 1.382098598685313959e+02
5.460000000000000000e+02 1.330617863012450357e+02
5.470000000000000000e+02 1.209896289651966867e+02
5.480000000000000000e+02 1.616469549642405070e+02
5.490000000000000000e+02 1.583397495000893116e+02
5.500000000000000000e+02 1.630565919024380719e+02
5.510000000000000000e+02 1.570948301215584593e+02
5.520000000000000000e+02 1.577125325058838712e+02
5.530000000000000000e+02 1.293854097835215100e+02
5.540000000000000000e+02 1.446255215209071423e+02
5.550000000000000000e+02 1.797936605746939449e+02
5.560000000000000000e+02 1.268528160862056637e+02
5.570000000000000000e+02 1.569203325499512971e+02
5.580000000000000000e+02 1.647560785967617392e+02
5.590000000000000000e+02 1.504595349753606115e+02
5.600000000000000000e+02 1.448592274955670689e+02
5.610000000000000000e+02 1.786652165765272855e+02
5.620000000000000000e+02 4.313109245690117177e+01
5.630000000000000000e+02 1.316853375994980411e+02
5.640000000000000000e+02 1.335760784040739679e+02
5.650000000000000000e+02 1.902259970932397550e+02
5.660000000000000000e+02 1.908587131649646835e+02
5.670000000000000000e+02 1.692490669078649717e+02
5.680000000000000000e+02 1.667163653338337497e+02
5.690000000000000000e+02 1.646392505466019713e+02
5.700000000000000000e+02 1.456872047133343813e+02
5.710000000000000000e+02 1.531155144857044661e+02
5.720000000000000000e+02 1.538258144696986278e+02
5.730000000000000000e+02 1.633388884028872212e+02
5.740000000000000000e+02 1.524666279164888749e+02
5.750000000000000000e+02 1.518361613093799747e+02
5.760000000000000000e+02 1.431356827031262924e+02
5.770000000000000000e+02 1.217298244768708884e+02
5.780000000000000000e+02 1.487071227738197763e+02
5.790000000000000000e+02 1.594653853219731729e+02
5.800000000000000000e+02 1.562497878621423126e+02
5.810000000000000000e+02 1.867176567962008278e+02
5.820000000000000000e+02 1.475653306521325590e+02
5.830000000000000000e+02 3.958013835891014764e+01
5.840000000000000000e+02 1.686024480897889077e+02
5.850000000000000000e+02 1.716422089895269210e+02
5.860000000000000000e+02 1.661098313408652132e+02
5.870000000000000000e+02 1.309179506516378808e+02
5.880000000000000000e+02 1.360660185379916243e+02
5.890000000000000000e+02 1.699631535207440152e+02
5.900000000000000000e+02 1.626723359377415647e+02
5.910000000000000000e+02 1.635749013952993778e+02
5.920000000000000000e+02 1.894101672160403780e+02
5.930000000000000000e+02 1.775641181185077357e+02
5.940000000000000000e+02 1.589952948719649157e+02
5.950000000000000000e+02 1.591603138497945622e+02
5.960000000000000000e+02 1.807823149914228509e+02
5.970000000000000000e+02 1.498179353797314093e+02
5.980000000000000000e+02 1.421132639296717741e+02
5.990000000000000000e+02 1.641493785529672493e+02
6.000000000000000000e+02 1.457140773073402329e+02
6.010000000000000000e+02 1.300865611226566045e+02
6.020000000000000000e+02 1.566912358339887135e+02
6.030000000000000000e+02 1.546285084520534951e+02
6.040000000000000000e+02 1.278027245827843643e+02
6.050000000000000000e+02 1.727712435427490618e+02
6.060000000000000000e+02 1.629624620693802228e+02
6.070000000000000000e+02 1.615745795154606981e+02
6.080000000000000000e+02 1.604475973881518200e+02
6.090000000000000000e+02 1.468683536028170522e+02
6.100000000000000000e+02 1.696542284828227309e+02
6.110000000000000000e+02 1.781560512374977918e+02
6.120000000000000000e+02 1.839791571862785986e+02
6.130000000000000000e+02 1.723642765022766810e+02
6.140000000000000000e+02 1.541271187737050354e+02
6.150000000000000000e+02 1.543015492947020277e+02
6.160000000000000000e+02 1.799603787726002793e+02
6.170000000000000000e+02 1.804240478214167069e+02
6.180000000000000000e+02 1.232981633222353253e+02
6.190000000000000000e+02 1.570536382861513403e+02
6.200000000000000000e+02 1.485000358390510087e+02
6.210000000000000000e+02 1.729486972763802157e+02
6.220000000000000000e+02 1.280738343422616765e+02
6.230000000000000000e+02 1.666411677217992917e+02
6.240000000000000000e+02 1.470834233331571852e+02
6.250000000000000000e+02 1.501602940461635001e+02
6.260000000000000000e+02 1.495477427737629910e+02
6.270000000000000000e+02 4.507013569231872907e+01
6.280000000000000000e+02 1.161260236188996515e+02
6.290000000000000000e+02 1.598584529986724192e+02
6.300000000000000000e+02 1.436407129240157872e+02
6.310000000000000000e+02 1.689753552350505856e+02
6.320000000000000000e+02 1.741366485909383357e+02
6.330000000000000000e+02 1.490121887738729356e+02
6.340000000000000000e+02 1.171727546322158275e+02
6.350000000000000000e+02 1.729464970866114868e+02
6.360000000000000000e+02 3.822511638424538205e+01
6.370000000000000000e+02 1.402997837182683725e+02
6.380000000000000000e+02 1.364240499989710429e+02
6.390000000000000000e+02 1.571587421145036672e+02
6.400000000000000000e+02 1.940721431172434563e+02
6.410000000000000000e+02 1.640492397310516139e+02
6.420000000000000000e+02 1.333987729708890129e+02
6.430000000000000000e+02 1.633381257950417194e+02
6.440000000000000000e+02 1.636549345280347154e+02
6.450000000000000000e+02 1.664005486681505204e+02
6.460000000000000000e+02 1.538915473700927805e+02
6.470000000000000000e+02 1.086176819222304033e+02
6.480000000000000000e+02 1.844641760064725133e+02
6.490000000000000000e+02 1.608341934258448305e+02
6.500000000000000000e+02 1.684791169800554087e+02
6.510000000000000000e+02 1.672150768353407670e+02
6.520000000000000000e+02 1.530473292979212658e+02
6.530000000000000000e+02 1.802808737366223113e+02
6.540000000000000000e+02 1.618145073659476338e+02
6.550000000000000000e+02 1.695016798377550913e+02
6.560000000000000000e+02 1.771588519256600875e+02
6.570000000000000000e+02 1.220694499308294070e+02
6.580000000000000000e+02 1.514116469696216711e+02
6.590000000000000000e+02 1.784449953202459938e+02
6.600000000000000000e+02 1.739925950932403964e+02
6.610000000000000000e+02 1.540278340340776708e+02
6.620000000000000000e+02 1.833009371674839372e+02
6.630000000000000000e+02 1.644413975832125629e+02
6.640000000000000000e+02 1.572160430399145241e+02
6.650000000000000000e+02 1.502055350135828746e+02
6.660000000000000000e+02 1.713552374858007283e+02
6.670000000000000000e+02 1.408063053537978533e+02
6.680000000000000000e+02 1.649977899177670793e+02
6.690000000000000000e+02 1.829348324419052574e+02
6.700000000000000000e+02 1.621793384264327926e+02
6.710000000000000000e+02 1.680881141668566272e+02
6.720000000000000000e+02 1.352769863349431603e+02
6.730000000000000000e+02 1.466643410565985732e+02
6.740000000000000000e+02 1.838966995164547313e+02
6.750000000000000000e+02 1.833869210826293852e+02
6.760000000000000000e+02 1.418847487080745680e+02
6.770000000000000000e+02 1.601741593615388410e+02
6.780000000000000000e+02 1.773923518967906432e+02
6.790000000000000000e+02 1.516935179153503555e+02
6.800000000000000000e+02 1.766257798502174126e+02
6.810000000000000000e+02 1.653559206656667300e+02
6.820000000000000000e+02 1.884259864900552373e+02
6.830000000000000000e+02 1.699625571086616560e+02
6.840000000000000000e+02 1.763975586759544001e+02
6.850000000000000000e+02 1.875375990531727552e+02
6.860000000000000000e+02 1.828399417719571147e+02
6.870000000000000000e+02 1.695680973768801323e+02
6.880000000000000000e+02 1.608397343082968689e+02
6.890000000000000000e+02 1.334799743655008797e+02
6.900000000000000000e+02 1.701794429312197110e+02
6.910000000000000000e+02 1.588256895250141838e+02
6.920000000000000000e+02 1.479858829961376046e+02
6.930000000000000000e+02 1.656721722102259662e+02
6.940000000000000000e+02 1.703375382789042476e+02
6.950000000000000000e+02 1.858056798557909417e+02
6.960000000000000000e+02 1.337880624248476806e+02
6.970000000000000000e+02 1.608463411917203132e+02
6.980000000000000000e+02 1.614779030809284563e+02
6.990000000000000000e+02 1.623198757452039445e+02
7.000000000000000000e+02 1.340183613290638505e+02
7.010000000000000000e+02 1.489667750429499904e+02
7.020000000000000000e+02 1.463548854334765394e+02
7.030000000000000000e+02 1.639617108046852820e+02
7.040000000000000000e+02 1.956402906104866872e+02
7.050000000000000000e+02 1.664474839748928616e+02
7.060000000000000000e+02 1.648323307758638521e+02
7.070000000000000000e+02 1.850229041605119278e+02
7.080000000000000000e+02 1.677434171519515758e+02
7.090000000000000000e+02 1.636864194725400239e+02
7.100000000000000000e+02 1.544287601633469933e+02
7.110000000000000000e+02 1.453893196602515161e+02
7.120000000000000000e+02 1.703726451663065404e+02
7.130000000000000000e+02 1.323659966895880586e+02
7.140000000000000000e+02 1.774358070849422688e+02
7.150000000000000000e+02 1.860941558075660964e+02
7.160000000000000000e+02 1.635995788583647936e+02
7.170000000000000000e+02 1.706735124363219995e+02
7.180000000000000000e+02 1.631086085980861640e+02
7.190000000000000000e+02 1.447333138496578044e+02
7.200000000000000000e+02 1.628638113325765744e+02
7.210000000000000000e+02 1.776377286823673103e+02
7.220000000000000000e+02 1.420132986646436848e+02
7.230000000000000000e+02 1.892904516394942220e+02
7.240000000000000000e+02 1.753683508303081737e+02
7.250000000000000000e+02 1.347965721705303395e+02
7.260000000000000000e+02 1.425806601827563327e+02
7.270000000000000000e+02 1.526876352427320853e+02
7.280000000000000000e+02 1.298374164832065389e+02
7.290000000000000000e+02 1.555270862734198545e+02
7.300000000000000000e+02 1.596574519520666513e+02
7.310000000000000000e+02 1.428683556490944682e+02
7.320000000000000000e+02 1.751540294148450982e+02
7.330000000000000000e+02 1.583184123960311069e+02
7.340000000000000000e+02 1.744272705263736327e+02
7.350000000000000000e+02 1.806351967675060166e+02
7.360000000000000000e+02 1.802465372376984192e+02
7.370000000000000000e+02 1.689372762282045528e+02
7.380000000000000000e+02 1.631063760204747553e+02
7.390000000000000000e+02 1.906637021600678565e+02
7.400000000000000000e+02 1.509875496941647839e+02
7.410000000000000000e+02 1.706204705112958493e+02
7.420000000000000000e+02 1.390291553094379253e+02
7.430000000000000000e+02 1.499181860167027480e+02
7.440000000000000000e+02 1.598799116843585750e+02
7.450000000000000000e+02 1.809487357353226855e+02
7.460000000000000000e+02 1.399932297527101071e+02
7.470000000000000000e+02 1.443192893873344929e+02
7.480000000000000000e+02 1.879545451523100041e+02
7.490000000000000000e+02 1.608452351669344580e+02
7.500000000000000000e+02 1.781305847152577826e+02
7.510000000000000000e+02 1.784888203294169955e+02
7.520000000000000000e+02 1.528554942107643910e+02
7.530000000000000000e+02 1.544169557049001185e+02
7.540000000000000000e+02 1.801309251260310305e+02
7.550000000000000000e+02 1.767877850479166284e+02
7.560000000000000000e+02 1.590399660813872629e+02
7.570000000000000000e+02 1.559355691669038038e+02
7.580000000000000000e+02 1.680528184710474306e+02
7.590000000000000000e+02 1.638493384125893044e+02
7.600000000000000000e+02 1.695734209178763479e+02
7.610000000000000000e+02 1.733367081542212986e+02
7.620000000000000000e+02 1.369505940270567521e+02
7.630000000000000000e+02 1.814318821372403363e+02
7.640000000000000000e+02 1.533137807866082483e+02
7.650000000000000000e+02 1.732904972737793514e+02
7.660000000000000000e+02 1.645622487367896838e+02
7.670000000000000000e+02 1.568595128486000760e+02
7.680000000000000000e+02 1.836202038890685060e+02
7.690000000000000000e+02 1.651537708620062688e+02
7.700000000000000000e+02 1.409274461183958351e+02
7.710000000000000000e+02 1.857411637182047173e+02
7.720000000000000000e+02 1.736341089138618656e+02
7.730000000000000000e+02 1.595163112621265782e+02
7.740000000000000000e+02 1.817624659932185125e+02
7.750000000000000000e+02 1.807288581587348801e+02
7.760000000000000000e+02 1.703492791005569416e+02
7.770000000000000000e+02 1.385378272141466311e+02
7.780000000000000000e+02 1.571811339157880525e+02
7.790000000000000000e+02 1.600895110176139440e+02
7.800000000000000000e+02 1.381458869506849680e+02
7.810000000000000000e+02 1.553332654176087431e+02
7.820000000000000000e+02 1.968837292331213860e+02
7.830000000000000000e+02 1.422663328310229645e+02
7.840000000000000000e+02 1.651052917555076363e+02
7.850000000000000000e+02 1.741426724055624504e+02
7.860000000000000000e+02 -3.782605676056041943e+02
7.870000000000000000e+02 1.567408181393299174e+02
7.880000000000000000e+02 1.765253271412555307e+02
7.890000000000000000e+02 1.551751874040560892e+02
7.900000000000000000e+02 1.505446212177745053e+02
7.910000000000000000e+02 1.793206435553113351e+02
7.920000000000000000e+02 1.715437140555698932e+02
7.930000000000000000e+02 1.375587792320631024e+02
7.940000000000000000e+02 1.541380371440246222e+02
7.950000000000000000e+02 1.653719675244404641e+02
7.960000000000000000e+02 1.500763575988465846e+02
7.970000000000000000e+02 1.752802608179680703e+02
7.980000000000000000e+02 1.386792157856121435e+02
7.990000000000000000e+02 1.906801027484913789e+02
8.000000000000000000e+02 1.564539375234279817e+02
8.010000000000000000e+02 1.664500057416263701e+02
8.020000000000000000e+02 1.881299170347920438e+02
8.030000000000000000e+02 1.727441425523201701e+02
8.040000000000000000e+02 1.542639715445045283e+02
8.050000000000000000e+02 1.515849918975038122e+02
8.060000000000000000e+02 1.809098732781616263e+02
8.070000000000000000e+02 1.901640212851837077e+02
8.080000000000000000e+02 1.846202210748330970e+02
8.090000000000000000e+02 1.740774845931916275e+02
8.100000000000000000e+02 1.658028252309988204e+02
8.110000000000000000e+02 1.696321853802501778e+02
8.120000000000000000e+02 1.580764722916635208e+02
8.130000000000000000e+02 1.653519922673310987e+02
8.140000000000000000e+02 1.651657732619725039e+02
8.150000000000000000e+02 1.482852399015418143e+02
8.160000000000000000e+02 1.523437264277808936e+02
8.170000000000000000e+02 1.426347016805081864e+02
8.180000000000000000e+02 1.380970733131912596e+02
8.190000000000000000e+02 1.609498872032717713e+02
8.200000000000000000e+02 1.835873537808926415e+02
8.210000000000000000e+02 1.800261039256573383e+02
8.220000000000000000e+02 1.497649123962546582e+02
8.230000000000000000e+02 1.829429623148461701e+02
8.240000000000000000e+02 1.646513944066546742e+02
8.250000000000000000e+02 1.927800813896860745e+02
8.260000000000000000e+02 1.949896487092093480e+02
8.270000000000000000e+02 1.819375613100804117e+02
8.280000000000000000e+02 1.773998012669810862e+02
8.290000000000000000e+02 1.528311967901159960e+02
8.300000000000000000e+02 1.814868083779402355e+02
8.310000000000000000e+02 1.506762144304601634e+02
8.320000000000000000e+02 1.690606279811911747e+02
8.330000000000000000e+02 5.983902616592752111e+01
8.340000000000000000e+02 1.847386674354123102e+02
8.350000000000000000e+02 1.799439368884565909e+02
8.360000000000000000e+02 1.806334660447158456e+02
8.370000000000000000e+02 1.792895893427491671e+02
8.380000000000000000e+02 1.767760620186650158e+02
8.390000000000000000e+02 1.819882948458350711e+02
8.400000000000000000e+02 1.545582612326289791e+02
8.410000000000000000e+02 1.683481224969106336e+02
8.420000000000000000e+02 1.701495476477098237e+02
8.430000000000000000e+02 1.500938437759155306e+02
8.440000000000000000e+02 1.422339288215294459e+02
8.450000000000000000e+02 1.736823026240071499e+02
8.460000000000000000e+02 1.732426368367872556e+02
8.470000000000000000e+02 1.724700943641547610e+02
8.480000000000000000e+02 1.575169489135408867e+02
8.490000000000000000e+02 1.901522153569097497e+02
8.500000000000000000e+02 1.685330597208184429e+02
8.510000000000000000e+02 1.755815961933543861e+02
8.520000000000000000e+02 1.406275036741969870e+02
8.530000000000000000e+02 1.456901910236787216e+02
8.540000000000000000e+02 1.656570041938946360e+02
8.550000000000000000e+02 1.525052766458706799e+02
8.560000000000000000e+02 1.749619299935140759e+02
8.570000000000000000e+02 1.487800851300966656e+02
8.580000000000000000e+02 1.318417027380964441e+02
8.590000000000000000e+02 1.655928694659333757e+02
8.600000000000000000e+02 1.528220479081265069e+02
8.610000000000000000e+02 1.741550177693039529e+02
8.620000000000000000e+02 1.821294717053020804e+02
8.630000000000000000e+02 1.461216876785709076e+02
8.640000000000000000e+02 1.634189517677691583e+02
8.650000000000000000e+02 1.465081806516896847e+02
8.660000000000000000e+02 1.744153509252083154e+02
8.670000000000000000e+02 1.792945430314890700e+02
8.680000000000000000e+02 1.461844842883534454e+02
8.690000000000000000e+02 1.729748962411450748e+02
8.700000000000000000e+02 1.754355277834164610e+02
8.710000000000000000e+02 1.534802110033673728e+02
8.720000000000000000e+02 1.725525041796864798e+02
8.730000000000000000e+02 2.724813419478361425e+02
8.740000000000000000e+02 1.748559604281341819e+02
8.750000000000000000e+02 1.652879970545851904e+02
8.760000000000000000e+02 1.854184953740851256e+02
8.770000000000000000e+02 1.722206574080067583e+02
8.780000000000000000e+02 1.807529849154041983e+02
8.790000000000000000e+02 1.785390086588679139e+02
8.800000000000000000e+02 1.730082145414918955e+02
8.810000000000000000e+02 1.827399286593884540e+02
8.820000000000000000e+02 1.785734270572687592e+02
8.830000000000000000e+02 1.789161242631217306e+02
8.840000000000000000e+02 1.804963527606693390e+02
8.850000000000000000e+02 1.680343975066168127e+02
8.860000000000000000e+02 1.816223196472309382e+02
8.870000000000000000e+02 2.528384757141830903e+02
8.880000000000000000e+02 1.869176382884126895e+02
8.890000000000000000e+02 1.726253346297672238e+02
8.900000000000000000e+02 1.713021843605281447e+02
8.910000000000000000e+02 1.822532316008749547e+02
8.920000000000000000e+02 1.637515858656968248e+02
8.930000000000000000e+02 1.442690078841580998e+02
8.940000000000000000e+02 1.857436644878486902e+02
8.950000000000000000e+02 1.700173899877702581e+02
8.960000000000000000e+02 1.801532668842738758e+02
8.970000000000000000e+02 1.725860535858275284e+02
8.980000000000000000e+02 1.804893995220618876e+02
8.990000000000000000e+02 1.568421506015604052e+02
9.000000000000000000e+02 1.732733160890115585e+02
9.010000000000000000e+02 1.536344574780681285e+02
9.020000000000000000e+02 1.614762760729892648e+02
9.030000000000000000e+02 1.427228875077494195e+02
9.040000000000000000e+02 1.603673118258519139e+02
9.050000000000000000e+02 1.679918284480042416e+02
9.060000000000000000e+02 1.891714392026092071e+02
9.070000000000000000e+02 1.691212731989087672e+02
9.080000000000000000e+02 1.469065218780776831e+02
9.090000000000000000e+02 1.654598629047218310e+02
9.100000000000000000e+02 1.801728834473635175e+02
9.110000000000000000e+02 1.977863713354021513e+02
9.120000000000000000e+02 1.669968644918173482e+02
9.130000000000000000e+02 1.207755971603725982e+02
9.140000000000000000e+02 1.859907946210896625e+02
9.150000000000000000e+02 1.479034456317900208e+02
9.160000000000000000e+02 1.538524784053359156e+02
9.170000000000000000e+02 1.846683214085134352e+02
9.180000000000000000e+02 1.566748864336592248e+02
9.190000000000000000e+02 1.476265704505841256e+02
9.200000000000000000e+02 1.596308340700533677e+02
9.210000000000000000e+02 1.859002537065334764e+02
9.220000000000000000e+02 1.868815587136018337e+02
9.230000000000000000e+02 1.512171656929325252e+02
9.240000000000000000e+02 1.575655506425872829e+02
9.250000000000000000e+02 1.995184161015943403e+02
9.260000000000000000e+02 1.653375284576129900e+02
9.270000000000000000e+02 1.826642513444531346e+02
9.280000000000000000e+02 1.571700153274394438e+02
9.290000000000000000e+02 1.849374277115403231e+02
9.300000000000000000e+02 1.640926954338546864e+02
9.310000000000000000e+02 1.599552547597676835e+02
9.320000000000000000e+02 1.709533686887534998e+02
9.330000000000000000e+02 1.668812513633957906e+02
9.340000000000000000e+02 1.592441316017257407e+02
9.350000000000000000e+02 1.734812509349313814e+02
9.360000000000000000e+02 1.357037882535501296e+02
9.370000000000000000e+02 1.701130767886998569e+02
9.380000000000000000e+02 1.474428425961821176e+02
9.390000000000000000e+02 1.620485138982863873e+02
9.400000000000000000e+02 1.518785423191768018e+02
9.410000000000000000e+02 2.573568533821110123e+02
9.420000000000000000e+02 1.519122258796290907e+02
9.430000000000000000e+02 1.584299477280093527e+02
9.440000000000000000e+02 1.752043647299904592e+02
9.450000000000000000e+02 1.533326446936912930e+02
9.460000000000000000e+02 1.636740656914340946e+02
9.470000000000000000e+02 1.776917244000217408e+02
9.480000000000000000e+02 1.527370396199389688e+02
9.490000000000000000e+02 1.812532875089577260e+02
9.500000000000000000e+02 1.627922837381748309e+02
9.510000000000000000e+02 1.685569930390196305e+02
9.520000000000000000e+02 1.698583310566748423e+02
9.530000000000000000e+02 1.633341777892695461e+02
9.540000000000000000e+02 1.620303060211081743e+02
9.550000000000000000e+02 1.728257386054212930e+02
9.560000000000000000e+02 1.776264062244797799e+02
9.570000000000000000e+02 1.522335422453165847e+02
9.580000000000000000e+02 1.654369558822738213e+02
9.590000000000000000e+02 1.661843179696308255e+02
9.600000000000000000e+02 1.840935718353069035e+02
9.610000000000000000e+02 1.869578211344503131e+02
9.620000000000000000e+02 1.619758784815266779e+02
9.630000000000000000e+02 1.639000503837615668e+02
9.640000000000000000e+02 1.754284936538693387e+02
9.650000000000000000e+02 1.601930320092580189e+02
9.660000000000000000e+02 1.685457079237019116e+02
9.670000000000000000e+02 1.829288921388469760e+02
9.680000000000000000e+02 1.969564899405604308e+02
9.690000000000000000e+02 1.701888116127678927e+02
9.700000000000000000e+02 1.548529181888634412e+02
9.710000000000000000e+02 1.542477227661627808e+02
9.720000000000000000e+02 1.746430119205948017e+02
9.730000000000000000e+02 1.506307352028124456e+02
9.740000000000000000e+02 1.623866378558197709e+02
9.750000000000000000e+02 1.890061242883920443e+02
9.760000000000000000e+02 1.729670228514529242e+02
9.770000000000000000e+02 1.529280904524418929e+02
9.780000000000000000e+02 1.777805686972283183e+02
9.790000000000000000e+02 1.779040154020410398e+02
9.800000000000000000e+02 2.857349316573169062e+02
9.810000000000000000e+02 1.760541992704238226e+02
9.820000000000000000e+02 2.640433912447987836e+02
9.830000000000000000e+02 1.848383450298964590e+02
9.840000000000000000e+02 1.810433152318334464e+02
9.850000000000000000e+02 1.668696903850917010e+02
9.860000000000000000e+02 1.627581130734696728e+02
9.870000000000000000e+02 1.770599416462307545e+02
9.880000000000000000e+02 1.740520542155119585e+02
9.890000000000000000e+02 1.581337565769268849e+02
9.900000000000000000e+02 1.798932933333807682e+02
9.910000000000000000e+02 1.648621646650123580e+02
9.920000000000000000e+02 1.888415040253555333e+02
9.930000000000000000e+02 1.734590058343305259e+02
9.940000000000000000e+02 1.505764171889615284e+02
9.950000000000000000e+02 1.609524852614364363e+02
9.960000000000000000e+02 1.672219402904659091e+02
9.970000000000000000e+02 1.591479430860711091e+02
9.980000000000000000e+02 1.679664214744903745e+02
9.990000000000000000e+02 2.089083209837891673e+02
