0.000000000000000000e+00 -2.811264097019902692e+02
1.000000000000000000e+00 -6.524637791647176073e+02
2.000000000000000000e+00 -5.860811109085595945e+02
3.000000000000000000e+00 -4.884781339569339593e+02
4.000000000000000000e+00 -4.457651208365955426e+02
5.000000000000000000e+00 -5.029416851236317711e+02
6.000000000000000000e+00 -1.698450024155384881e+02
7.000000000000000000e+00 -6.433354294179021338e+01
8.000000000000000000e+00 -2.596237968523097379e+02
9.000000000000000000e+00 -3.589620657326323681e+02
1.000000000000000000e+01 -4.727858345591662896e+02
1.100000000000000000e+01 -4.066218264006876097e+02
1.200000000000000000e+01 -5.372542669539432154e+02
1.300000000000000000e+01 -4.978253158152184596e+02
1.400000000000000000e+01 -5.050264550900743075e+02
1.500000000000000000e+01 -4.839619863775554336e+02
1.600000000000000000e+01 -1.114111652121334828e+02
1.700000000000000000e+01 -5.068346942241782358e+02
1.800000000000000000e+01 -3.523235922258202208e+02
1.900000000000000000e+01 -4.601529608364411388e+02
2.000000000000000000e+01 4.847410431809017695e+01
2.100000000000000000e+01 -2.953160161756929938e+02
2.200000000000000000e+01 -4.611460139867907060e+02
2.300000000000000000e+01 -1.918843019821358382e+02
2.400000000000000000e+01 -4.921607279935848283e+02
2.500000000000000000e+01 -2.059691316021431362e+01
2.600000000000000000e+01 -3.955903234500452754e+02
2.700000000000000000e+01 -5.323684621185088872e+02
2.800000000000000000e+01 -1.930480271751110877e+02
2.900000000000000000e+01 -2.187503514162044951e+02
3.000000000000000000e+01 -2.682168800092352967e+02
3.100000000000000000e+01 -1.398332264360445265e+02
3.200000000000000000e+01 -1.482254821891897336e+02
3.300000000000000000e+01 -2.067877306648614990e+02
3.400000000000000000e+01 -3.062556293509118746e+02
3.500000000000000000e+01 -9.659793468565540309e+01
3.600000000000000000e+01 -2.770924328841622355e+02
3.700000000000000000e+01 -1.928133321897707333e+02
3.800000000000000000e+01 -2.787600728130749417e+01
3.900000000000000000e+01 -4.763181618568496845e+01
4.000000000000000000e+01 -1.992996327195818367e+02
4.100000000000000000e+01 -2.897065650602173719e+02
4.200000000000000000e+01 -1.162355404197905244e+02
4.300000000000000000e+01 -2.015922521333395707e+02
4.400000000000000000e+01 -1.061337438798981339e+02
4.500000000000000000e+01 -8.946688154380592550e+01
4.600000000000000000e+01 -1.295247278269597189e+02
4.700000000000000000e+01 -3.355675164562369446e+02
4.800000000000000000e+01 -1.142569202423111960e+02
4.900000000000000000e+01 -9.867837104428596717e+01
5.000000000000000000e+01 -1.705310037670210477e+02
5.100000000000000000e+01 -1.791974574268318747e+02
5.200000000000000000e+01 -8.939444957501849842e+01
5.300000000000000000e+01 -1.757675232724270131e+02
5.400000000000000000e+01 -2.726321250814604582e+02
5.500000000000000000e+01 -8.965316720235374248e+01
5.600000000000000000e+01 -1.995210279078796987e+02
5.700000000000000000e+01 -7.530440312999924402e+01
5.800000000000000000e+01 -8.131254643749340971e+01
5.900000000000000000e+01 -1.116115311958344307e+02
6.000000000000000000e+01 -4.470278478032171421e+01
6.100000000000000000e+01 -8.324306449834436705e+01
6.200000000000000000e+01 -1.997653601825385294e+02
6.300000000000000000e+01 -3.529524780284103258e+01
6.400000000000000000e+01 -1.038721823113358198e+02
6.500000000000000000e+01 -9.980991208476515908e+01
6.600000000000000000e+01 -6.701818445574413374e+01
6.700000000000000000e+01 -8.410063279343856379e+01
6.800000000000000000e+01 -1.914933510643488148e+02
6.900000000000000000e+01 -7.004004793871396828e+01
7.000000000000000000e+01 -6.166371770556823151e+01
7.100000000000000000e+01 -3.060219189662860799e+02
7.200000000000000000e+01 -2.639161809113475670e+02
7.300000000000000000e+01 -1.143082716150835836e+02
7.400000000000000000e+01 -1.837635251706182089e+02
7.500000000000000000e+01 -1.771051332387753519e+02
7.600000000000000000e+01 -1.516279034205355458e+02
7.700000000000000000e+01 -5.013095226906976620e+01
7.800000000000000000e+01 -1.201221130623183910e+02
7.900000000000000000e+01 -1.197318710521645073e+02
8.000000000000000000e+01 -7.101847805603155450e+01
8.100000000000000000e+01 -9.355895469170772571e+01
8.200000000000000000e+01 -7.668522834365387553e+01
8.300000000000000000e+01 -4.919890967607766186e+01
8.400000000000000000e+01 -6.513132977067618867e+01
8.500000000000000000e+01 -9.433586359452633019e+01
8.600000000000000000e+01 -7.673078179477994354e+01
8.700000000000000000e+01 -5.743461940064642590e+01
8.800000000000000000e+01 -7.267204223334499602e+01
8.900000000000000000e+01 -6.812289778930633588e+01
9.000000000000000000e+01 -6.143789904167987004e+01
9.100000000000000000e+01 -7.620302865092878619e+01
9.200000000000000000e+01 -1.291334750951590138e+02
9.300000000000000000e+01 -8.443371670153574371e+01
9.400000000000000000e+01 -8.919610732914783569e+01
9.500000000000000000e+01 -5.997917929529628367e+01
9.600000000000000000e+01 -9.286570425809688345e+01
9.700000000000000000e+01 -2.819134182579060734e+02
9.800000000000000000e+01 -1.133229062209983056e+02
9.900000000000000000e+01 -9.062460463346332062e+01
1.000000000000000000e+02 -6.515406555409747114e+01
1.010000000000000000e+02 -9.462665444674179582e+01
1.020000000000000000e+02 -6.167098451877247101e+01
1.030000000000000000e+02 -1.047664792530496953e+02
1.040000000000000000e+02 -3.784928371905824207e+01
1.050000000000000000e+02 -1.025207017197825508e+02
1.060000000000000000e+02 -5.057341781571274453e+01
1.070000000000000000e+02 -9.228727629842516933e+01
1.080000000000000000e+02 -4.786594168958188078e+01
1.090000000000000000e+02 -9.663873396288401807e+01
1.100000000000000000e+02 -1.302725936152568238e+02
1.110000000000000000e+02 -4.155318552495634066e+01
1.120000000000000000e+02 -5.059538625405764378e+01
1.130000000000000000e+02 -3.400647072042233958e+02
1.140000000000000000e+02 -4.633489210713557327e+01
1.150000000000000000e+02 -4.672456142299061810e+01
1.160000000000000000e+02 -1.198216541305347391e+02
1.170000000000000000e+02 -6.037414283544540439e+01
1.180000000000000000e+02 -6.100197748462663583e+01
1.190000000000000000e+02 -5.365452665474989402e+01
1.200000000000000000e+02 -5.817539661279104735e+01
1.210000000000000000e+02 -1.265709368568970206e+02
1.220000000000000000e+02 -6.309142591991154347e+01
1.230000000000000000e+02 -2.023041810016246700e+01
1.240000000000000000e+02 -3.622466019318950003e+01
1.250000000000000000e+02 -4.127232622931055062e+01
1.260000000000000000e+02 -5.129202639779597916e+01
1.270000000000000000e+02 -4.609941174449026136e+01
1.280000000000000000e+02 -6.298981540911194088e+01
1.290000000000000000e+02 -1.232588141800873416e+02
1.300000000000000000e+02 -1.014230328365138121e+02
1.310000000000000000e+02 -2.935574492355870291e+01
1.320000000000000000e+02 -1.139875462202012528e+02
1.330000000000000000e+02 -1.021859721206870830e+02
1.340000000000000000e+02 -1.311209076363285817e+02
1.350000000000000000e+02 -8.627454558380898675e+01
1.360000000000000000e+02 -2.550846859623962359e+01
1.370000000000000000e+02 -8.560122233060809549e+01
1.380000000000000000e+02 -7.268830683370390489e+01
1.390000000000000000e+02 -8.247950388234174568e+01
1.400000000000000000e+02 -1.243501076264431902e+02
1.410000000000000000e+02 -6.801745041767193811e+01
1.420000000000000000e+02 -9.629188857985933225e+01
1.430000000000000000e+02 -2.235201090133479909e+02
1.440000000000000000e+02 -4.857487973520039759e+01
1.450000000000000000e+02 -1.706566857317574204e+01
1.460000000000000000e+02 -1.036048433350918714e+02
1.470000000000000000e+02 -1.656607446789479354e+02
1.480000000000000000e+02 8.068814320039365384e+00
1.490000000000000000e+02 -5.400405148812391332e+01
1.500000000000000000e+02 -8.573373321356986310e+01
1.510000000000000000e+02 -7.711366085648677426e+01
1.520000000000000000e+02 -1.846253271617108282e+01
1.530000000000000000e+02 -2.736457149229089225e+01
1.540000000000000000e+02 -6.088281923006929475e+01
1.550000000000000000e+02 -2.869027611961406592e+02
1.560000000000000000e+02 -3.800181324198428001e+01
1.570000000000000000e+02 3.885205377801085547e+00
1.580000000000000000e+02 -4.236646075795048461e+01
1.590000000000000000e+02 1.446759630988458412e+01
1.600000000000000000e+02 -4.576656289402819766e+00
1.610000000000000000e+02 -9.451148950678073390e+01
1.620000000000000000e+02 -1.048131234397412470e+01
1.630000000000000000e+02 -4.921052284061764936e+01
1.640000000000000000e+02 -2.012923614823617413e+01
1.650000000000000000e+02 -4.761322045660688218e+01
1.660000000000000000e+02 -2.545958388759227375e+01
1.670000000000000000e+02 -1.024533975939598918e+01
1.680000000000000000e+02 -4.541420856420899099e-01
1.690000000000000000e+02 -9.062107881160275724e+01
1.700000000000000000e+02 -9.725825846554360510e+01
1.710000000000000000e+02 -8.116761836288289089e+01
1.720000000000000000e+02 -2.185189402391991109e+01
1.730000000000000000e+02 8.489682796616477845e+00
1.740000000000000000e+02 -2.877742486353952245e+01
1.750000000000000000e+02 -4.989263559606203557e+01
1.760000000000000000e+02 -1.044481680613066317e+02
1.770000000000000000e+02 -4.128624246868648839e+01
1.780000000000000000e+02 -6.380671518254964525e+01
1.790000000000000000e+02 -1.023512276548768654e+02
1.800000000000000000e+02 8.361895720179333580e+00
1.810000000000000000e+02 -2.334647597741087566e+01
1.820000000000000000e+02 -1.932881085597510662e+01
1.830000000000000000e+02 -1.608125552988522600e+01
1.840000000000000000e+02 -4.638127779517176918e+01
1.850000000000000000e+02 2.881846260359722578e+01
1.860000000000000000e+02 6.747136295482931700e+00
1.870000000000000000e+02 -4.128152032505601454e+01
1.880000000000000000e+02 -1.221849861432228579e+01
1.890000000000000000e+02 -2.507712375318715203e+01
1.900000000000000000e+02 -6.112978534106957795e+00
1.910000000000000000e+02 2.199322256457566027e+01
1.920000000000000000e+02 -9.963983259192062292e+00
1.930000000000000000e+02 -4.299071452278060690e+01
1.940000000000000000e+02 -2.093242639686003770e+01
1.950000000000000000e+02 -5.224393116196977616e+01
1.960000000000000000e+02 -1.100869405432771941e+01
1.970000000000000000e+02 -2.893807889844579506e+01
1.980000000000000000e+02 2.380939119548116878e+00
1.990000000000000000e+02 5.200306058168820300e+00
2.000000000000000000e+02 -6.962945352451740177e+01
2.010000000000000000e+02 -8.295543534112681527e-01
2.020000000000000000e+02 -3.551287247427165994e+01
2.030000000000000000e+02 -1.454913918459103570e+02
2.040000000000000000e+02 -5.000209137369637347e+00
2.050000000000000000e+02 3.493907877876185353e+01
2.060000000000000000e+02 1.140904901992496434e+01
2.070000000000000000e+02 -1.853159077712477654e+01
2.080000000000000000e+02 -5.004055599738407523e+00
2.090000000000000000e+02 -2.065093272158006243e+01
2.100000000000000000e+02 2.559058506755292228e+00
2.110000000000000000e+02 -2.640649382873348827e+00
2.120000000000000000e+02 -1.525327791910342512e+00
2.130000000000000000e+02 -5.909874677647584207e+01
2.140000000000000000e+02 -9.710214344728640867e+01
2.150000000000000000e+02 1.978771119052220229e+01
2.160000000000000000e+02 4.812536480406575379e+01
2.170000000000000000e+02 9.588446774808872419e+00
2.180000000000000000e+02 -4.431104309397085927e+01
2.190000000000000000e+02 -2.110202798798977142e+01
2.200000000000000000e+02 7.985046941606412929e+00
2.210000000000000000e+02 1.079219997416501542e+01
2.220000000000000000e+02 3.744081729058061114e+01
2.230000000000000000e+02 -1.240226952934543192e+01
2.240000000000000000e+02 1.187296474539657254e+01
2.250000000000000000e+02 -1.870346112543008488e+01
2.260000000000000000e+02 -1.418854560369200613e+01
2.270000000000000000e+02 4.236091330760837081e+01
2.280000000000000000e+02 -2.896181144804829799e+01
2.290000000000000000e+02 -3.323605484773386820e+01
2.300000000000000000e+02 -8.450550086415347550e+00
2.310000000000000000e+02 -1.712592038738499411e+01
2.320000000000000000e+02 -7.486445426978818318e+00
2.330000000000000000e+02 -1.658199717187879401e+02
2.340000000000000000e+02 -1.091672211328649951e+02
2.350000000000000000e+02 2.653916780507682915e+01
2.360000000000000000e+02 4.214324878609383518e+01
2.370000000000000000e+02 -2.860692622941476770e+01
2.380000000000000000e+02 -1.735396561538952653e+01
2.390000000000000000e+02 2.096143744642365903e+01
2.400000000000000000e+02 -4.602480284006062305e+01
2.410000000000000000e+02 -2.073419575030626305e+01
2.420000000000000000e+02 5.957405045457711168e+01
2.430000000000000000e+02 -9.262422197861040374e+00
2.440000000000000000e+02 -8.332706634357759157e+00
2.450000000000000000e+02 -1.574660498639943285e+00
2.460000000000000000e+02 2.693228885645639537e+01
2.470000000000000000e+02 -5.777748939959378305e+01
2.480000000000000000e+02 -3.379077027672843769e+01
2.490000000000000000e+02 4.136627926616614559e+01
2.500000000000000000e+02 1.744989119814882139e+00
2.510000000000000000e+02 -2.183607123586739363e-01
2.520000000000000000e+02 2.291578198983453163e+01
2.530000000000000000e+02 7.323159589372198752e+01
2.540000000000000000e+02 3.284741454838462005e+01
2.550000000000000000e+02 -1.524366818428432691e+00
2.560000000000000000e+02 -3.836093418328343496e+00
2.570000000000000000e+02 -4.420817130088727254e+02
2.580000000000000000e+02 2.569964103571610181e+01
2.590000000000000000e+02 -2.513449330820576222e+01
2.600000000000000000e+02 -2.780081892518034579e+02
2.610000000000000000e+02 7.908239833543206032e+00
2.620000000000000000e+02 4.774835008203109510e+01
2.630000000000000000e+02 2.430332646105379979e+01
2.640000000000000000e+02 2.435638318164269900e-01
2.650000000000000000e+02 2.327244147298367594e+01
2.660000000000000000e+02 -2.209986119280070582e+01
2.670000000000000000e+02 1.622013288469851933e+00
2.680000000000000000e+02 2.216558417926282232e+01
2.690000000000000000e+02 -2.541021317400818305e+02
2.700000000000000000e+02 2.771400802271573482e+01
2.710000000000000000e+02 -5.496108300324533680e+00
2.720000000000000000e+02 -3.645412688646118227e+01
2.730000000000000000e+02 4.638684942890981233e+01
2.740000000000000000e+02 2.485206976937693923e+01
2.750000000000000000e+02 -1.851903647483356252e+01
2.760000000000000000e+02 -9.974842323337465189e+01
2.770000000000000000e+02 -9.583379346797001119e+01
2.780000000000000000e+02 4.986006162289761789e+01
2.790000000000000000e+02 2.880265930804017671e+01
2.800000000000000000e+02 7.902929962260486718e+00
2.810000000000000000e+02 4.272844334474004313e+01
2.820000000000000000e+02 9.004542077955426294e+01
2.830000000000000000e+02 2.722048937773320532e+01
2.840000000000000000e+02 3.022169075804819727e+01
2.850000000000000000e+02 6.669757999734099485e+01
2.860000000000000000e+02 7.685860658929445322e+01
2.870000000000000000e+02 -1.173817629736393897e+01
2.880000000000000000e+02 -5.550233660675072400e+00
2.890000000000000000e+02 1.021452421372053152e+02
2.900000000000000000e+02 1.634857461173380822e+00
2.910000000000000000e+02 8.440679352209301101e+01
2.920000000000000000e+02 4.337857859856509890e+01
2.930000000000000000e+02 -3.087063850073268441e+02
2.940000000000000000e+02 2.013428613789594479e+01
2.950000000000000000e+02 -2.296809744773688919e+02
2.960000000000000000e+02 5.815352251972237596e+00
2.970000000000000000e+02 7.221617035226728376e+01
2.980000000000000000e+02 -2.333714087437585931e+02
2.990000000000000000e+02 8.374452809110671581e+01
3.000000000000000000e+02 3.576662977772294028e+01
3.010000000000000000e+02 6.123510509548393088e+01
3.020000000000000000e+02 6.558104985648741092e+01
3.030000000000000000e+02 8.148123184971987598e+01
3.040000000000000000e+02 9.015003652869449979e+01
3.050000000000000000e+02 6.688366719187399667e+01
3.060000000000000000e+02 4.538299271219104369e+00
3.070000000000000000e+02 3.237328454410663880e+01
3.080000000000000000e+02 -7.775582444077458355e+00
3.090000000000000000e+02 8.236587218498499396e+01
3.100000000000000000e+02 6.727959996827786426e+01
3.110000000000000000e+02 2.205388111889683955e+01
3.120000000000000000e+02 7.693996994439825698e+01
3.130000000000000000e+02 3.908198317612371397e+01
3.140000000000000000e+02 6.780333926344637518e+01
3.150000000000000000e+02 2.107226543164231813e+01
3.160000000000000000e+02 1.116520059785652279e+02
3.170000000000000000e+02 4.292735079612469207e+01
3.180000000000000000e+02 8.133102506898121931e+01
3.190000000000000000e+02 7.175416831167765963e+01
3.200000000000000000e+02 7.902051877844225203e+01
3.210000000000000000e+02 8.212816815756218602e+01
3.220000000000000000e+02 -1.208682811901018113e+02
3.230000000000000000e+02 9.408242001690875611e+01
3.240000000000000000e+02 -2.281953264589283847e+01
3.250000000000000000e+02 9.208311888489873809e+01
3.260000000000000000e+02 6.025870044379415447e+01
3.270000000000000000e+02 7.733652992081006516e+01
3.280000000000000000e+02 -3.294674310069726175e+01
3.290000000000000000e+02 1.303930637437071312e+02
3.300000000000000000e+02 4.355167525354266900e+01
3.310000000000000000e+02 2.694377428343380032e+01
3.320000000000000000e+02 -1.884457832950525926e+02
3.330000000000000000e+02 2.142197138547850699e+01
3.340000000000000000e+02 6.560392871333209541e+01
3.350000000000000000e+02 1.095091940079725248e+02
3.360000000000000000e+02 6.797703589316982686e+01
3.370000000000000000e+02 7.820011918587330513e+01
3.380000000000000000e+02 6.689385893086046053e+01
3.390000000000000000e+02 9.265176701169612272e+01
3.400000000000000000e+02 7.796107689617423375e+01
3.410000000000000000e+02 1.146776002038981375e+02
3.420000000000000000e+02 1.405107597707743139e+02
3.430000000000000000e+02 9.412572941184410524e+01
3.440000000000000000e+02 1.023554462811323162e+02
3.450000000000000000e+02 8.506734933018837808e+01
3.460000000000000000e+02 3.178128653029664363e+01
3.470000000000000000e+02 3.068592427488039220e+01
3.480000000000000000e+02 4.134046658364133009e+01
3.490000000000000000e+02 -5.474482634376199286e+01
3.500000000000000000e+02 9.211142716144880183e+01
3.510000000000000000e+02 -4.350298858620721631e+00
3.520000000000000000e+02 6.677229881786578858e+01
3.530000000000000000e+02 9.852393089341006771e+01
3.540000000000000000e+02 -8.332483238186688368e+01
3.550000000000000000e+02 3.447960966457702625e+01
3.560000000000000000e+02 1.179043019326356045e+02
3.570000000000000000e+02 -2.945687709353618189e+01
3.580000000000000000e+02 1.092073493334006571e+02
3.590000000000000000e+02 7.658293276895358304e+01
3.600000000000000000e+02 1.050513661364384035e+02
3.610000000000000000e+02 9.235519130691601219e+01
3.620000000000000000e+02 9.306872530789549103e+01
3.630000000000000000e+02 3.696565732598292442e+01
3.640000000000000000e+02 1.257116155135580726e+02
3.650000000000000000e+02 1.142898723761024655e+02
3.660000000000000000e+02 9.569103042068817899e+01
3.670000000000000000e+02 1.167920444580985873e+02
3.680000000000000000e+02 1.115527930742281910e+02
3.690000000000000000e+02 1.128156007417320126e+02
3.700000000000000000e+02 1.211389459524322092e+02
3.710000000000000000e+02 1.316261993898041567e+02
3.720000000000000000e+02 -1.531114169129153595e+02
3.730000000000000000e+02 -1.390865037701279405e+01
3.740000000000000000e+02 1.277288266221097359e+02
3.750000000000000000e+02 1.056917716200198356e+02
3.760000000000000000e+02 -7.569701461400975973e+01
3.770000000000000000e+02 1.073891154012620461e+02
3.780000000000000000e+02 1.410820155099802662e+02
3.790000000000000000e+02 8.990789118637650290e+01
3.800000000000000000e+02 -1.268442517149543391e+01
3.810000000000000000e+02 7.630242331228278374e+01
3.820000000000000000e+02 1.258190896270384656e+02
3.830000000000000000e+02 1.203371415602260726e+02
3.840000000000000000e+02 4.511140926531936657e+01
3.850000000000000000e+02 -2.197576122859586008e+02
3.860000000000000000e+02 1.432461057716078017e+02
3.870000000000000000e+02 8.876746325616373667e+01
3.880000000000000000e+02 1.354641214303527477e+02
3.890000000000000000e+02 1.310622660505785007e+02
3.900000000000000000e+02 1.344916253061259681e+02
3.910000000000000000e+02 1.193157830773333359e+02
3.920000000000000000e+02 1.082279187961028981e+02
3.930000000000000000e+02 1.405372275018496282e+02
3.940000000000000000e+02 1.028048728997291619e+02
3.950000000000000000e+02 1.408134722082920121e+02
3.960000000000000000e+02 1.091233658240276725e+02
3.970000000000000000e+02 -1.058043635211058664e+01
3.980000000000000000e+02 1.396709680106611415e+02
3.990000000000000000e+02 -4.106290278304405916e+01
4.000000000000000000e+02 -5.178869216338744508e+01
4.010000000000000000e+02 1.431970774613377841e+02
4.020000000000000000e+02 8.668605105406236078e+01
4.030000000000000000e+02 1.292371267684618488e+02
4.040000000000000000e+02 1.429512881675379106e+02
4.050000000000000000e+02 1.264650172760406264e+02
4.060000000000000000e+02 1.265317210309764278e+02
4.070000000000000000e+02 9.917490012307234792e+01
4.080000000000000000e+02 1.281690072968803804e+02
4.090000000000000000e+02 1.254616564559919425e+02
4.100000000000000000e+02 6.197663748299605757e+00
4.110000000000000000e+02 8.087139134975254251e+01
4.120000000000000000e+02 4.689482036981338098e+01
4.130000000000000000e+02 1.057170421974425238e+02
4.140000000000000000e+02 1.555694181322244276e+02
4.150000000000000000e+02 1.157557673943082079e+02
4.160000000000000000e+02 1.138616705973266789e+02
4.170000000000000000e+02 4.136987618747775741e+01
4.180000000000000000e+02 1.046021317253341039e+02
4.190000000000000000e+02 7.228550911081484287e+01
4.200000000000000000e+02 1.016815342183499951e+02
4.210000000000000000e+02 1.209779167139628271e+02
4.220000000000000000e+02 1.209820853622079397e+02
4.230000000000000000e+02 6.042681125113235652e+01
4.240000000000000000e+02 1.050399405913640010e+02
4.250000000000000000e+02 5.931386609028923829e+01
4.260000000000000000e+02 -5.326057130585864741e+01
4.270000000000000000e+02 1.376288103749897402e+02
4.280000000000000000e+02 1.442557663513553052e+02
4.290000000000000000e+02 1.474145074319394269e+02
4.300000000000000000e+02 1.393177412315966990e+02
4.310000000000000000e+02 1.108513637190511645e+02
4.320000000000000000e+02 1.335247674430031850e+02
4.330000000000000000e+02 1.359590461993783208e+02
4.340000000000000000e+02 1.288867941642073447e+02
4.350000000000000000e+02 1.109201535324507688e+02
4.360000000000000000e+02 1.234378269739679865e+02
4.370000000000000000e+02 1.257025979029171481e+02
4.380000000000000000e+02 1.136371919983400147e+02
4.390000000000000000e+02 1.369493824258105121e+02
4.400000000000000000e+02 1.593029251705945057e+02
4.410000000000000000e+02 1.444604931208374410e+02
4.420000000000000000e+02 4.008636745318727890e+01
4.430000000000000000e+02 1.246231994436615196e+02
4.440000000000000000e+02 1.082986286301068901e+02
4.450000000000000000e+02 1.220257957989954321e+02
4.460000000000000000e+02 2.992163914568143923e+01
4.470000000000000000e+02 1.343307175110202536e+02
4.480000000000000000e+02 1.141864666670003032e+02
4.490000000000000000e+02 1.120502175580338644e+02
4.500000000000000000e+02 1.456605932171163431e+02
4.510000000000000000e+02 1.430075458895077816e+02
4.520000000000000000e+02 1.293917143955742404e+02
4.530000000000000000e+02 1.077038080405524170e+02
4.540000000000000000e+02 1.378452219698067154e+02
4.550000000000000000e+02 1.194210610278533693e+02
4.560000000000000000e+02 1.585550429260327689e+02
4.570000000000000000e+02 1.388264889139246065e+02
4.580000000000000000e+02 1.836061123071461054e+01
4.590000000000000000e+02 1.217545135329964552e+02
4.600000000000000000e+02 1.421402988703209189e+02
4.610000000000000000e+02 1.800214791929195712e+02
4.620000000000000000e+02 1.698564203142020119e+02
4.630000000000000000e+02 -1.965321962576030330e+02
4.640000000000000000e+02 1.610316956649229496e+02
4.650000000000000000e+02 1.712569763190015806e+02
4.660000000000000000e+02 -1.165155980053896769e+02
4.670000000000000000e+02 1.124527561852141844e+02
4.680000000000000000e+02 1.471115062389183663e+02
4.690000000000000000e+02 1.494265965447544033e+02
4.700000000000000000e+02 1.279072957117279685e+02
4.710000000000000000e+02 7.683998784045650154e+01
4.720000000000000000e+02 1.632328077148674765e+02
4.730000000000000000e+02 7.190761574802753842e+01
4.740000000000000000e+02 1.287900019523647188e+02
4.750000000000000000e+02 1.152708048989099296e+02
4.760000000000000000e+02 1.236594617629941695e+02
4.770000000000000000e+02 1.441998080124468231e+02
4.780000000000000000e+02 1.353275070270927074e+02
4.790000000000000000e+02 1.279387316600663951e+02
4.800000000000000000e+02 2.711067967922760147e+01
4.810000000000000000e+02 1.465537910272779811e+02
4.820000000000000000e+02 1.365234545704408617e+02
4.830000000000000000e+02 1.453518844641444616e+02
4.840000000000000000e+02 1.632247252190482527e+02
4.850000000000000000e+02 1.449468890133648813e+02
4.860000000000000000e+02 1.667534882528340745e+02
4.870000000000000000e+02 -7.407791415675413305e+01
4.880000000000000000e+02 1.221381110908228607e+02
4.890000000000000000e+02 1.178551207243163361e+02
4.900000000000000000e+02 1.336486951828865415e+02
4.910000000000000000e+02 1.469951697493958420e+02
4.920000000000000000e+02 -6.484374482702951070e+01
4.930000000000000000e+02 1.037966106468634848e+02
4.940000000000000000e+02 1.532314049495081747e+02
4.950000000000000000e+02 1.697546278895291323e+02
4.960000000000000000e+02 1.465050641899140942e+02
4.970000000000000000e+02 1.241224707701573067e+02
4.980000000000000000e+02 1.408622784999800785e+02
4.990000000000000000e+02 1.680399353975821839e+02
5.000000000000000000e+02 1.489718234273037183e+02
5.010000000000000000e+02 1.273020602087352700e+02
5.020000000000000000e+02 1.076194728449280831e+02
5.030000000000000000e+02 1.472500871511615514e+02
5.040000000000000000e+02 1.248237868645019546e+02
5.050000000000000000e+02 4.942370503511926927e+01
5.060000000000000000e+02 1.374348741667184015e+02
5.070000000000000000e+02 1.621936255402505083e+02
5.080000000000000000e+02 1.290049021889069536e+02
5.090000000000000000e+02 1.400253293301515498e+02
5.100000000000000000e+02 1.180143818341373674e+02
5.110000000000000000e+02 -1.034561911477677931e+01
5.120000000000000000e+02 1.437900572744559895e+02
5.130000000000000000e+02 1.246374295581009051e+02
5.140000000000000000e+02 1.503682864129340260e+02
5.150000000000000000e+02 1.494978963922468438e+02
5.160000000000000000e+02 1.136210125908516204e+02
5.170000000000000000e+02 1.658021521608290243e+02
5.180000000000000000e+02 1.444540845267660245e+02
5.190000000000000000e+02 1.556641371888402716e+02
5.200000000000000000e+02 1.638349539394325518e+02
5.210000000000000000e+02 1.637636742272059109e+02
5.220000000000000000e+02 1.438903381907953190e+02
5.230000000000000000e+02 1.527616959991142096e+02
5.240000000000000000e+02 1.575925355308141036e+02
5.250000000000000000e+02 1.444190219345449577e+02
5.260000000000000000e+02 1.518911168283017616e+02
5.270000000000000000e+02 1.433175658151774030e+02
5.280000000000000000e+02 1.328772969422900871e+02
5.290000000000000000e+02 1.659718999101004044e+02
5.300000000000000000e+02 1.364184689789927951e+01
5.310000000000000000e+02 1.662495667086187439e+02
5.320000000000000000e+02 1.373695432567264447e+02
5.330000000000000000e+02 1.181173565269852759e+02
5.340000000000000000e+02 1.434303359102058550e+02
5.350000000000000000e+02 1.538912160724113676e+02
5.360000000000000000e+02 1.573150276955350932e+02
5.370000000000000000e+02 1.387091154423648049e+02
5.380000000000000000e+02 1.552502521000630793e+02
5.390000000000000000e+02 1.375818015523409485e+02
5.400000000000000000e+02 1.844831288225453818e+02
5.410000000000000000e+02 1.661584652606992165e+02
5.420000000000000000e+02 1.577043678779704976e+02
5.430000000000000000e+02 4.546374559127119142e+01
5.440000000000000000e+02 1.358568992360890775e+02
5.450000000000000000e+02 1.491233488922499077e+02
5.460000000000000000e+02 1.468487806206457833e+02
5.470000000000000000e+02 1.567271320707419022e+02
5.480000000000000000e+02 1.455120138536061916e+02
5.490000000000000000e+02 1.129691956418203347e+02
5.500000000000000000e+02 1.756669232671389977e+02
5.510000000000000000e+02 1.640470281192169182e+02
5.520000000000000000e+02 9.888363278091094344e+01
5.530000000000000000e+02 1.507448875464391165e+02
5.540000000000000000e+02 1.631382214685334873e+02
5.550000000000000000e+02 1.302689777924929615e+02
5.560000000000000000e+02 1.354281807267798285e+02
5.570000000000000000e+02 1.590804874830654683e+02
5.580000000000000000e+02 1.362456465958520084e+02
5.590000000000000000e+02 1.653328686643135654e+02
5.600000000000000000e+02 1.630120636676129493e+02
5.610000000000000000e+02 1.370152301016371439e+02
5.620000000000000000e+02 1.712237780749452725e+02
5.630000000000000000e+02 1.436071889061762192e+02
5.640000000000000000e+02 1.833131591305128723e+02
5.650000000000000000e+02 1.419920395223975333e+02
5.660000000000000000e+02 1.727463916024381376e+02
5.670000000000000000e+02 1.668077992752232603e+02
5.680000000000000000e+02 1.612636427236992915e+02
5.690000000000000000e+02 1.609142562687189582e+02
5.700000000000000000e+02 1.580110186494194977e+02
5.710000000000000000e+02 1.562195757555754767e+02
5.720000000000000000e+02 1.642966584029379931e+02
5.730000000000000000e+02 1.629951601450023873e+02
5.740000000000000000e+02 1.257898592214447149e+02
5.750000000000000000e+02 1.451029521567993754e+02
5.760000000000000000e+02 1.482476926621774567e+02
5.770000000000000000e+02 1.726883440150690774e+02
5.780000000000000000e+02 1.544732936430982022e+02
5.790000000000000000e+02 1.504848754531331565e+02
5.800000000000000000e+02 1.444644042365297025e+02
5.810000000000000000e+02 1.581930298064230271e+02
5.820000000000000000e+02 1.683294716577900374e+02
5.830000000000000000e+02 1.588958297291428607e+02
5.840000000000000000e+02 1.632953560939167801e+02
5.850000000000000000e+02 1.710477559744825271e+02
5.860000000000000000e+02 1.633662721936780713e+02
5.870000000000000000e+02 1.741286592084406379e+02
5.880000000000000000e+02 1.575620293738520559e+02
5.890000000000000000e+02 1.513294910014819834e+02
5.900000000000000000e+02 1.675071495837562452e+02
5.910000000000000000e+02 1.481584189072352444e+02
5.920000000000000000e+02 1.344665317000418270e+02
5.930000000000000000e+02 1.671906614707941969e+02
5.940000000000000000e+02 1.359408203744482080e+02
5.950000000000000000e+02 1.298508738754755996e+02
5.960000000000000000e+02 1.515815716651462139e+02
5.970000000000000000e+02 1.680008006259315607e+02
5.980000000000000000e+02 1.669296323916656775e+02
5.990000000000000000e+02 1.701805358417109630e+02
6.000000000000000000e+02 1.524982890317373290e+02
6.010000000000000000e+02 1.670554553161981062e+02
6.020000000000000000e+02 1.263834586654979120e+02
6.030000000000000000e+02 1.930763270917046270e+02
6.040000000000000000e+02 1.913589106822913095e+02
6.050000000000000000e+02 1.972362886125737305e+02
6.060000000000000000e+02 1.365517470081783529e+02
6.070000000000000000e+02 1.658421781648351612e+02
6.080000000000000000e+02 1.924735505238291751e+02
6.090000000000000000e+02 1.629486853300155929e+02
6.100000000000000000e+02 1.391293692290458637e+02
6.110000000000000000e+02 1.712520054435589714e+02
6.120000000000000000e+02 1.851354298772110383e+02
6.130000000000000000e+02 1.439296587073569356e+02
6.140000000000000000e+02 1.633990367042563889e+02
6.150000000000000000e+02 1.782456291885520159e+02
6.160000000000000000e+02 1.348016523115855136e+02
6.170000000000000000e+02 1.599740022215705153e+02
6.180000000000000000e+02 1.659454269986612758e+02
6.190000000000000000e+02 1.541682502055588770e+02
6.200000000000000000e+02 2.889962556359972723e+01
6.210000000000000000e+02 1.618320410992553775e+02
6.220000000000000000e+02 1.421000319804687138e+02
6.230000000000000000e+02 1.667473670498184504e+02
6.240000000000000000e+02 1.410018912248721676e+02
6.250000000000000000e+02 7.223711965142589975e+01
6.260000000000000000e+02 1.710098400392970461e+02
6.270000000000000000e+02 1.789405756325578523e+02
6.280000000000000000e+02 1.628314079181770921e+02
6.290000000000000000e+02 1.291005483843329102e+02
6.300000000000000000e+02 1.509878510214576011e+02
6.310000000000000000e+02 1.603327306627951145e+02
6.320000000000000000e+02 1.411438512124913984e+02
6.330000000000000000e+02 1.744925299151825016e+02
6.340000000000000000e+02 5.036505222166618978e+01
6.350000000000000000e+02 1.909345982030845335e+02
6.360000000000000000e+02 1.694419981352879745e+02
6.370000000000000000e+02 1.716988644561904209e+02
6.380000000000000000e+02 1.644444837098975825e+02
6.390000000000000000e+02 1.887989058132491778e+02
6.400000000000000000e+02 1.520513265964534639e+02
6.410000000000000000e+02 1.347368732314581052e+02
6.420000000000000000e+02 1.335904200905499692e+02
6.430000000000000000e+02 1.222494646559667473e+02
6.440000000000000000e+02 1.495664045392007040e+02
6.450000000000000000e+02 1.524572021279649903e+02
6.460000000000000000e+02 1.461467712848732674e+02
6.470000000000000000e+02 1.620241252178759623e+02
6.480000000000000000e+02 1.503307344048386085e+02
6.490000000000000000e+02 1.596942654138367459e+02
6.500000000000000000e+02 1.628699373953280087e+02
6.510000000000000000e+02 1.681201664869153660e+02
6.520000000000000000e+02 1.470711214113331380e+02
6.530000000000000000e+02 1.439829420465413818e+02
6.540000000000000000e+02 1.705953159707717077e+02
6.550000000000000000e+02 1.515852795248394216e+02
6.560000000000000000e+02 1.663347862171194720e+02
6.570000000000000000e+02 1.502472590838098654e+02
6.580000000000000000e+02 1.509256544543254961e+02
6.590000000000000000e+02 1.690477979713302261e+02
6.600000000000000000e+02 1.829924884060953332e+02
6.610000000000000000e+02 1.746632024520726247e+02
6.620000000000000000e+02 1.710997839765175002e+02
6.630000000000000000e+02 1.750544692942335416e+02
6.640000000000000000e+02 1.460649244066800350e+02
6.650000000000000000e+02 1.728489372506989525e+02
6.660000000000000000e+02 1.384012315762419121e+02
6.670000000000000000e+02 1.766017929096677506e+02
6.680000000000000000e+02 1.559384583663877493e+02
6.690000000000000000e+02 1.559411409673784021e+02
6.700000000000000000e+02 1.391296377320786064e+02
6.710000000000000000e+02 1.719262566201837785e+02
6.720000000000000000e+02 1.575929028715108586e+02
6.730000000000000000e+02 1.691373400645327081e+02
6.740000000000000000e+02 1.360862407471606161e+02
6.750000000000000000e+02 1.759208221498261082e+02
6.760000000000000000e+02 1.744529951103465919e+02
6.770000000000000000e+02 1.605173641331166436e+02
6.780000000000000000e+02 1.705525224482397562e+02
6.790000000000000000e+02 1.601005092445752211e+02
6.800000000000000000e+02 1.770619528819139816e+02
6.810000000000000000e+02 1.544287452090314048e+02
6.820000000000000000e+02 1.841582658194283511e+02
6.830000000000000000e+02 1.986125691948318206e+02
6.840000000000000000e+02 1.348911502543916470e+02
6.850000000000000000e+02 1.728648037640941766e+02
6.860000000000000000e+02 1.333108652939275487e+02
6.870000000000000000e+02 1.785584344690598471e+02
6.880000000000000000e+02 1.639230409819306828e+02
6.890000000000000000e+02 2.045236860155044951e+02
6.900000000000000000e+02 1.469017769425612698e+02
6.910000000000000000e+02 1.470694605230182788e+02
6.920000000000000000e+02 1.366297587561661260e+02
6.930000000000000000e+02 1.779467196856893736e+02
6.940000000000000000e+02 1.542536687347765394e+02
6.950000000000000000e+02 5.282649649303036199e+01
6.960000000000000000e+02 1.677572011551442870e+02
6.970000000000000000e+02 1.734413855123735004e+02
6.980000000000000000e+02 1.717670708145076333e+02
6.990000000000000000e+02 1.456780259847217849e+02
7.000000000000000000e+02 1.617120827711300706e+02
7.010000000000000000e+02 1.833997483907247101e+02
7.020000000000000000e+02 1.853290933474928011e+02
7.030000000000000000e+02 1.711413104189543049e+02
7.040000000000000000e+02 1.804371326166402412e+02
7.050000000000000000e+02 1.435265641624231989e+02
7.060000000000000000e+02 1.521927785831280744e+02
7.070000000000000000e+02 1.801085068801831426e+02
7.080000000000000000e+02 1.640008945586059497e+02
7.090000000000000000e+02 1.499611125706187238e+02
7.100000000000000000e+02 1.588127043403614493e+02
7.110000000000000000e+02 1.741805916013284161e+02
7.120000000000000000e+02 1.414444779754556407e+02
7.130000000000000000e+02 1.322896240103493426e+02
7.140000000000000000e+02 1.618571606265934406e+02
7.150000000000000000e+02 1.581546892003767084e+02
7.160000000000000000e+02 1.855042407009967178e+02
7.170000000000000000e+02 1.270599673194394938e+02
7.180000000000000000e+02 1.901090941167276469e+02
7.190000000000000000e+02 1.755398099230348237e+02
7.200000000000000000e+02 1.412932528507423910e+02
7.210000000000000000e+02 2.024625148444864067e+02
7.220000000000000000e+02 1.588758694818755828e+02
7.230000000000000000e+02 2.003229825490673761e+02
7.240000000000000000e+02 1.901863394141695380e+02
7.250000000000000000e+02 1.519268412669536019e+02
7.260000000000000000e+02 1.660163039374707807e+02
7.270000000000000000e+02 1.538652868959293585e+02
7.280000000000000000e+02 2.023641983326926379e+02
7.290000000000000000e+02 1.982607767442904674e+02
7.300000000000000000e+02 1.919086947673297345e+02
7.310000000000000000e+02 1.570484163270820659e+02
7.320000000000000000e+02 1.402617105605898189e+02
7.330000000000000000e+02 1.702787843694775063e+02
7.340000000000000000e+02 1.771978199697281298e+02
7.350000000000000000e+02 1.636131419608408066e+02
7.360000000000000000e+02 1.745961258580466620e+02
7.370000000000000000e+02 1.366208871837763184e+02
7.380000000000000000e+02 1.269633706033379354e+02
7.390000000000000000e+02 1.877873347200099943e+02
7.400000000000000000e+02 1.624803344802720915e+02
7.410000000000000000e+02 1.004151684484682363e+02
7.420000000000000000e+02 1.520878689476696479e+02
7.430000000000000000e+02 1.931408509530906770e+02
7.440000000000000000e+02 1.894115181755752531e+02
7.450000000000000000e+02 1.411298079873141944e+02
7.460000000000000000e+02 3.987102125316224033e+01
7.470000000000000000e+02 1.580607522919318626e+02
7.480000000000000000e+02 1.816202108797053825e+02
7.490000000000000000e+02 1.721245696373325700e+02
7.500000000000000000e+02 3.532904551703498441e+01
7.510000000000000000e+02 1.843579077987027972e+02
7.520000000000000000e+02 1.508912666706757193e+02
7.530000000000000000e+02 1.866640992493991575e+02
7.540000000000000000e+02 1.743179904291510525e+02
7.550000000000000000e+02 1.636212729643332011e+02
7.560000000000000000e+02 1.897947546939067536e+02
7.570000000000000000e+02 1.368665354549383153e+02
7.580000000000000000e+02 1.472063233380289660e+02
7.590000000000000000e+02 1.693486281632858379e+02
7.600000000000000000e+02 1.640393844310862335e+02
7.610000000000000000e+02 1.572865253051774914e+02
7.620000000000000000e+02 1.495878874931348435e+02
7.630000000000000000e+02 1.683753560511691205e+02
7.640000000000000000e+02 1.947407989960462658e+02
7.650000000000000000e+02 1.790747167292923905e+02
7.660000000000000000e+02 1.550477837822316758e+02
7.670000000000000000e+02 1.476156880408109657e+02
7.680000000000000000e+02 1.775458169055308133e+02
7.690000000000000000e+02 1.816633961220500169e+02
7.700000000000000000e+02 1.705380346450508284e+02
7.710000000000000000e+02 1.473235753860696775e+02
7.720000000000000000e+02 1.402357297241620984e+02
7.730000000000000000e+02 1.177895843059061320e+02
7.740000000000000000e+02 1.699275000318727677e+02
7.750000000000000000e+02 1.821799920781252240e+02
7.760000000000000000e+02 1.470305996566709155e+02
7.770000000000000000e+02 1.779132716817440496e+02
7.780000000000000000e+02 1.659075309408413830e+02
7.790000000000000000e+02 1.481518202438773244e+02
7.800000000000000000e+02 1.311263995916715999e+02
7.810000000000000000e+02 1.817159230511545331e+02
7.820000000000000000e+02 1.775327788584493476e+02
7.830000000000000000e+02 1.376607910515038213e+02
7.840000000000000000e+02 1.894772889352964285e+02
7.850000000000000000e+02 1.457464801959612828e+02
7.860000000000000000e+02 1.712936811887355191e+02
7.870000000000000000e+02 1.767334410111147918e+02
7.880000000000000000e+02 1.703444249933454842e+02
7.890000000000000000e+02 1.659599535313650449e+02
7.900000000000000000e+02 1.767005971542492944e+02
7.910000000000000000e+02 1.852745929276668733e+02
7.920000000000000000e+02 1.586715725872559801e+02
7.930000000000000000e+02 1.385716448155943112e+02
7.940000000000000000e+02 1.622059982953628605e+02
7.950000000000000000e+02 1.539580478665581325e+02
7.960000000000000000e+02 1.898058791845541009e+02
7.970000000000000000e+02 1.577479194257994095e+02
7.980000000000000000e+02 1.808788260685768989e+02
7.990000000000000000e+02 1.817491621814183986e+02
8.000000000000000000e+02 1.554015494923044969e+02
8.010000000000000000e+02 1.625058265054588276e+02
8.020000000000000000e+02 1.747416650840996795e+02
8.030000000000000000e+02 2.058336796320720339e+02
8.040000000000000000e+02 1.749997513607495705e+02
8.050000000000000000e+02 2.011957583975268165e+02
8.060000000000000000e+02 1.405255990466364153e+02
8.070000000000000000e+02 1.783380101481454574e+02
8.080000000000000000e+02 1.834076425554470973e+02
8.090000000000000000e+02 8.316649076123434270e+01
8.100000000000000000e+02 1.565051492521379828e+02
8.110000000000000000e+02 2.036724437474710214e+02
8.120000000000000000e+02 1.757496467035869330e+02
8.130000000000000000e+02 1.900795078317862874e+02
8.140000000000000000e+02 1.784557545213212393e+02
8.150000000000000000e+02 1.702847190778508377e+02
8.160000000000000000e+02 1.466507125060651049e+02
8.170000000000000000e+02 1.711882224757310951e+02
8.180000000000000000e+02 1.602419129006385390e+02
8.190000000000000000e+02 1.514402542617037284e+02
8.200000000000000000e+02 1.513385256897159934e+02
8.210000000000000000e+02 1.483283926682649678e+02
8.220000000000000000e+02 1.754515503759692479e+02
8.230000000000000000e+02 1.578545684366629587e+02
8.240000000000000000e+02 1.690201218136702721e+02
8.250000000000000000e+02 1.628267035622329786e+02
8.260000000000000000e+02 1.749711598416626543e+02
8.270000000000000000e+02 1.874917264283546388e+02
8.280000000000000000e+02 1.815432464171962579e+02
8.290000000000000000e+02 1.592740638541596070e+02
8.300000000000000000e+02 1.492401297115804653e+02
8.310000000000000000e+02 1.732501459838971982e+02
8.320000000000000000e+02 1.539060807257569365e+02
8.330000000000000000e+02 1.740341715953768755e+02
8.340000000000000000e+02 1.566967719790245894e+02
8.350000000000000000e+02 1.841952859023996325e+02
8.360000000000000000e+02 1.764155618751512407e+02
8.370000000000000000e+02 1.717606002637404572e+02
8.380000000000000000e+02 1.763547150986277643e+02
8.390000000000000000e+02 1.582459415280878829e+02
8.400000000000000000e+02 1.723648629173741824e+02
8.410000000000000000e+02 1.499777973202580768e+02
8.420000000000000000e+02 1.626080453407559787e+02
8.430000000000000000e+02 1.639110737011702952e+02
8.440000000000000000e+02 1.636013025560336303e+02
8.450000000000000000e+02 1.830216144201102395e+02
8.460000000000000000e+02 1.876501156460820710e+02
8.470000000000000000e+02 1.790495082766001076e+02
8.480000000000000000e+02 1.570779897422719102e+02
8.490000000000000000e+02 1.675653294591341194e+02
8.500000000000000000e+02 1.980644558454179389e+02
8.510000000000000000e+02 1.570485148164170255e+02
8.520000000000000000e+02 1.528430429749078314e+02
8.530000000000000000e+02 1.828921885194652077e+02
8.540000000000000000e+02 1.858538044595509291e+02
8.550000000000000000e+02 1.944519577944488731e+02
8.560000000000000000e+02 1.742294086099874448e+02
8.570000000000000000e+02 1.488963825642404970e+02
8.580000000000000000e+02 1.967466633890468017e+02
8.590000000000000000e+02 1.420451172563066962e+02
8.600000000000000000e+02 2.011658773302371515e+02
8.610000000000000000e+02 1.536136526962795301e+02
8.620000000000000000e+02 1.521001734076192520e+02
8.630000000000000000e+02 1.876460762637475170e+02
8.640000000000000000e+02 1.771066739731858490e+02
8.650000000000000000e+02 1.541676502858979632e+02
8.660000000000000000e+02 1.677688917078077964e+02
8.670000000000000000e+02 1.663282729697279478e+02
8.680000000000000000e+02 1.692966779343232417e+02
8.690000000000000000e+02 7.478656429263665473e+01
8.700000000000000000e+02 1.936341666545083342e+02
8.710000000000000000e+02 1.855858718068813573e+02
8.720000000000000000e+02 1.751758692249779301e+02
8.730000000000000000e+02 1.639343198828617858e+02
8.740000000000000000e+02 1.434041745895977158e+02
8.750000000000000000e+02 1.762588652316673574e+02
8.760000000000000000e+02 1.583411209418473504e+02
8.770000000000000000e+02 1.688620885449821003e+02
8.780000000000000000e+02 1.799758090400515584e+02
8.790000000000000000e+02 6.800375433073676845e+01
8.800000000000000000e+02 1.632640337019192884e+02
8.810000000000000000e+02 1.765512363446037227e+02
8.820000000000000000e+02 1.796888414526779059e+02
8.830000000000000000e+02 1.895990137423557371e+02
8.840000000000000000e+02 1.568465817410766192e+02
8.850000000000000000e+02 1.447704025433396851e+02
8.860000000000000000e+02 1.791984663230101660e+02
8.870000000000000000e+02 1.844716668776695485e+02
8.880000000000000000e+02 1.950215982713126550e+02
8.890000000000000000e+02 1.780769037597210342e+02
8.900000000000000000e+02 1.854577215340433725e+02
8.910000000000000000e+02 1.857461476179297222e+02
8.920000000000000000e+02 1.745999594065754366e+02
8.930000000000000000e+02 4.868198670779833037e+01
8.940000000000000000e+02 5.981567354000819137e+01
8.950000000000000000e+02 1.695356737273189651e+02
8.960000000000000000e+02 3.825650889953968203e+01
8.970000000000000000e+02 6.670572886015270342e+01
8.980000000000000000e+02 1.709411935407643455e+02
8.990000000000000000e+02 4.653428941987922940e+01
9.000000000000000000e+02 1.701469201633897796e+02
9.010000000000000000e+02 1.586524860977054345e+02
9.020000000000000000e+02 1.775788378919529293e+02
9.030000000000000000e+02 1.810611597863943416e+02
9.040000000000000000e+02 1.658735492900099473e+02
9.050000000000000000e+02 1.805532050617062225e+02
9.060000000000000000e+02 1.506310209017118495e+02
9.070000000000000000e+02 1.724611522674610455e+02
9.080000000000000000e+02 1.673460657966531357e+02
9.090000000000000000e+02 1.962957266835014707e+02
9.100000000000000000e+02 1.952386118390186596e+02
9.110000000000000000e+02 1.847306555851386349e+02
9.120000000000000000e+02 1.774216085963985847e+02
9.130000000000000000e+02 1.922061542966933700e+02
9.140000000000000000e+02 1.946876991375171144e+02
9.150000000000000000e+02 1.893069963005643785e+02
9.160000000000000000e+02 1.676289237205152176e+02
9.170000000000000000e+02 1.884428945900803285e+02
9.180000000000000000e+02 1.697605101077920153e+02
9.190000000000000000e+02 1.676610127737525602e+02
9.200000000000000000e+02 1.748002843197407401e+02
9.210000000000000000e+02 1.742222516619902422e+02
9.220000000000000000e+02 1.843494628465010976e+02
9.230000000000000000e+02 1.962443006125874092e+02
9.240000000000000000e+02 1.563400870176775754e+02
9.250000000000000000e+02 1.376241236694883412e+02
9.260000000000000000e+02 1.858309975791583497e+02
9.270000000000000000e+02 1.807422900252499289e+02
9.280000000000000000e+02 1.907985703229015257e+02
9.290000000000000000e+02 1.934880528299265166e+02
9.300000000000000000e+02 1.806241131649674116e+02
9.310000000000000000e+02 -3.508028878225030667e+01
9.320000000000000000e+02 1.824772862588575606e+02
9.330000000000000000e+02 1.804434782635365764e+02
9.340000000000000000e+02 1.424403315797067933e+02
9.350000000000000000e+02 1.901244527091923828e+02
9.360000000000000000e+02 1.561290492544733013e+02
9.370000000000000000e+02 1.734544930713714734e+02
9.380000000000000000e+02 1.885130660271106251e+02
9.390000000000000000e+02 1.725396358773931240e+02
9.400000000000000000e+02 1.691464817015231858e+02
9.410000000000000000e+02 1.634653463810128358e+02
9.420000000000000000e+02 1.947690777503713093e+02
9.430000000000000000e+02 1.430520269012941412e+02
9.440000000000000000e+02 1.669432526804611996e+02
9.450000000000000000e+02 1.773878016616904745e+02
9.460000000000000000e+02 1.888265145035691432e+02
9.470000000000000000e+02 1.765965879893982162e+02
9.480000000000000000e+02 1.767592763911814018e+02
9.490000000000000000e+02 1.603345226845301852e+02
9.500000000000000000e+02 1.911279070350272491e+02
9.510000000000000000e+02 1.475160548814368155e+02
9.520000000000000000e+02 1.936270640491801203e+02
9.530000000000000000e+02 1.852413682055019706e+02
9.540000000000000000e+02 1.543352634736300217e+02
9.550000000000000000e+02 8.360073472890712765e+01
9.560000000000000000e+02 1.815188647827295370e+02
9.570000000000000000e+02 1.500118971563902619e+02
9.580000000000000000e+02 2.107772508028751304e+02
9.590000000000000000e+02 1.710280611650703406e+02
9.600000000000000000e+02 2.128842051267459397e+02
9.610000000000000000e+02 2.113980687999822692e+02
9.620000000000000000e+02 1.727504314955557447e+02
9.630000000000000000e+02 1.731598030037272054e+02
9.640000000000000000e+02 1.407684967630627852e+02
9.650000000000000000e+02 1.772790777490718312e+02
9.660000000000000000e+02 1.775463825299969471e+02
9.670000000000000000e+02 1.696240641444418031e+02
9.680000000000000000e+02 1.940888622651296487e+02
9.690000000000000000e+02 1.692910330017676017e+02
9.700000000000000000e+02 1.767639970356673587e+02
9.710000000000000000e+02 1.800802539271965941e+02
9.720000000000000000e+02 2.029803847923565741e+02
9.730000000000000000e+02 1.337340760357849945e+02
9.740000000000000000e+02 1.610807420820416098e+02
9.750000000000000000e+02 2.764726929528374058e+02
9.760000000000000000e+02 1.879499563491989420e+02
9.770000000000000000e+02 1.726224178450330271e+02
9.780000000000000000e+02 1.766313413460782726e+02
9.790000000000000000e+02 1.950819031008029469e+02
9.800000000000000000e+02 1.807187903637361330e+02
9.810000000000000000e+02 1.892150019095662117e+02
9.820000000000000000e+02 1.664694022540751348e+02
9.830000000000000000e+02 1.782483854351454795e+02
9.840000000000000000e+02 1.764324063322015093e+02
9.850000000000000000e+02 1.534608578749885623e+02
9.860000000000000000e+02 1.625033763621733840e+02
9.870000000000000000e+02 1.724086681882930066e+02
9.880000000000000000e+02 1.455162937821563958e+02
9.890000000000000000e+02 1.905597380156244753e+02
9.900000000000000000e+02 1.456798483479729498e+02
9.910000000000000000e+02 6.987875594527972112e+01
9.920000000000000000e+02 1.599781499205275850e+02
9.930000000000000000e+02 1.680021387835362248e+02
9.940000000000000000e+02 1.664490836994961569e+02
9.950000000000000000e+02 1.797813775302018371e+02
9.960000000000000000e+02 1.805254673870065574e+02
9.970000000000000000e+02 7.903322237008364937e+01
9.980000000000000000e+02 1.900776123551449359e+02
9.990000000000000000e+02 1.959646402250371011e+02
