0.000000000000000000e+00 -3.060020409770751257e+02
2.000000000000000000e+01 -1.499635571583085607e+02
4.000000000000000000e+01 -1.505355157791738634e+02
6.000000000000000000e+01 -1.300121334581558870e+02
8.000000000000000000e+01 -1.225955959219520821e+02
1.000000000000000000e+02 -1.000760213271177861e+02
1.200000000000000000e+02 -1.995210546989699480e+02
1.400000000000000000e+02 -1.738241299550568044e+02
1.600000000000000000e+02 -2.219793112098354015e+02
1.800000000000000000e+02 -1.374396454091555029e+02
2.000000000000000000e+02 -1.352628065135598092e+02
2.200000000000000000e+02 -1.052210472338347245e+02
2.400000000000000000e+02 -8.357246150227403803e+01
2.600000000000000000e+02 -7.556631206812085111e+01
2.800000000000000000e+02 -6.676036508840108752e+01
3.000000000000000000e+02 -7.232987345546789015e+01
3.200000000000000000e+02 -4.833686669548794157e+01
3.400000000000000000e+02 -5.652435413474197645e+01
3.600000000000000000e+02 -7.175127509909120249e+01
3.800000000000000000e+02 -7.332493296726920562e+01
4.000000000000000000e+02 -5.439451174844099057e+01
4.200000000000000000e+02 -8.485788188257940590e+01
4.400000000000000000e+02 -1.567157160596972574e+02
4.600000000000000000e+02 -7.084434541648174388e+01
4.800000000000000000e+02 -9.279773675286546109e+01
5.000000000000000000e+02 -4.976245391404720664e+01
5.200000000000000000e+02 -3.356581282692003754e+01
5.400000000000000000e+02 -2.766928974299231214e+01
5.600000000000000000e+02 -1.349229103491750870e+01
5.800000000000000000e+02 -3.922294415368926934e+01
6.000000000000000000e+02 -4.540086917559158053e+01
6.200000000000000000e+02 -3.369214594351495862e+01
6.400000000000000000e+02 -4.455957367694469440e+01
6.600000000000000000e+02 -5.017651620345613139e+01
6.800000000000000000e+02 -3.453659153304981544e+01
7.000000000000000000e+02 -3.762670780074172683e+01
7.200000000000000000e+02 -8.240148132125789004e+00
7.400000000000000000e+02 -2.516070657172607739e+01
7.600000000000000000e+02 -6.501883968455322460e+00
7.800000000000000000e+02 1.778020901527839825e+01
8.000000000000000000e+02 -2.938869804856987145e+01
8.200000000000000000e+02 -1.213004798127647721e+00
8.400000000000000000e+02 -3.603239999521422021e+01
8.600000000000000000e+02 -7.332717575653250996e+00
8.800000000000000000e+02 -4.483145081188429515e+01
9.000000000000000000e+02 6.333200288121236810e+00
9.200000000000000000e+02 -2.406426129827483607e+01
9.400000000000000000e+02 -2.071182933600485754e+01
9.600000000000000000e+02 -1.402714483157605585e+01
9.800000000000000000e+02 -2.076558016628362680e+01
1.000000000000000000e+03 -8.169081118662567809e-01
1.020000000000000000e+03 -1.018675072898276923e+01
1.040000000000000000e+03 8.821672371875767027e+00
1.060000000000000000e+03 9.185756263392706344e+00
1.080000000000000000e+03 -7.316880100145186638e+00
1.100000000000000000e+03 3.110839676787234165e+00
1.120000000000000000e+03 3.210896046570189011e+00
1.140000000000000000e+03 -1.788664357162794261e+01
1.160000000000000000e+03 -2.583126962348557321e+00
1.180000000000000000e+03 6.142395295043165504e+00
1.200000000000000000e+03 2.389320983597407633e+01
1.220000000000000000e+03 1.513329717047824374e+01
1.240000000000000000e+03 -1.013839708887202384e+01
1.260000000000000000e+03 -1.660321002757439857e+01
1.280000000000000000e+03 -4.145302216749212398e+00
1.300000000000000000e+03 -1.800530713351931311e+01
1.320000000000000000e+03 9.736320931627426845e+00
1.340000000000000000e+03 2.710042072705002880e+01
1.360000000000000000e+03 2.117182796580045689e+01
1.380000000000000000e+03 3.008942808637534228e+01
1.400000000000000000e+03 4.111353134673264975e+01
1.420000000000000000e+03 -6.930064021168339750e+00
1.440000000000000000e+03 3.753477659537822575e+01
1.460000000000000000e+03 2.372578993977383988e+01
1.480000000000000000e+03 2.277109811081795243e+01
1.500000000000000000e+03 4.931100162897576666e+01
1.520000000000000000e+03 4.943633040827133840e+01
1.540000000000000000e+03 4.275071975118741818e+01
1.560000000000000000e+03 3.800632686909411717e+01
1.580000000000000000e+03 2.373563939850843951e+01
1.600000000000000000e+03 9.879030938355541025e+00
1.620000000000000000e+03 5.161147781333748696e+01
1.640000000000000000e+03 1.813389508280662099e+01
1.660000000000000000e+03 1.878856079455037076e+01
1.680000000000000000e+03 1.629495851005987461e+01
1.700000000000000000e+03 2.463338765160322907e+01
1.720000000000000000e+03 3.119492957868821392e+01
1.740000000000000000e+03 4.761039709938201270e+01
1.760000000000000000e+03 1.888770286885040406e+01
1.780000000000000000e+03 1.986546681252695379e+01
1.800000000000000000e+03 5.457741038509840337e+01
1.820000000000000000e+03 7.239013439680971373e+01
1.840000000000000000e+03 8.080520804398648238e+01
1.860000000000000000e+03 7.511313727728972367e+01
1.880000000000000000e+03 4.982825495915216862e+01
1.900000000000000000e+03 6.736863536321382639e+01
1.920000000000000000e+03 4.386518766308660844e+01
1.940000000000000000e+03 5.279658315454732787e+01
1.960000000000000000e+03 2.279315762477402174e+01
1.980000000000000000e+03 3.134373440245582998e+01
2.000000000000000000e+03 7.897139454393517610e+01
2.020000000000000000e+03 5.279491718814007584e+01
2.040000000000000000e+03 4.728905805233556237e+01
2.060000000000000000e+03 4.236685373370401919e+01
2.080000000000000000e+03 8.281473091620117088e+01
2.100000000000000000e+03 8.683621192407797196e+01
2.120000000000000000e+03 6.721081426293645222e+01
2.140000000000000000e+03 1.089201162870695327e+02
2.160000000000000000e+03 9.272673872685560070e+01
2.180000000000000000e+03 1.247798688704187100e+02
2.200000000000000000e+03 1.011781079945313024e+02
2.220000000000000000e+03 9.925961814407746431e+01
2.240000000000000000e+03 1.032792091658507871e+02
2.260000000000000000e+03 1.199541174531384513e+02
2.280000000000000000e+03 1.086079101224936778e+02
2.300000000000000000e+03 8.149207792190856026e+01
2.320000000000000000e+03 1.260335742556224403e+02
2.340000000000000000e+03 9.793820626832639675e+01
2.360000000000000000e+03 1.347321746911357820e+02
2.380000000000000000e+03 1.172767436718389717e+02
2.400000000000000000e+03 1.063103986871425093e+02
2.420000000000000000e+03 1.046216342510122814e+02
2.440000000000000000e+03 1.131189942645861493e+02
2.460000000000000000e+03 9.068442018511110803e+01
2.480000000000000000e+03 9.799770457782099697e+01
2.500000000000000000e+03 1.114371032960596040e+02
2.520000000000000000e+03 1.254429418075606719e+02
2.540000000000000000e+03 1.308432111465991170e+02
2.560000000000000000e+03 1.024012405194313686e+02
2.580000000000000000e+03 1.080655700187515720e+02
2.600000000000000000e+03 1.266534361940213529e+02
2.620000000000000000e+03 8.768429820098997141e+01
2.640000000000000000e+03 1.053253170979477034e+02
2.660000000000000000e+03 5.548003409710783984e+01
2.680000000000000000e+03 6.321421907933824968e+01
2.700000000000000000e+03 8.726977859280574989e+01
2.720000000000000000e+03 9.685289389707541829e+01
2.740000000000000000e+03 1.239618065049886155e+02
2.760000000000000000e+03 1.400113286909049179e+02
2.780000000000000000e+03 1.390815180360121417e+02
2.800000000000000000e+03 1.003370248559400295e+02
2.820000000000000000e+03 1.303974678852623015e+02
2.840000000000000000e+03 1.400614677954274896e+02
2.860000000000000000e+03 9.361552169102510845e+01
2.880000000000000000e+03 1.031042928408157167e+02
2.900000000000000000e+03 1.275330085430869786e+02
2.920000000000000000e+03 1.048434779057884043e+02
2.940000000000000000e+03 1.146793353167945497e+02
2.960000000000000000e+03 9.258034568345129856e+01
2.980000000000000000e+03 8.878838812052921980e+01
3.000000000000000000e+03 8.495337255607394411e+01
3.020000000000000000e+03 4.707435078079115698e+01
3.040000000000000000e+03 8.565135337622857037e+01
3.060000000000000000e+03 1.299365665450771417e+02
3.080000000000000000e+03 1.534084629917780092e+02
3.100000000000000000e+03 1.644619164160582727e+02
3.120000000000000000e+03 1.234378111807554177e+02
3.140000000000000000e+03 1.476666160925004192e+02
3.160000000000000000e+03 1.395569345308884408e+02
3.180000000000000000e+03 1.394123060976182273e+02
3.200000000000000000e+03 1.131480821951073779e+02
3.220000000000000000e+03 1.516570062997599848e+02
3.240000000000000000e+03 1.568228464058189218e+02
3.260000000000000000e+03 1.527208911689128854e+02
3.280000000000000000e+03 1.221797034288811972e+02
3.300000000000000000e+03 9.855078760225021028e+01
3.320000000000000000e+03 1.127304028829684484e+02
3.340000000000000000e+03 1.386472665244245377e+02
3.360000000000000000e+03 1.450919798886519345e+02
3.380000000000000000e+03 1.351470606422722938e+02
3.400000000000000000e+03 1.406661922985919659e+02
3.420000000000000000e+03 1.483115386609420341e+02
3.440000000000000000e+03 1.619888899800158697e+02
3.460000000000000000e+03 1.500923200609889250e+02
3.480000000000000000e+03 9.618354596898839759e+01
3.500000000000000000e+03 1.638633293461523692e+02
3.520000000000000000e+03 1.143151687456047938e+02
3.540000000000000000e+03 1.100653935193400628e+02
3.560000000000000000e+03 1.028266472215488250e+02
3.580000000000000000e+03 1.307275354556379057e+02
3.600000000000000000e+03 1.162634574019973144e+02
3.620000000000000000e+03 1.682024021050973488e+02
3.640000000000000000e+03 1.166592743515157764e+02
3.660000000000000000e+03 1.195715504188576688e+02
3.680000000000000000e+03 1.139538037553418945e+02
3.700000000000000000e+03 1.554668167664829923e+02
3.720000000000000000e+03 1.505534889850499951e+02
3.740000000000000000e+03 9.987016621264223204e+01
3.760000000000000000e+03 1.733737950660863021e+02
3.780000000000000000e+03 1.710133521171644873e+02
3.800000000000000000e+03 1.580721262322809366e+02
3.820000000000000000e+03 1.384438618719146348e+02
3.840000000000000000e+03 1.125548476677081879e+02
3.860000000000000000e+03 1.254520173128762082e+02
3.880000000000000000e+03 1.412295771402704929e+02
3.900000000000000000e+03 1.223379148059870829e+02
3.920000000000000000e+03 8.485668636740162185e+01
3.940000000000000000e+03 1.541337927492175197e+02
3.960000000000000000e+03 1.281731818297972723e+02
3.980000000000000000e+03 1.615581540154415165e+02
4.000000000000000000e+03 1.652264749248484748e+02
4.020000000000000000e+03 1.452309405717787172e+02
4.040000000000000000e+03 2.029738883341142923e+02
4.060000000000000000e+03 1.759430864343511587e+02
4.080000000000000000e+03 1.819683997308449932e+02
4.100000000000000000e+03 1.988042202495116442e+02
4.120000000000000000e+03 2.015237786020890667e+02
4.140000000000000000e+03 2.048793227786368902e+02
4.160000000000000000e+03 1.564615307342907613e+02
4.180000000000000000e+03 1.902289378419973787e+02
4.200000000000000000e+03 2.110741668630127492e+02
4.220000000000000000e+03 1.932220248553084616e+02
4.240000000000000000e+03 1.825609051709508606e+02
4.260000000000000000e+03 1.604632296782903325e+02
4.280000000000000000e+03 1.919432468019770397e+02
4.300000000000000000e+03 2.162868040184764595e+02
4.320000000000000000e+03 2.104322753501102738e+02
4.340000000000000000e+03 2.193073075385724167e+02
4.360000000000000000e+03 1.923991047443338971e+02
4.380000000000000000e+03 2.508031856665853354e+02
4.400000000000000000e+03 1.768858243405116468e+02
4.420000000000000000e+03 1.901958548962946054e+02
4.440000000000000000e+03 2.282081202131054738e+02
4.460000000000000000e+03 2.118621135584573381e+02
4.480000000000000000e+03 1.750193112297846483e+02
4.500000000000000000e+03 2.045386821790641534e+02
4.520000000000000000e+03 2.272602927297493807e+02
4.540000000000000000e+03 1.813283007968599634e+02
4.560000000000000000e+03 2.214828176394936747e+02
4.580000000000000000e+03 1.434622042949632146e+02
4.600000000000000000e+03 2.100207513677634665e+02
4.620000000000000000e+03 1.000938830558971233e+02
4.640000000000000000e+03 2.233176838936379625e+02
4.660000000000000000e+03 2.287768656380716550e+02
4.680000000000000000e+03 6.933564985454592033e+01
4.700000000000000000e+03 1.439750818943274169e+02
4.720000000000000000e+03 1.490442593964910998e+02
4.740000000000000000e+03 1.951355614777074265e+02
4.760000000000000000e+03 1.738895722859579109e+02
4.780000000000000000e+03 1.913772518052343514e+02
4.800000000000000000e+03 1.947143061715467525e+02
4.820000000000000000e+03 2.146242125490625199e+02
4.840000000000000000e+03 2.017282758342375928e+02
4.860000000000000000e+03 2.453345572649517976e+02
4.880000000000000000e+03 1.777251202343508396e+02
4.900000000000000000e+03 1.716403418160120395e+02
4.920000000000000000e+03 2.189463698426972655e+02
4.940000000000000000e+03 1.965798353839628021e+02
4.960000000000000000e+03 1.685006014399403114e+02
4.980000000000000000e+03 1.890946159944340650e+02
5.000000000000000000e+03 1.891796164254865573e+02
5.020000000000000000e+03 1.876089979116997881e+02
5.040000000000000000e+03 1.419107593513389816e+02
5.060000000000000000e+03 1.521382846433048996e+02
5.080000000000000000e+03 2.112887998596673640e+02
5.100000000000000000e+03 1.573588019520792045e+02
5.120000000000000000e+03 1.885047535461457073e+02
5.140000000000000000e+03 1.494757585440206924e+02
5.160000000000000000e+03 1.225627740484765411e+02
5.180000000000000000e+03 1.975668053159824638e+02
5.200000000000000000e+03 1.741585985137135992e+02
5.220000000000000000e+03 2.455291697436362028e+02
5.240000000000000000e+03 2.075332188693594730e+02
5.260000000000000000e+03 2.066744513397357821e+02
5.280000000000000000e+03 2.111312174337782892e+02
5.300000000000000000e+03 2.445584609368573581e+02
5.320000000000000000e+03 1.926628193154952839e+02
5.340000000000000000e+03 2.290660446119238145e+02
5.360000000000000000e+03 2.259041462277851622e+02
5.380000000000000000e+03 2.161450188393228871e+02
5.400000000000000000e+03 1.542900055959119641e+02
5.420000000000000000e+03 2.415727578921704151e+02
5.440000000000000000e+03 2.153118188049714661e+02
5.460000000000000000e+03 2.250313905620191122e+02
5.480000000000000000e+03 1.890951657782230200e+02
5.500000000000000000e+03 2.208982285237308929e+02
5.520000000000000000e+03 1.691430071814282883e+02
5.540000000000000000e+03 1.911009078656708766e+02
5.560000000000000000e+03 2.146334532227167529e+02
5.580000000000000000e+03 1.722320153282310571e+02
5.600000000000000000e+03 1.985061349516412577e+02
5.620000000000000000e+03 1.760674539643936782e+02
5.640000000000000000e+03 2.272399516747676387e+02
5.660000000000000000e+03 1.549327168737900706e+02
5.680000000000000000e+03 1.966038828516970511e+02
5.700000000000000000e+03 2.087061927649991446e+02
5.720000000000000000e+03 1.199799706227142480e+02
5.740000000000000000e+03 1.184373572755650201e+02
5.760000000000000000e+03 2.264620347647901895e+02
5.780000000000000000e+03 1.786122803358019553e+02
5.800000000000000000e+03 2.379312722563888087e+02
5.820000000000000000e+03 1.132415125031126024e+02
5.840000000000000000e+03 1.959541418715762120e+02
5.860000000000000000e+03 2.524889912190721475e+02
5.880000000000000000e+03 2.637232135021552608e+02
5.900000000000000000e+03 2.613543984926866983e+02
5.920000000000000000e+03 1.823457134683989125e+02
5.940000000000000000e+03 1.871204378396760717e+02
5.960000000000000000e+03 2.508393881657320890e+02
5.980000000000000000e+03 1.911884535829233016e+02
6.000000000000000000e+03 1.795673672069062832e+02
6.020000000000000000e+03 1.518508737378959381e+02
6.040000000000000000e+03 2.001331850344782310e+02
6.060000000000000000e+03 1.840325288411354450e+02
6.080000000000000000e+03 1.842804144567326716e+02
6.100000000000000000e+03 1.894357203933800520e+02
6.120000000000000000e+03 2.181626173114170228e+02
6.140000000000000000e+03 2.282028639930115901e+02
6.160000000000000000e+03 2.125836052787305164e+02
6.180000000000000000e+03 2.496118075696617780e+02
6.200000000000000000e+03 1.928088007336809255e+02
6.220000000000000000e+03 1.882553209195517354e+02
6.240000000000000000e+03 1.172781397140333439e+02
6.260000000000000000e+03 1.881615183511715941e+02
6.280000000000000000e+03 1.199243731803561985e+02
6.300000000000000000e+03 2.321443113509046725e+02
6.320000000000000000e+03 2.293718570740053906e+02
6.340000000000000000e+03 1.995886065221517356e+02
6.360000000000000000e+03 1.861822762018096000e+02
6.380000000000000000e+03 1.541543574486494776e+02
6.400000000000000000e+03 1.824213253711054392e+02
6.420000000000000000e+03 2.112185355483239562e+02
6.440000000000000000e+03 2.045997507600016547e+02
6.460000000000000000e+03 2.368963611873045068e+02
6.480000000000000000e+03 1.960557832077201681e+02
6.500000000000000000e+03 1.538964487444241911e+02
6.520000000000000000e+03 1.737160867395145374e+02
6.540000000000000000e+03 1.846401303652449428e+02
6.560000000000000000e+03 1.471515286151617090e+02
6.580000000000000000e+03 1.918600031777132244e+02
6.600000000000000000e+03 1.811364685658698477e+02
6.620000000000000000e+03 1.743339702299835494e+02
6.640000000000000000e+03 8.912712268030362850e+01
6.660000000000000000e+03 1.421321199284055581e+02
6.680000000000000000e+03 1.650466524895836073e+02
6.700000000000000000e+03 1.685267184767209869e+02
6.720000000000000000e+03 1.867147860859979289e+02
6.740000000000000000e+03 1.803110383016664287e+02
6.760000000000000000e+03 1.626022442773236207e+02
6.780000000000000000e+03 1.123242551913026546e+02
6.800000000000000000e+03 1.395630178376409560e+02
6.820000000000000000e+03 1.807191855631360511e+02
6.840000000000000000e+03 2.042485706567484272e+02
6.860000000000000000e+03 2.078263728185710875e+02
6.880000000000000000e+03 1.759415845161940126e+02
6.900000000000000000e+03 1.533490285098220340e+02
6.920000000000000000e+03 1.704174884658737881e+02
6.940000000000000000e+03 1.991311460078879350e+02
6.960000000000000000e+03 1.474430619548703589e+02
6.980000000000000000e+03 2.050983814427403900e+02
7.000000000000000000e+03 1.751534827166741479e+02
7.020000000000000000e+03 1.951159930422602429e+02
7.040000000000000000e+03 1.747186799066900278e+02
7.060000000000000000e+03 1.976330370610949387e+02
7.080000000000000000e+03 1.573626270997484937e+02
7.100000000000000000e+03 1.424841434571465300e+02
7.120000000000000000e+03 1.235088521262913162e+02
7.140000000000000000e+03 1.495278864701011514e+02
7.160000000000000000e+03 1.670844051966748225e+02
7.180000000000000000e+03 6.275489975089701744e+01
7.200000000000000000e+03 1.611133281629429916e+02
7.220000000000000000e+03 1.194244215143807395e+02
7.240000000000000000e+03 1.717728407320256565e+02
7.260000000000000000e+03 2.115314309116552636e+02
7.280000000000000000e+03 1.595447694480031373e+02
7.300000000000000000e+03 1.142957439771892894e+02
7.320000000000000000e+03 1.822591181330347183e+02
7.340000000000000000e+03 1.724749327332978055e+02
7.360000000000000000e+03 1.596546037520885761e+02
7.380000000000000000e+03 1.170965469955412743e+02
7.400000000000000000e+03 1.182492447472215815e+02
7.420000000000000000e+03 1.547642638885759254e+02
7.440000000000000000e+03 2.204209736456681128e+02
7.460000000000000000e+03 1.971360246887815038e+02
7.480000000000000000e+03 1.671263753690910221e+02
7.500000000000000000e+03 1.928746259152496521e+02
7.520000000000000000e+03 1.678124580110293778e+02
7.540000000000000000e+03 1.559792473112818811e+02
7.560000000000000000e+03 2.134541065011299565e+02
7.580000000000000000e+03 1.216086362128981193e+02
7.600000000000000000e+03 1.008282006965692403e+02
7.620000000000000000e+03 1.793399274981619271e+02
7.640000000000000000e+03 1.850949634817783078e+02
7.660000000000000000e+03 2.091934023553940847e+02
7.680000000000000000e+03 1.773390771581621834e+02
7.700000000000000000e+03 1.908678027200915324e+02
7.720000000000000000e+03 2.170128695238148850e+02
7.740000000000000000e+03 2.269490213123006015e+02
7.760000000000000000e+03 1.368216679337918151e+02
7.780000000000000000e+03 1.313980621874167127e+02
7.800000000000000000e+03 1.875898027648109405e+02
7.820000000000000000e+03 1.781946005519719733e+02
7.840000000000000000e+03 2.133368433459364439e+02
7.860000000000000000e+03 1.662917777645528759e+02
7.880000000000000000e+03 7.453939927845559055e+01
7.900000000000000000e+03 1.787977239208677247e+02
7.920000000000000000e+03 2.040826501470963592e+02
7.940000000000000000e+03 1.186975593277538508e+02
7.960000000000000000e+03 1.771321555878634513e+02
7.980000000000000000e+03 2.109133632523748361e+02
