0.000000000000000000e+00 -2.076557930627467670e+02
2.000000000000000000e+01 -2.022699716439364579e+02
4.000000000000000000e+01 -1.530907860501418725e+02
6.000000000000000000e+01 -9.760918560658730314e+01
8.000000000000000000e+01 -9.307122007661247665e+01
1.000000000000000000e+02 -1.148857669012822669e+02
1.200000000000000000e+02 -8.112148499046294603e+01
1.400000000000000000e+02 -9.014536313245714894e+01
1.600000000000000000e+02 -6.963305904954528103e+01
1.800000000000000000e+02 -4.641787517343651359e+01
2.000000000000000000e+02 -5.012805055302042234e+01
2.200000000000000000e+02 -5.084927747114267049e+01
2.400000000000000000e+02 -3.934087895539802560e+01
2.600000000000000000e+02 -4.172618523765854803e+01
2.800000000000000000e+02 -2.696404109071067268e+01
3.000000000000000000e+02 -1.081906609580692269e+01
3.200000000000000000e+02 -2.884975701276060889e+01
3.400000000000000000e+02 -2.147472822960153138e+01
3.600000000000000000e+02 1.495468145646259472e+01
3.800000000000000000e+02 -8.818044621819373319e+00
4.000000000000000000e+02 9.028400900139714746e-01
4.200000000000000000e+02 -1.700846824671487667e+01
4.400000000000000000e+02 1.405750319589137876e+00
4.600000000000000000e+02 1.617044854915583585e+01
4.800000000000000000e+02 1.684819088184075753e+01
5.000000000000000000e+02 3.204457990263584577e+01
5.200000000000000000e+02 2.584095971218384236e+01
5.400000000000000000e+02 3.566971429671112048e+01
5.600000000000000000e+02 2.458792384352944893e+01
5.800000000000000000e+02 2.510104459265577503e+01
6.000000000000000000e+02 3.546713399182893056e+01
6.200000000000000000e+02 2.831813320603626494e+01
6.400000000000000000e+02 -1.462174575441459012e+01
6.600000000000000000e+02 9.410766768999956344e-01
6.800000000000000000e+02 2.679172337002767179e+01
7.000000000000000000e+02 -6.503547162972994045e+01
7.200000000000000000e+02 -5.489241887888771032e+01
7.400000000000000000e+02 4.477335333123645711e+01
7.600000000000000000e+02 -3.830792158578179674e+00
7.800000000000000000e+02 -4.877375271567934334e+01
8.000000000000000000e+02 -2.556557582603737089e+01
8.200000000000000000e+02 -3.689970241492692082e+01
8.400000000000000000e+02 1.801910985860213898e+01
8.600000000000000000e+02 -1.350760504485867273e+02
8.800000000000000000e+02 -1.505930887667116735e+02
9.000000000000000000e+02 3.845010958007000568e+01
9.200000000000000000e+02 -8.239335173221530084e+00
9.400000000000000000e+02 8.775214755633366792e+01
9.600000000000000000e+02 8.469990566700796819e+01
9.800000000000000000e+02 5.300701964379332765e+01
1.000000000000000000e+03 9.391634515864969046e+01
1.020000000000000000e+03 3.349228240827310543e+01
1.040000000000000000e+03 4.754813827536871429e+01
1.060000000000000000e+03 1.098798280649569534e+02
1.080000000000000000e+03 8.381096776085928468e+01
1.100000000000000000e+03 3.147579711773329336e+01
1.120000000000000000e+03 6.809009572291861900e+01
1.140000000000000000e+03 1.020436463558668976e+02
1.160000000000000000e+03 1.062751071455336103e+02
1.180000000000000000e+03 7.556988262109413768e+01
1.200000000000000000e+03 7.630008937689822801e+01
1.220000000000000000e+03 1.058592824685243414e+02
1.240000000000000000e+03 8.306468509706948566e+01
1.260000000000000000e+03 1.110740482237140014e+02
1.280000000000000000e+03 1.050547801955953275e+02
1.300000000000000000e+03 7.275589380357450864e+01
1.320000000000000000e+03 6.495522967016169957e+01
1.340000000000000000e+03 1.049130610422375156e+02
1.360000000000000000e+03 9.914786353858266921e+01
1.380000000000000000e+03 1.267244163260860432e+02
1.400000000000000000e+03 1.239589122253296694e+02
1.420000000000000000e+03 1.141121503569431468e+02
1.440000000000000000e+03 1.417858104141006947e+02
1.460000000000000000e+03 1.121789290498752223e+02
1.480000000000000000e+03 1.489648683289273663e+02
1.500000000000000000e+03 1.220601995816809193e+02
1.520000000000000000e+03 8.561457022818919427e+01
1.540000000000000000e+03 8.567175413060893163e+01
1.560000000000000000e+03 1.244691669420288918e+02
1.580000000000000000e+03 1.294894690990656159e+02
1.600000000000000000e+03 1.334831035787871656e+02
1.620000000000000000e+03 8.781141207456514053e+01
1.640000000000000000e+03 1.076359941251389216e+02
1.660000000000000000e+03 1.332581803342933142e+02
1.680000000000000000e+03 1.162052158972383893e+02
1.700000000000000000e+03 1.055553925768809904e+02
1.720000000000000000e+03 1.197732814280269906e+02
1.740000000000000000e+03 1.064833747194252282e+02
1.760000000000000000e+03 7.624778083013582375e+01
1.780000000000000000e+03 1.311676516951962412e+02
1.800000000000000000e+03 9.240387215431366030e+01
1.820000000000000000e+03 8.444931876145680860e+01
1.840000000000000000e+03 1.232538985834637941e+02
1.860000000000000000e+03 1.036307422841700543e+02
1.880000000000000000e+03 1.375801476380862027e+02
1.900000000000000000e+03 1.318011040543960348e+02
1.920000000000000000e+03 1.066052575777872846e+02
1.940000000000000000e+03 1.572819858166467384e+02
1.960000000000000000e+03 1.006214706481536751e+02
1.980000000000000000e+03 1.190971208750130188e+02
2.000000000000000000e+03 1.147756551514162595e+02
2.020000000000000000e+03 1.006293601450838366e+02
2.040000000000000000e+03 1.082514234307172529e+02
2.060000000000000000e+03 1.330440109369879451e+02
2.080000000000000000e+03 1.349066806616287977e+02
2.100000000000000000e+03 1.423071721970530632e+02
2.120000000000000000e+03 1.286971026191515932e+02
2.140000000000000000e+03 1.149667327724922217e+02
2.160000000000000000e+03 1.276630002399075039e+02
2.180000000000000000e+03 1.210191966155352077e+02
2.200000000000000000e+03 1.211036003382801880e+02
2.220000000000000000e+03 1.679606475364416269e+02
2.240000000000000000e+03 1.193009576980603725e+02
2.260000000000000000e+03 4.528864225284901579e+01
2.280000000000000000e+03 1.290102400534475180e+01
2.300000000000000000e+03 -1.372943054020558407e+02
2.320000000000000000e+03 5.361686974866427136e+01
2.340000000000000000e+03 1.485007423654060119e+02
2.360000000000000000e+03 1.201190218873829281e+02
2.380000000000000000e+03 1.379106557117885359e+02
2.400000000000000000e+03 1.360869642999462314e+02
2.420000000000000000e+03 1.556303292189337810e+02
2.440000000000000000e+03 1.563092816639655780e+02
2.460000000000000000e+03 1.150201243752339195e+02
2.480000000000000000e+03 1.422739941004529669e+02
2.500000000000000000e+03 1.530816395141571888e+02
2.520000000000000000e+03 1.197171995601458718e+02
2.540000000000000000e+03 1.443047386219578243e+02
2.560000000000000000e+03 1.368967355833703721e+02
2.580000000000000000e+03 1.483095347842142360e+02
2.600000000000000000e+03 1.346966745185405330e+02
2.620000000000000000e+03 1.440111887624135818e+02
2.640000000000000000e+03 1.483622400695044519e+02
2.660000000000000000e+03 1.344587672033030117e+02
2.680000000000000000e+03 1.495247296820900260e+02
2.700000000000000000e+03 1.584349601098359130e+02
2.720000000000000000e+03 1.777827480026284661e+02
2.740000000000000000e+03 1.211552781421911504e+02
2.760000000000000000e+03 1.525900943938078171e+02
2.780000000000000000e+03 1.601909475808323009e+02
2.800000000000000000e+03 1.479069699717307742e+02
2.820000000000000000e+03 1.316133217648713867e+02
2.840000000000000000e+03 1.296436706457845389e+02
2.860000000000000000e+03 1.319083400885434116e+02
2.880000000000000000e+03 1.136066580348951192e+02
2.900000000000000000e+03 1.067766012173712653e+02
2.920000000000000000e+03 1.167757001310434788e+02
2.940000000000000000e+03 1.482259559816880312e+02
2.960000000000000000e+03 1.503400129067424018e+02
2.980000000000000000e+03 1.472957432960498636e+02
3.000000000000000000e+03 1.533752805368493455e+02
3.020000000000000000e+03 1.498917831673859951e+02
3.040000000000000000e+03 1.466189395606357948e+02
3.060000000000000000e+03 1.653613674966472331e+02
3.080000000000000000e+03 1.444613928062099717e+02
3.100000000000000000e+03 1.360876226318577551e+02
3.120000000000000000e+03 1.515171022125893501e+02
3.140000000000000000e+03 1.383514264666001736e+02
3.160000000000000000e+03 1.484211064335400749e+02
3.180000000000000000e+03 1.510108437954328622e+02
3.200000000000000000e+03 1.431352157222248138e+02
3.220000000000000000e+03 7.857496346308440138e+01
3.240000000000000000e+03 1.547758117113184539e+02
3.260000000000000000e+03 1.390798295116388488e+02
3.280000000000000000e+03 1.383373243845127831e+02
3.300000000000000000e+03 1.623155072689937697e+02
3.320000000000000000e+03 1.367767912089937283e+02
3.340000000000000000e+03 1.818979838941468472e+02
3.360000000000000000e+03 1.504492370066901685e+02
3.380000000000000000e+03 1.279060477284292148e+02
3.400000000000000000e+03 1.763653355964408433e+02
3.420000000000000000e+03 1.777014221441676511e+02
3.440000000000000000e+03 1.786804312071130596e+02
3.460000000000000000e+03 1.758837823439459100e+02
3.480000000000000000e+03 1.690786469239459677e+02
3.500000000000000000e+03 1.234832378907330224e+02
3.520000000000000000e+03 1.281386349216232361e+02
3.540000000000000000e+03 1.201097873428657010e+02
3.560000000000000000e+03 1.527175085701342709e+02
3.580000000000000000e+03 1.516196012014929408e+02
3.600000000000000000e+03 1.129095110805477162e+02
3.620000000000000000e+03 1.416260782275073211e+02
3.640000000000000000e+03 1.034306770921387368e+02
3.660000000000000000e+03 1.092003477320443352e+02
3.680000000000000000e+03 1.257131035670520305e+02
3.700000000000000000e+03 1.077091000056793746e+02
3.720000000000000000e+03 1.103960688095010028e+02
3.740000000000000000e+03 1.580591088091921961e+02
3.760000000000000000e+03 1.297757927558378697e+02
3.780000000000000000e+03 1.263743319493047039e+02
3.800000000000000000e+03 1.374773586910128529e+02
3.820000000000000000e+03 1.748153189253454798e+02
3.840000000000000000e+03 1.769589070302796756e+02
3.860000000000000000e+03 1.790659204048532160e+02
3.880000000000000000e+03 1.895765602083937722e+02
3.900000000000000000e+03 1.923847312432905596e+02
3.920000000000000000e+03 1.874667548089377647e+02
3.940000000000000000e+03 2.118488741858747630e+02
3.960000000000000000e+03 1.990294343797133365e+02
3.980000000000000000e+03 2.127276582268140430e+02
4.000000000000000000e+03 1.899418297972453331e+02
4.020000000000000000e+03 1.490905436978410137e+02
4.040000000000000000e+03 2.254199894328537539e+02
4.060000000000000000e+03 2.078289405067310440e+02
4.080000000000000000e+03 2.294629134866839593e+02
4.100000000000000000e+03 1.900620316474060871e+02
4.120000000000000000e+03 1.676418142645171372e+02
4.140000000000000000e+03 1.867183128649345178e+02
4.160000000000000000e+03 1.646531835282707448e+02
4.180000000000000000e+03 1.864034100650037260e+02
4.200000000000000000e+03 1.835092484408361884e+02
4.220000000000000000e+03 2.086502751418952926e+02
4.240000000000000000e+03 1.480809760643857658e+02
4.260000000000000000e+03 1.665570486340945706e+02
4.280000000000000000e+03 1.429047124976239331e+02
4.300000000000000000e+03 1.721081547916962222e+02
4.320000000000000000e+03 1.211304417912400169e+02
4.340000000000000000e+03 1.486660302850819733e+02
4.360000000000000000e+03 2.009219881420413287e+02
4.380000000000000000e+03 1.744406641334487063e+02
4.400000000000000000e+03 1.900235133917586836e+02
4.420000000000000000e+03 1.996021258840485757e+02
4.440000000000000000e+03 1.581509464728483465e+02
4.460000000000000000e+03 1.424065378894063656e+02
4.480000000000000000e+03 1.649116331897613179e+02
4.500000000000000000e+03 1.792642895349145533e+02
4.520000000000000000e+03 1.534803410603651912e+02
4.540000000000000000e+03 1.190773563297940711e+02
4.560000000000000000e+03 1.159351643648130477e+02
4.580000000000000000e+03 1.803091103672389295e+02
4.600000000000000000e+03 2.045515304805988421e+02
4.620000000000000000e+03 2.024182820482927241e+02
4.640000000000000000e+03 2.014269492009083820e+02
4.660000000000000000e+03 2.512889552137816622e+02
4.680000000000000000e+03 2.071248684624630982e+02
4.700000000000000000e+03 1.863988367058698259e+02
4.720000000000000000e+03 1.483016008125839562e+02
4.740000000000000000e+03 1.721817590583597450e+02
4.760000000000000000e+03 2.316533169756533539e+02
4.780000000000000000e+03 1.812376838135556056e+02
4.800000000000000000e+03 1.697523618338651090e+02
4.820000000000000000e+03 1.511732670424746061e+02
4.840000000000000000e+03 1.311791209191158600e+02
4.860000000000000000e+03 1.553502641411664342e+02
4.880000000000000000e+03 1.829013532603721046e+02
4.900000000000000000e+03 1.539044065890268485e+02
4.920000000000000000e+03 1.206833147231060792e+02
4.940000000000000000e+03 1.870478330810000216e+02
4.960000000000000000e+03 1.704449998765351211e+02
4.980000000000000000e+03 1.877969815718392113e+02
5.000000000000000000e+03 1.944582165502869486e+02
5.020000000000000000e+03 1.911690900667518633e+02
5.040000000000000000e+03 2.164500998546100732e+02
5.060000000000000000e+03 2.058266891255723294e+02
5.080000000000000000e+03 2.129832243839835542e+02
5.100000000000000000e+03 2.058282322376839488e+02
5.120000000000000000e+03 1.682181640645456753e+02
5.140000000000000000e+03 1.404433735174907838e+02
5.160000000000000000e+03 1.884329899601080456e+02
5.180000000000000000e+03 2.305780600971344541e+02
5.200000000000000000e+03 1.978269566487271618e+02
5.220000000000000000e+03 1.660182591455989609e+02
5.240000000000000000e+03 1.737334119356475242e+02
5.260000000000000000e+03 1.577234483542162877e+02
5.280000000000000000e+03 1.947186616243148478e+02
5.300000000000000000e+03 1.991953017268408246e+02
5.320000000000000000e+03 2.017895095532724099e+02
5.340000000000000000e+03 2.113176614764324768e+02
5.360000000000000000e+03 2.121615682683755608e+02
5.380000000000000000e+03 2.120918361473331117e+02
5.400000000000000000e+03 2.338871672489154605e+02
5.420000000000000000e+03 1.728677288285386737e+02
5.440000000000000000e+03 2.013745326490169987e+02
5.460000000000000000e+03 1.749822096431011573e+02
5.480000000000000000e+03 1.465084703365669156e+02
5.500000000000000000e+03 9.181485270733149662e+01
5.520000000000000000e+03 1.158106799949603811e+02
5.540000000000000000e+03 1.500829895712262783e+02
5.560000000000000000e+03 1.406002580634954029e+02
5.580000000000000000e+03 1.365251104560032331e+02
5.600000000000000000e+03 1.816246686923925608e+02
5.620000000000000000e+03 1.674312969617008946e+02
5.640000000000000000e+03 1.725430652424346363e+02
5.660000000000000000e+03 2.026092967839902599e+02
5.680000000000000000e+03 2.014706300530995406e+02
5.700000000000000000e+03 1.972875065467928266e+02
5.720000000000000000e+03 1.242812481324378098e+02
5.740000000000000000e+03 1.710625602494207271e+02
5.760000000000000000e+03 1.456354592600352476e+02
5.780000000000000000e+03 1.535006266805403925e+02
5.800000000000000000e+03 1.665765736816815092e+02
5.820000000000000000e+03 1.620451340573141010e+02
5.840000000000000000e+03 1.607009873996038891e+02
5.860000000000000000e+03 1.940866860162209946e+02
5.880000000000000000e+03 1.718489702099750218e+02
5.900000000000000000e+03 1.895225449320018356e+02
5.920000000000000000e+03 1.797921475946679664e+02
5.940000000000000000e+03 2.067193524235813697e+02
5.960000000000000000e+03 1.839055478941792217e+02
5.980000000000000000e+03 2.106142955629096036e+02
6.000000000000000000e+03 1.472768433464333668e+02
6.020000000000000000e+03 1.206098462110674774e+02
6.040000000000000000e+03 1.119048284213353384e+02
6.060000000000000000e+03 1.757699645237550499e+02
6.080000000000000000e+03 9.493062261865502194e+01
6.100000000000000000e+03 1.164171058567618218e+02
6.120000000000000000e+03 1.514492378711912579e+02
6.140000000000000000e+03 1.458877172851721866e+02
6.160000000000000000e+03 7.620869331424746917e+01
6.180000000000000000e+03 1.626948895396104433e+02
6.200000000000000000e+03 2.460347531879533562e+02
6.220000000000000000e+03 2.117413643731462400e+02
6.240000000000000000e+03 2.010802093395230656e+02
6.260000000000000000e+03 2.240463300870030139e+02
6.280000000000000000e+03 2.001684580756001992e+02
6.300000000000000000e+03 2.085384830330372949e+02
6.320000000000000000e+03 1.361211632217280112e+02
6.340000000000000000e+03 1.457865493063656288e+02
6.360000000000000000e+03 1.685194449659032614e+02
6.380000000000000000e+03 1.820373112006849965e+02
6.400000000000000000e+03 1.777085106162103898e+02
6.420000000000000000e+03 1.810054751190614581e+02
6.440000000000000000e+03 1.994154678576661581e+02
6.460000000000000000e+03 1.744337134882720193e+02
6.480000000000000000e+03 1.885948793847246634e+02
6.500000000000000000e+03 1.324485349184112408e+02
6.520000000000000000e+03 1.503713200076288672e+02
6.540000000000000000e+03 1.639034416568803465e+02
6.560000000000000000e+03 1.789373032405377444e+02
6.580000000000000000e+03 1.481579663057376024e+02
6.600000000000000000e+03 1.920207535034155057e+02
6.620000000000000000e+03 2.113723831609647164e+02
6.640000000000000000e+03 1.995136203425874157e+02
6.660000000000000000e+03 2.283945065568172197e+02
6.680000000000000000e+03 2.275853131116551538e+02
6.700000000000000000e+03 1.773612799528480650e+02
6.720000000000000000e+03 2.292831708273755282e+02
6.740000000000000000e+03 1.319815854943999511e+02
6.760000000000000000e+03 1.159014389753589995e+02
6.780000000000000000e+03 1.499120421289203477e+02
6.800000000000000000e+03 1.689255232789479066e+02
6.820000000000000000e+03 1.749571108638861006e+02
6.840000000000000000e+03 1.510703595005964246e+02
6.860000000000000000e+03 1.238154025575636581e+02
6.880000000000000000e+03 1.310449972085813215e+02
6.900000000000000000e+03 1.523919893165669066e+02
6.920000000000000000e+03 1.513636306368010480e+02
6.940000000000000000e+03 1.909122482126046236e+02
6.960000000000000000e+03 1.511028216096117092e+02
6.980000000000000000e+03 1.979285265338340878e+02
7.000000000000000000e+03 2.315992944230250998e+02
7.020000000000000000e+03 1.506100907743895334e+02
7.040000000000000000e+03 1.060612667152574460e+02
7.060000000000000000e+03 2.043366807907839018e+02
7.080000000000000000e+03 2.420012106289132703e+02
7.100000000000000000e+03 1.263169654579664893e+02
7.120000000000000000e+03 1.130449751390375184e+02
7.140000000000000000e+03 2.328859491133858342e+02
7.160000000000000000e+03 1.507491118054589663e+02
7.180000000000000000e+03 1.316686392651091069e+02
7.200000000000000000e+03 1.874265857962224402e+02
7.220000000000000000e+03 1.952399388001616956e+02
7.240000000000000000e+03 1.385398996976113892e+02
7.260000000000000000e+03 1.506532226319617678e+02
7.280000000000000000e+03 1.077164820104147793e+02
7.300000000000000000e+03 2.231232173595395523e+02
7.320000000000000000e+03 1.638334225849580434e+02
7.340000000000000000e+03 1.254821478890156214e+02
7.360000000000000000e+03 1.769920074618979413e+02
7.380000000000000000e+03 1.845001063980086542e+02
7.400000000000000000e+03 1.845648959391871244e+02
7.420000000000000000e+03 1.261978569644004438e+02
7.440000000000000000e+03 1.756294355928561401e+02
7.460000000000000000e+03 1.452727551431753170e+02
7.480000000000000000e+03 1.891051427943090459e+02
7.500000000000000000e+03 1.544110342790050652e+02
7.520000000000000000e+03 1.972244164260691264e+02
7.540000000000000000e+03 1.612833443713680595e+02
7.560000000000000000e+03 1.507951856592630122e+02
7.580000000000000000e+03 1.948713236048739077e+02
7.600000000000000000e+03 1.129321756133968790e+02
7.620000000000000000e+03 1.594435370450660798e+02
7.640000000000000000e+03 7.202727269789914999e+01
7.660000000000000000e+03 6.119579410930957408e+01
7.680000000000000000e+03 1.589773922968101374e+02
7.700000000000000000e+03 1.369440578168056675e+02
7.720000000000000000e+03 1.542188647765166536e+02
7.740000000000000000e+03 1.456873085190279085e+02
7.760000000000000000e+03 1.500849637568192634e+02
7.780000000000000000e+03 1.514102758382501577e+02
7.800000000000000000e+03 1.776753511243201729e+02
7.820000000000000000e+03 1.159534531643780610e+02
7.840000000000000000e+03 1.303132841639104527e+02
7.860000000000000000e+03 1.775661223206704449e+02
7.880000000000000000e+03 2.474231803377375343e+02
7.900000000000000000e+03 1.920618220163926821e+02
7.920000000000000000e+03 1.060192624136880113e+02
7.940000000000000000e+03 1.489055809822244498e+02
7.960000000000000000e+03 1.835816970309830936e+02
7.980000000000000000e+03 1.616107402026695752e+02
