0.000000000000000000e+00 -2.091650867461011387e+02
2.000000000000000000e+01 -1.265876941922211643e+02
4.000000000000000000e+01 -1.402692404473477268e+02
6.000000000000000000e+01 -1.136592575415965030e+02
8.000000000000000000e+01 -1.061712901293302167e+02
1.000000000000000000e+02 -5.378216793166718901e+01
1.200000000000000000e+02 -5.460365963398599121e+01
1.400000000000000000e+02 -8.446321772524484572e+01
1.600000000000000000e+02 -7.687536745657109805e+01
1.800000000000000000e+02 -5.681223551859246612e+01
2.000000000000000000e+02 -1.206471151934128017e+01
2.200000000000000000e+02 1.757175137211527982e+01
2.400000000000000000e+02 1.295664383188695368e+01
2.600000000000000000e+02 2.644977532654214158e+01
2.800000000000000000e+02 6.980651046534032389e+01
3.000000000000000000e+02 1.460309361229282921e+01
3.200000000000000000e+02 4.453213543834412036e+01
3.400000000000000000e+02 4.970880869309662842e+01
3.600000000000000000e+02 2.255224006413698135e+01
3.800000000000000000e+02 4.547405241296047507e+01
4.000000000000000000e+02 7.029913547898709680e+01
4.200000000000000000e+02 3.854867137091989804e+01
4.400000000000000000e+02 6.272111776981714826e+01
4.600000000000000000e+02 1.034665933382325136e+02
4.800000000000000000e+02 1.185281360648341007e+02
5.000000000000000000e+02 1.067923221064980197e+02
5.200000000000000000e+02 8.556426346306527364e+01
5.400000000000000000e+02 7.590780976341423525e+01
5.600000000000000000e+02 1.431603553801505484e+02
5.800000000000000000e+02 1.156038659889219105e+02
6.000000000000000000e+02 9.800282680912862077e+01
6.200000000000000000e+02 9.934903492906495615e+01
6.400000000000000000e+02 1.169128183432607813e+02
6.600000000000000000e+02 1.343019241635614094e+02
6.800000000000000000e+02 9.404130980568196208e+01
7.000000000000000000e+02 1.049523583715059942e+02
7.200000000000000000e+02 1.140930101124367440e+02
7.400000000000000000e+02 1.159079632141353642e+02
7.600000000000000000e+02 1.474536434184813629e+02
7.800000000000000000e+02 9.667699251020499673e+01
8.000000000000000000e+02 1.044044245947569181e+02
8.200000000000000000e+02 9.820525745403440965e+01
8.400000000000000000e+02 1.163070499759308234e+02
8.600000000000000000e+02 1.060348122448297801e+02
8.800000000000000000e+02 9.698676346581159180e+01
9.000000000000000000e+02 1.125793146271644645e+02
9.200000000000000000e+02 1.187655870578386157e+02
9.400000000000000000e+02 7.701710426551775868e+01
9.600000000000000000e+02 1.208255717425460034e+02
9.800000000000000000e+02 1.023385606068473805e+02
1.000000000000000000e+03 1.272631161710743726e+02
1.020000000000000000e+03 6.211701684024949088e+01
1.040000000000000000e+03 9.879483329654324564e+01
1.060000000000000000e+03 1.054033893328275582e+02
1.080000000000000000e+03 6.301954894168494548e+01
1.100000000000000000e+03 6.159800435134011565e+01
1.120000000000000000e+03 8.001217932378700937e+01
1.140000000000000000e+03 1.220594060409849106e+02
1.160000000000000000e+03 9.765072171744282059e+01
1.180000000000000000e+03 1.493718499633794465e+02
1.200000000000000000e+03 9.797141379702604524e+01
1.220000000000000000e+03 1.018264414165878122e+02
1.240000000000000000e+03 1.308154337697260701e+02
1.260000000000000000e+03 9.643365387601591010e+01
1.280000000000000000e+03 7.356723441295588373e+01
1.300000000000000000e+03 1.017973478002873549e+02
1.320000000000000000e+03 1.247964047641441141e+02
1.340000000000000000e+03 1.524777556099632534e+02
1.360000000000000000e+03 1.321749152574598725e+02
1.380000000000000000e+03 1.353113668517370911e+02
1.400000000000000000e+03 1.570618422421222817e+02
1.420000000000000000e+03 1.178719776049184702e+02
1.440000000000000000e+03 1.092909219939895422e+02
1.460000000000000000e+03 1.459983954042455991e+02
1.480000000000000000e+03 1.382846590029013214e+02
1.500000000000000000e+03 1.503919150660575497e+02
1.520000000000000000e+03 1.521590708420154954e+02
1.540000000000000000e+03 1.367164259426152171e+02
1.560000000000000000e+03 7.697459672286484533e+01
1.580000000000000000e+03 5.485182253862639357e+01
1.600000000000000000e+03 5.459522846839739429e+01
1.620000000000000000e+03 -1.210484151150331833e+01
1.640000000000000000e+03 4.158216055837633007e+01
1.660000000000000000e+03 8.181596391037706439e+01
1.680000000000000000e+03 -6.475214235273146990e+00
1.700000000000000000e+03 2.732773228949059785e+01
1.720000000000000000e+03 2.402980938098621522e+01
1.740000000000000000e+03 1.247236160036094788e+02
1.760000000000000000e+03 5.817938327037277446e+01
1.780000000000000000e+03 9.682553862048979454e+01
1.800000000000000000e+03 9.661812282835349208e+01
1.820000000000000000e+03 8.703618219819600199e+01
1.840000000000000000e+03 9.318314820785674613e+01
1.860000000000000000e+03 6.895629312596976490e+01
1.880000000000000000e+03 1.059540773831235612e+02
1.900000000000000000e+03 7.902188037000053100e+01
1.920000000000000000e+03 7.790681376154454085e+01
1.940000000000000000e+03 -1.048348000986908346e+01
1.960000000000000000e+03 1.159619177465990987e+02
1.980000000000000000e+03 8.892283464210491672e+01
2.000000000000000000e+03 5.670252175625771685e+01
2.020000000000000000e+03 9.063811108100229319e+01
2.040000000000000000e+03 1.268383994327399904e+02
2.060000000000000000e+03 1.442602257220517856e+02
2.080000000000000000e+03 1.202214540870843820e+02
2.100000000000000000e+03 1.310112349988655183e+02
2.120000000000000000e+03 1.406277421461433619e+02
2.140000000000000000e+03 1.286974150082521930e+02
2.160000000000000000e+03 1.515983836731243741e+02
2.180000000000000000e+03 1.469215075707016354e+02
2.200000000000000000e+03 1.369594137959955447e+02
2.220000000000000000e+03 1.200340160906240214e+02
2.240000000000000000e+03 1.382317408101631315e+02
2.260000000000000000e+03 1.302775334875317697e+02
2.280000000000000000e+03 1.312304889070851459e+02
2.300000000000000000e+03 1.335026969548457316e+02
2.320000000000000000e+03 1.443216659692338055e+02
2.340000000000000000e+03 1.414803852179560977e+02
2.360000000000000000e+03 1.468983774913556886e+02
2.380000000000000000e+03 9.867084513542545210e+01
2.400000000000000000e+03 1.263726590188704932e+02
2.420000000000000000e+03 1.381833329923118470e+02
2.440000000000000000e+03 1.098021604198155927e+02
2.460000000000000000e+03 1.506537519859072631e+02
2.480000000000000000e+03 1.177283708108412128e+02
2.500000000000000000e+03 1.277289437462390822e+02
2.520000000000000000e+03 1.351610667628851843e+02
2.540000000000000000e+03 1.230039897780340681e+02
2.560000000000000000e+03 1.179910952981347663e+02
2.580000000000000000e+03 8.766832156478771765e+01
2.600000000000000000e+03 9.786005219733752369e+01
2.620000000000000000e+03 1.537661726189500655e+02
2.640000000000000000e+03 1.142662091182923660e+02
2.660000000000000000e+03 1.193426754876886946e+02
2.680000000000000000e+03 1.002262352267740937e+02
2.700000000000000000e+03 1.340393877610039226e+02
2.720000000000000000e+03 1.303976260289374522e+02
2.740000000000000000e+03 1.006008916669992743e+02
2.760000000000000000e+03 9.455690081807691172e+01
2.780000000000000000e+03 1.095796719322245281e+02
2.800000000000000000e+03 1.399258695834110711e+02
2.820000000000000000e+03 1.192957699673710295e+02
2.840000000000000000e+03 1.226776602347749758e+02
2.860000000000000000e+03 1.126561397670562172e+02
2.880000000000000000e+03 1.524559730210442581e+02
2.900000000000000000e+03 9.856544709433731555e+01
2.920000000000000000e+03 1.437922541626153077e+02
2.940000000000000000e+03 1.448172706161050485e+02
2.960000000000000000e+03 1.281273397820341415e+02
2.980000000000000000e+03 1.314016985242431588e+02
3.000000000000000000e+03 1.294856205290332696e+02
3.020000000000000000e+03 1.247921309793671014e+02
3.040000000000000000e+03 1.258190657668661316e+02
3.060000000000000000e+03 1.266486133061315940e+02
3.080000000000000000e+03 1.138357449758586881e+02
3.100000000000000000e+03 1.686272971253436879e+02
3.120000000000000000e+03 1.500352106968426256e+02
3.140000000000000000e+03 9.482209295412798156e+01
3.160000000000000000e+03 1.666774446324677115e+02
3.180000000000000000e+03 1.135522176569137685e+02
3.200000000000000000e+03 1.234105470861065896e+02
3.220000000000000000e+03 1.346269007198648637e+02
3.240000000000000000e+03 1.148272957265697585e+02
3.260000000000000000e+03 1.465217128079758311e+02
3.280000000000000000e+03 1.430340467117264893e+02
3.300000000000000000e+03 1.646528840394322515e+02
3.320000000000000000e+03 1.163478685399737316e+02
3.340000000000000000e+03 1.519274864594656833e+02
3.360000000000000000e+03 1.605646510603491777e+02
3.380000000000000000e+03 1.676250499465270991e+02
3.400000000000000000e+03 1.390292760683621793e+02
3.420000000000000000e+03 1.171834299230276031e+02
3.440000000000000000e+03 1.353086952022587468e+02
3.460000000000000000e+03 1.383596533510148276e+02
3.480000000000000000e+03 1.451661345894142130e+02
3.500000000000000000e+03 1.589068186948051675e+02
3.520000000000000000e+03 1.117773787243891377e+02
3.540000000000000000e+03 1.427317144471794848e+02
3.560000000000000000e+03 1.247460554057403925e+02
3.580000000000000000e+03 1.419288537965991850e+02
3.600000000000000000e+03 1.436525695229570374e+02
3.620000000000000000e+03 1.197456511376798574e+02
3.640000000000000000e+03 1.324149794879685942e+02
3.660000000000000000e+03 1.710519429662467132e+02
3.680000000000000000e+03 1.258746227451361221e+02
3.700000000000000000e+03 1.421372833173992944e+02
3.720000000000000000e+03 9.643486941779667632e+01
3.740000000000000000e+03 1.116367287656640030e+02
3.760000000000000000e+03 1.223915604213771360e+02
3.780000000000000000e+03 1.563615797470442601e+02
3.800000000000000000e+03 1.466175773794570887e+02
3.820000000000000000e+03 1.324972750009912090e+02
3.840000000000000000e+03 1.316456928815168510e+02
3.860000000000000000e+03 1.309333502038789447e+02
3.880000000000000000e+03 1.352782319969377340e+02
3.900000000000000000e+03 1.781474384712514336e+02
3.920000000000000000e+03 1.027216333471660334e+02
3.940000000000000000e+03 5.146027963119684046e+01
3.960000000000000000e+03 1.341757928130550113e+02
3.980000000000000000e+03 1.431490501451109481e+02
4.000000000000000000e+03 1.259998761844095441e+02
4.020000000000000000e+03 1.594788972279532970e+02
4.040000000000000000e+03 1.059427594006946549e+02
4.060000000000000000e+03 1.171595823019810894e+02
4.080000000000000000e+03 1.348700396283430223e+02
4.100000000000000000e+03 1.453200229784679891e+02
4.120000000000000000e+03 1.273977947090228611e+02
4.140000000000000000e+03 1.182191297851796890e+02
4.160000000000000000e+03 9.258664475044523101e+01
4.180000000000000000e+03 6.814183823956149411e+01
4.200000000000000000e+03 1.042830962028951234e+02
4.220000000000000000e+03 1.149840599273977375e+02
4.240000000000000000e+03 1.289520842526669071e+02
4.260000000000000000e+03 6.533830176990943528e+01
4.280000000000000000e+03 5.538415976771329952e+01
4.300000000000000000e+03 8.135571553457836558e+01
4.320000000000000000e+03 -3.980595565858605767e+01
4.340000000000000000e+03 1.089120058293881641e+02
4.360000000000000000e+03 1.553897616465359022e+02
4.380000000000000000e+03 1.434436628100446853e+02
4.400000000000000000e+03 9.742172050669141470e+01
4.420000000000000000e+03 8.049250827424312149e+01
4.440000000000000000e+03 9.496720338057902211e+01
4.460000000000000000e+03 2.741512357677581235e+01
4.480000000000000000e+03 1.048646795341702074e+02
4.500000000000000000e+03 9.440426327404718165e+01
4.520000000000000000e+03 8.598127047392779332e+01
4.540000000000000000e+03 1.358395748814517674e+02
4.560000000000000000e+03 8.955467558267098127e+01
4.580000000000000000e+03 1.112302017477297795e+02
4.600000000000000000e+03 1.052469267625784823e+02
4.620000000000000000e+03 7.851516881627355815e+01
4.640000000000000000e+03 1.133972061521240704e+02
4.660000000000000000e+03 8.940370965844547868e+01
4.680000000000000000e+03 1.267014016053261969e+02
4.700000000000000000e+03 1.303279747326979532e+02
4.720000000000000000e+03 1.226406554027012419e+02
4.740000000000000000e+03 1.315695228343246015e+02
4.760000000000000000e+03 1.489304548235116386e+02
4.780000000000000000e+03 1.285513807390329362e+02
4.800000000000000000e+03 1.470440840747392315e+02
4.820000000000000000e+03 1.772089799733010693e+02
4.840000000000000000e+03 1.769458352868073803e+02
4.860000000000000000e+03 1.710993494752659956e+02
4.880000000000000000e+03 1.452731440737543664e+02
4.900000000000000000e+03 1.399277629821164624e+02
4.920000000000000000e+03 1.837480243802609152e+02
4.940000000000000000e+03 1.431387723888858829e+02
4.960000000000000000e+03 1.193430253755363992e+02
4.980000000000000000e+03 1.399942393958521620e+02
5.000000000000000000e+03 1.582979937146084524e+02
5.020000000000000000e+03 1.205655040658715507e+02
5.040000000000000000e+03 1.752650115352288367e+02
5.060000000000000000e+03 1.048595966303659281e+02
5.080000000000000000e+03 1.178669960870118132e+02
5.100000000000000000e+03 9.800540182615127094e+01
5.120000000000000000e+03 1.469654935300348200e+02
5.140000000000000000e+03 7.121147288659373942e+01
5.160000000000000000e+03 9.267873766879698394e+01
5.180000000000000000e+03 1.135850095008895977e+02
5.200000000000000000e+03 7.603952121052174107e+01
5.220000000000000000e+03 1.405835061245259681e+02
5.240000000000000000e+03 8.232480543476782486e+01
5.260000000000000000e+03 1.350797374223122347e+02
5.280000000000000000e+03 1.164494385053542373e+02
5.300000000000000000e+03 1.184648168663730274e+02
5.320000000000000000e+03 1.071301858016785218e+02
5.340000000000000000e+03 1.166991546297127371e+02
5.360000000000000000e+03 9.249936202332358448e+01
5.380000000000000000e+03 9.244663058187187232e+01
5.400000000000000000e+03 9.978739981238155110e+01
5.420000000000000000e+03 1.209438538530808103e+02
5.440000000000000000e+03 1.545369932083720528e+02
5.460000000000000000e+03 1.367596282457367352e+02
5.480000000000000000e+03 1.209290410213629627e+02
5.500000000000000000e+03 1.472978170273376861e+02
5.520000000000000000e+03 1.274015586646283964e+02
5.540000000000000000e+03 1.356052189096340612e+02
5.560000000000000000e+03 1.058081472787105923e+02
5.580000000000000000e+03 1.731797524319098898e+02
5.600000000000000000e+03 1.630352413492375376e+02
5.620000000000000000e+03 1.900388526514039427e+02
5.640000000000000000e+03 1.559001857045163320e+02
5.660000000000000000e+03 1.531231033888976185e+02
5.680000000000000000e+03 1.057870319335284250e+02
5.700000000000000000e+03 1.532823890717259872e+02
5.720000000000000000e+03 1.532007009988548987e+02
5.740000000000000000e+03 9.854021986665735255e+01
5.760000000000000000e+03 1.584642240423556245e+02
5.780000000000000000e+03 1.332124061932044583e+02
5.800000000000000000e+03 1.721620683491682371e+02
5.820000000000000000e+03 1.509002923026293956e+02
5.840000000000000000e+03 1.356693960397071805e+02
5.860000000000000000e+03 1.470933692549087937e+02
5.880000000000000000e+03 1.289208229431444579e+02
5.900000000000000000e+03 1.425192867743683109e+02
5.920000000000000000e+03 1.373077089654337044e+02
5.940000000000000000e+03 1.745876530719031621e+02
5.960000000000000000e+03 1.280113665439678527e+02
5.980000000000000000e+03 1.728290436469407609e+02
6.000000000000000000e+03 1.799048459706925485e+02
6.020000000000000000e+03 1.531321716208204293e+02
6.040000000000000000e+03 1.650098092984227662e+02
6.060000000000000000e+03 6.638286913104909104e+01
6.080000000000000000e+03 1.627760789527200984e+02
6.100000000000000000e+03 1.252864601530572344e+02
6.120000000000000000e+03 1.355893067344220810e+02
6.140000000000000000e+03 1.452329105173445782e+02
6.160000000000000000e+03 1.837230831789282774e+02
6.180000000000000000e+03 1.523932975970984103e+02
6.200000000000000000e+03 1.361049379992666104e+02
6.220000000000000000e+03 1.898504246951849268e+02
6.240000000000000000e+03 9.496502154290945441e+01
6.260000000000000000e+03 1.857874109372308453e+02
6.280000000000000000e+03 1.109180137881370030e+02
6.300000000000000000e+03 9.057684256341130435e+01
6.320000000000000000e+03 1.420101939090822327e+02
6.340000000000000000e+03 9.114400243875959973e+01
6.360000000000000000e+03 1.020400734518896826e+02
6.380000000000000000e+03 1.420788275067273219e+02
6.400000000000000000e+03 1.605802650201015922e+02
6.420000000000000000e+03 2.066366821468573107e+02
6.440000000000000000e+03 1.337671430237198820e+02
6.460000000000000000e+03 1.178358227808332970e+02
6.480000000000000000e+03 1.261127434469705832e+02
6.500000000000000000e+03 1.547464730582173900e+02
6.520000000000000000e+03 1.430594351140235290e+02
6.540000000000000000e+03 1.258854812338626772e+02
6.560000000000000000e+03 1.250396932416847449e+02
6.580000000000000000e+03 1.091584361640966989e+02
6.600000000000000000e+03 1.553841558406349463e+02
6.620000000000000000e+03 1.738001645212382229e+01
6.640000000000000000e+03 8.159624466645055918e+01
6.660000000000000000e+03 3.635056289224218062e+01
6.680000000000000000e+03 3.003746712868855795e+01
6.700000000000000000e+03 1.107879530943167765e+02
6.720000000000000000e+03 1.457225669735505278e+02
6.740000000000000000e+03 5.353453806767578271e+01
6.760000000000000000e+03 1.021447123368470642e+02
6.780000000000000000e+03 1.506775268906342831e+02
6.800000000000000000e+03 1.231769295990693536e+02
6.820000000000000000e+03 1.483504066825987024e+02
6.840000000000000000e+03 1.016438635152962036e+02
6.860000000000000000e+03 1.097439357939277187e+02
6.880000000000000000e+03 1.773439836338238536e+02
6.900000000000000000e+03 1.746551602120372877e+02
6.920000000000000000e+03 1.279297038215924402e+02
6.940000000000000000e+03 1.431546401307173255e+02
6.960000000000000000e+03 1.779813566461968435e+02
6.980000000000000000e+03 1.874290376507940721e+02
7.000000000000000000e+03 1.743888151353477838e+02
7.020000000000000000e+03 1.305709311923713756e+02
7.040000000000000000e+03 1.091785800521958834e+02
7.060000000000000000e+03 1.157605195376999916e+02
7.080000000000000000e+03 1.303663432070562465e+02
7.100000000000000000e+03 1.102112152709156305e+02
7.120000000000000000e+03 1.381277684982978826e+02
7.140000000000000000e+03 1.883012052638220553e+02
7.160000000000000000e+03 1.399326128133954512e+02
7.180000000000000000e+03 1.462639785234392207e+02
7.200000000000000000e+03 1.512467477772695474e+02
7.220000000000000000e+03 1.393510783415381979e+02
7.240000000000000000e+03 1.561224972689357458e+02
7.260000000000000000e+03 1.499260741787832103e+02
7.280000000000000000e+03 1.828807148694535840e+02
7.300000000000000000e+03 1.147249596465511559e+02
7.320000000000000000e+03 9.871433466321698802e+01
7.340000000000000000e+03 1.842631515395144390e+02
7.360000000000000000e+03 1.085485032244237829e+02
7.380000000000000000e+03 1.466465157901329235e+02
7.400000000000000000e+03 1.075942357467962438e+02
7.420000000000000000e+03 1.353712079708502927e+02
7.440000000000000000e+03 1.292324858244946029e+02
7.460000000000000000e+03 1.452315053943896999e+02
7.480000000000000000e+03 1.598342941254623213e+02
7.500000000000000000e+03 1.278027160048009137e+02
7.520000000000000000e+03 1.655911802411006022e+02
7.540000000000000000e+03 1.436726013167548786e+02
7.560000000000000000e+03 1.289576429261729231e+02
7.580000000000000000e+03 1.586157365697479804e+02
7.600000000000000000e+03 1.602534080483950163e+02
7.620000000000000000e+03 1.920613440619794119e+02
7.640000000000000000e+03 1.606626983407834359e+02
7.660000000000000000e+03 1.189249692270271481e+02
7.680000000000000000e+03 1.424162495342059174e+02
7.700000000000000000e+03 1.773032333908633689e+02
7.720000000000000000e+03 1.865501592992255269e+02
7.740000000000000000e+03 1.920929396905112299e+02
7.760000000000000000e+03 1.632353580344709485e+02
7.780000000000000000e+03 1.846723172041240844e+02
7.800000000000000000e+03 1.872700478336910237e+02
7.820000000000000000e+03 1.878151026499187992e+02
7.840000000000000000e+03 1.583889801670545978e+02
7.860000000000000000e+03 9.637757119965097274e+01
7.880000000000000000e+03 1.613639885760737798e+02
7.900000000000000000e+03 1.314946577050741610e+02
7.920000000000000000e+03 1.579614452259726818e+02
7.940000000000000000e+03 1.288525648655481177e+02
7.960000000000000000e+03 1.599595582007046914e+02
7.980000000000000000e+03 1.314589873662411321e+02
