0.000000000000000000e+00 -3.795202896599076894e+02
2.000000000000000000e+01 -3.689897190069939938e+02
4.000000000000000000e+01 -2.276755596215722619e+02
6.000000000000000000e+01 -2.429023744978843240e+02
8.000000000000000000e+01 -1.030028111623041980e+02
1.000000000000000000e+02 -1.637648278225554179e+02
1.200000000000000000e+02 -1.919872924977817661e+02
1.400000000000000000e+02 -1.816778065134610074e+02
1.600000000000000000e+02 -9.201411374478622918e+01
1.800000000000000000e+02 -1.112031432884026287e+02
2.000000000000000000e+02 -9.497851003403634707e+01
2.200000000000000000e+02 -7.959199857913594656e+01
2.400000000000000000e+02 -5.833425551516207008e+01
2.600000000000000000e+02 -6.715244363158234364e+01
2.800000000000000000e+02 -7.209963757751413027e+01
3.000000000000000000e+02 -3.441430254528670218e+01
3.200000000000000000e+02 -2.068774436666557293e+01
3.400000000000000000e+02 -5.969592946924123567e+00
3.600000000000000000e+02 -1.764583238374026308e+01
3.800000000000000000e+02 -6.770814163417336218e+00
4.000000000000000000e+02 1.210442762253955973e+00
4.200000000000000000e+02 -2.268831505353902145e+01
4.400000000000000000e+02 -1.655214679696301872e+01
4.600000000000000000e+02 2.463506627088681178e+00
4.800000000000000000e+02 -2.491690111533599872e+00
5.000000000000000000e+02 -5.086002262905370941e+00
5.200000000000000000e+02 -3.211015945591468412e+00
5.400000000000000000e+02 -9.381210211472751581e+00
5.600000000000000000e+02 -8.777425759274024131e+00
5.800000000000000000e+02 7.412992391150797111e+00
6.000000000000000000e+02 3.120830247616331832e+01
6.200000000000000000e+02 3.176260369014896501e+00
6.400000000000000000e+02 6.885455096303831901e+00
6.600000000000000000e+02 4.026467236144757322e+01
6.800000000000000000e+02 -2.251891230255524068e+00
7.000000000000000000e+02 5.431548796153276726e+01
7.200000000000000000e+02 -5.119878699350687512e+00
7.400000000000000000e+02 8.193173939842391462e+01
7.600000000000000000e+02 1.329813371361999064e+00
7.800000000000000000e+02 -1.465395623585606621e+01
8.000000000000000000e+02 3.504551125488704511e+00
8.200000000000000000e+02 -1.491448145850713480e+01
8.400000000000000000e+02 2.394499273496674618e+01
8.600000000000000000e+02 4.149854385627732256e+01
8.800000000000000000e+02 6.871405204366345743e+01
9.000000000000000000e+02 6.485292358336795360e+01
9.200000000000000000e+02 9.008810533601914017e+01
9.400000000000000000e+02 2.974654720261707297e+00
9.600000000000000000e+02 4.100762773982964404e+01
9.800000000000000000e+02 4.208427810038301686e+01
1.000000000000000000e+03 -2.361587164307971420e+01
1.020000000000000000e+03 -3.196518229399621802e+01
1.040000000000000000e+03 1.563287459560143589e+00
1.060000000000000000e+03 8.267891406504913832e+00
1.080000000000000000e+03 2.578919423573913861e+01
1.100000000000000000e+03 1.215357266175026218e+01
1.120000000000000000e+03 2.371488938183914286e+01
1.140000000000000000e+03 4.395407205724095689e+01
1.160000000000000000e+03 2.010722544508772103e+01
1.180000000000000000e+03 -1.875733514164476645e+01
1.200000000000000000e+03 7.289167138653616007e+01
1.220000000000000000e+03 4.538285721397969752e+01
1.240000000000000000e+03 6.170286831387281978e+01
1.260000000000000000e+03 7.563082861661837342e+01
1.280000000000000000e+03 7.775095199146133496e+01
1.300000000000000000e+03 5.900909333820155922e+01
1.320000000000000000e+03 7.787665787463426170e+01
1.340000000000000000e+03 8.570172194236737084e+01
1.360000000000000000e+03 9.969521045569355522e+01
1.380000000000000000e+03 -5.234350830411970179e+01
1.400000000000000000e+03 2.422642036232096618e+00
1.420000000000000000e+03 1.116893956241616195e+02
1.440000000000000000e+03 1.371495975909079412e+01
1.460000000000000000e+03 8.287282561002362513e+01
1.480000000000000000e+03 1.132306217413743497e+02
1.500000000000000000e+03 1.175232971058389495e+02
1.520000000000000000e+03 1.132030108651952816e+02
1.540000000000000000e+03 9.334492422876749629e+01
1.560000000000000000e+03 6.856295777660687918e+01
1.580000000000000000e+03 9.235971910885643865e+01
1.600000000000000000e+03 7.846652805289548382e+01
1.620000000000000000e+03 9.887991979344621996e+01
1.640000000000000000e+03 9.628310837176319126e+01
1.660000000000000000e+03 8.619510820495584369e+01
1.680000000000000000e+03 1.244895721007787444e+02
1.700000000000000000e+03 9.480107740338070244e+01
1.720000000000000000e+03 9.981855366710905741e+01
1.740000000000000000e+03 6.993792599256819642e+01
1.760000000000000000e+03 7.475912748888309522e+01
1.780000000000000000e+03 8.540134315207349402e+01
1.800000000000000000e+03 9.460690502559829440e+01
1.820000000000000000e+03 7.346520556159664750e+01
1.840000000000000000e+03 8.334815613862838291e+01
1.860000000000000000e+03 2.631684465855947863e+01
1.880000000000000000e+03 1.269980501802246842e+01
1.900000000000000000e+03 5.280231222927794477e+01
1.920000000000000000e+03 9.251424667873688179e+01
1.940000000000000000e+03 6.157848782713303848e+01
1.960000000000000000e+03 4.794912670300759316e+01
1.980000000000000000e+03 5.599605783167258011e+01
2.000000000000000000e+03 2.679263963489361089e+01
2.020000000000000000e+03 5.884979992884230882e+01
2.040000000000000000e+03 4.806656363792681930e+01
2.060000000000000000e+03 9.758577769181874828e+01
2.080000000000000000e+03 9.151782951922795917e+01
2.100000000000000000e+03 4.180118265298789026e+01
2.120000000000000000e+03 9.658907626572786853e+01
2.140000000000000000e+03 1.269314826559400444e+02
2.160000000000000000e+03 8.175598381144661175e+01
2.180000000000000000e+03 1.214069667377035557e+02
2.200000000000000000e+03 9.974828454644142539e+01
2.220000000000000000e+03 9.413529777992140168e+01
2.240000000000000000e+03 1.056457188826827149e+02
2.260000000000000000e+03 9.014803374196793584e+01
2.280000000000000000e+03 1.275323740123750014e+02
2.300000000000000000e+03 1.272228859630494071e+02
2.320000000000000000e+03 1.207131539272441358e+02
2.340000000000000000e+03 1.057335598236562362e+02
2.360000000000000000e+03 1.172761334636213917e+02
2.380000000000000000e+03 7.556730625287883640e+01
2.400000000000000000e+03 9.705880063102213740e+01
2.420000000000000000e+03 8.090104231813549518e+01
2.440000000000000000e+03 7.711277162994538514e+01
2.460000000000000000e+03 4.999200826680508669e+01
2.480000000000000000e+03 5.208027925868716324e+01
2.500000000000000000e+03 4.952827709794599542e+01
2.520000000000000000e+03 7.776340955076302919e+01
2.540000000000000000e+03 1.496058631616077719e+02
2.560000000000000000e+03 1.062002514427971391e+02
2.580000000000000000e+03 9.255987802218223237e+01
2.600000000000000000e+03 1.424416781420712539e+02
2.620000000000000000e+03 1.233330933978898685e+02
2.640000000000000000e+03 2.136927121837806709e+01
2.660000000000000000e+03 4.007992249118657924e+01
2.680000000000000000e+03 4.669117470077895860e+01
2.700000000000000000e+03 4.379798858265836969e+01
2.720000000000000000e+03 1.005330647212039139e+02
2.740000000000000000e+03 8.856686589880709448e+01
2.760000000000000000e+03 6.174281499031776832e+01
2.780000000000000000e+03 9.990121600220768983e+01
2.800000000000000000e+03 9.613093154479976477e+01
2.820000000000000000e+03 1.181051967550794615e+02
2.840000000000000000e+03 1.183717308658882956e+02
2.860000000000000000e+03 8.863029926700907879e+01
2.880000000000000000e+03 1.314299437531333581e+02
2.900000000000000000e+03 1.177378378359625515e+02
2.920000000000000000e+03 9.878551932338740471e+01
2.940000000000000000e+03 1.269903903644924839e+02
2.960000000000000000e+03 9.308247161742308151e+01
2.980000000000000000e+03 1.025441847246555369e+02
3.000000000000000000e+03 1.231763175266829364e+02
3.020000000000000000e+03 9.651660901331150910e+01
3.040000000000000000e+03 9.333233481043779989e+01
3.060000000000000000e+03 1.384253155173813070e+02
3.080000000000000000e+03 1.282689661754081385e+02
3.100000000000000000e+03 1.235186279681794019e+02
3.120000000000000000e+03 1.262346397673112790e+02
3.140000000000000000e+03 1.232150669608973459e+02
3.160000000000000000e+03 1.250980333054179283e+02
3.180000000000000000e+03 1.456697127968374730e+02
3.200000000000000000e+03 1.502074466927678884e+02
3.220000000000000000e+03 1.510590693785920280e+02
3.240000000000000000e+03 1.535743942299606601e+02
3.260000000000000000e+03 1.663763803714963956e+02
3.280000000000000000e+03 1.334252412753481281e+02
3.300000000000000000e+03 1.656875428643190560e+02
3.320000000000000000e+03 1.001369337607530525e+02
3.340000000000000000e+03 7.217882396339732054e+01
3.360000000000000000e+03 8.559575508665761845e+01
3.380000000000000000e+03 6.682810864404521567e+01
3.400000000000000000e+03 5.931826402068020343e+01
3.420000000000000000e+03 1.539780643386974930e+02
3.440000000000000000e+03 1.379827804480261761e+02
3.460000000000000000e+03 1.219069711032144880e+02
3.480000000000000000e+03 1.107011500498776684e+02
3.500000000000000000e+03 1.320799971445954384e+02
3.520000000000000000e+03 1.046737046992551967e+02
3.540000000000000000e+03 1.507688195654376671e+02
3.560000000000000000e+03 6.146786679493205696e+01
3.580000000000000000e+03 1.397874241484279025e+02
3.600000000000000000e+03 9.766306204935789026e+01
3.620000000000000000e+03 1.077734495395490768e+02
3.640000000000000000e+03 8.200015893111176979e+01
3.660000000000000000e+03 1.384036244465555114e+02
3.680000000000000000e+03 1.188331023375993425e+02
3.700000000000000000e+03 6.179061489323832035e+01
3.720000000000000000e+03 9.567825657753785151e+01
3.740000000000000000e+03 8.431001084531469303e+01
3.760000000000000000e+03 5.219845531528982008e+01
3.780000000000000000e+03 9.486754392213489950e+01
3.800000000000000000e+03 2.115285180215089866e+01
3.820000000000000000e+03 1.272044341703632853e+02
3.840000000000000000e+03 7.323737636477252977e+01
3.860000000000000000e+03 1.353094984803416310e+02
3.880000000000000000e+03 1.535486708027405598e+02
3.900000000000000000e+03 1.445147626641270051e+02
3.920000000000000000e+03 1.341458416461070158e+02
3.940000000000000000e+03 1.500851619523241425e+02
3.960000000000000000e+03 8.266934981454735976e+01
3.980000000000000000e+03 9.950599209154944447e+01
4.000000000000000000e+03 1.876597953624166166e+02
4.020000000000000000e+03 1.412863628657465824e+02
4.040000000000000000e+03 1.847454376882166684e+02
4.060000000000000000e+03 1.440638295991407745e+02
4.080000000000000000e+03 1.620961872384819742e+02
4.100000000000000000e+03 6.967884449546259873e+01
4.120000000000000000e+03 1.407460060480103792e+01
4.140000000000000000e+03 2.846564074267782374e+01
4.160000000000000000e+03 6.553578510090625286e+01
4.180000000000000000e+03 1.300412888106511389e+02
4.200000000000000000e+03 1.275825070513350283e+02
4.220000000000000000e+03 1.516715413929605631e+02
4.240000000000000000e+03 2.116988927892784034e+02
4.260000000000000000e+03 2.035568798390380039e+02
4.280000000000000000e+03 1.487367248548979717e+02
4.300000000000000000e+03 2.081127508201726357e+02
4.320000000000000000e+03 1.495270074157791669e+02
4.340000000000000000e+03 2.146138618520654688e+02
4.360000000000000000e+03 1.920603991630424616e+02
4.380000000000000000e+03 1.588625034438621810e+02
4.400000000000000000e+03 1.901690197411242593e+02
4.420000000000000000e+03 2.063949302533992523e+02
4.440000000000000000e+03 2.458122652860471646e+02
4.460000000000000000e+03 2.015856787323031654e+02
4.480000000000000000e+03 1.579033614139122221e+02
4.500000000000000000e+03 1.794471717675859281e+02
4.520000000000000000e+03 1.197691331253758591e+02
4.540000000000000000e+03 1.283718468433373232e+02
4.560000000000000000e+03 1.225682806432219252e+02
4.580000000000000000e+03 3.275628522148762301e+01
4.600000000000000000e+03 1.342915435997102236e+02
4.620000000000000000e+03 9.323833094031620305e+01
4.640000000000000000e+03 1.274510671888642719e+02
4.660000000000000000e+03 7.280718369825027025e+01
4.680000000000000000e+03 1.430644636279765223e+02
4.700000000000000000e+03 1.607752303733839767e+02
4.720000000000000000e+03 2.030046247002082112e+02
4.740000000000000000e+03 8.713178542107478108e+01
4.760000000000000000e+03 2.237555987793114980e+02
4.780000000000000000e+03 1.997230476082716564e+02
4.800000000000000000e+03 1.926628316238755190e+02
4.820000000000000000e+03 8.307978823982581673e+01
4.840000000000000000e+03 2.047492357695052760e+02
4.860000000000000000e+03 1.893913170668847386e+02
4.880000000000000000e+03 1.013070378414800672e+02
4.900000000000000000e+03 1.826726929898043750e+02
4.920000000000000000e+03 1.466522956159753903e+02
4.940000000000000000e+03 8.672441152933643593e+01
4.960000000000000000e+03 1.343543637391616414e+02
4.980000000000000000e+03 1.723848658360612660e+02
5.000000000000000000e+03 1.672364667249760828e+02
5.020000000000000000e+03 2.038914394497405169e+02
5.040000000000000000e+03 1.570805013759084261e+02
5.060000000000000000e+03 1.793001464203807700e+02
5.080000000000000000e+03 8.811584241669091000e+01
5.100000000000000000e+03 1.258629406998464475e+02
5.120000000000000000e+03 1.448611604823248058e+02
5.140000000000000000e+03 1.695410340155697781e+02
5.160000000000000000e+03 1.552598032944269164e+02
5.180000000000000000e+03 1.360422898004254080e+02
5.200000000000000000e+03 1.470201396399458531e+02
5.220000000000000000e+03 1.807175203618198225e+02
5.240000000000000000e+03 1.197815422307645292e+02
5.260000000000000000e+03 1.613015420301410643e+02
5.280000000000000000e+03 2.225375468912760368e+02
5.300000000000000000e+03 1.887946735872683917e+02
5.320000000000000000e+03 2.268267609455917295e+02
5.340000000000000000e+03 1.678835770543954311e+02
5.360000000000000000e+03 1.564734886432720771e+02
5.380000000000000000e+03 1.388400231426553546e+02
5.400000000000000000e+03 1.022902977107304139e+02
5.420000000000000000e+03 1.605150297881445738e+02
5.440000000000000000e+03 2.301747953471287076e+02
5.460000000000000000e+03 2.149359174426278969e+02
5.480000000000000000e+03 2.150821898889093404e+02
5.500000000000000000e+03 1.385064713308497630e+02
5.520000000000000000e+03 2.004724409673082164e+02
5.540000000000000000e+03 1.784097236145185263e+02
5.560000000000000000e+03 1.239632216354396803e+02
5.580000000000000000e+03 1.640565657108115829e+02
5.600000000000000000e+03 1.658751424377470585e+02
5.620000000000000000e+03 1.401773478998074722e+02
5.640000000000000000e+03 1.928362654417084627e+02
5.660000000000000000e+03 1.927650857531461952e+02
5.680000000000000000e+03 8.446166464595435741e+01
5.700000000000000000e+03 9.279281341978736464e+01
5.720000000000000000e+03 1.186914633901072875e+02
5.740000000000000000e+03 2.562969733126841021e+01
5.760000000000000000e+03 1.869828196507753546e+02
5.780000000000000000e+03 1.845292412749622599e+02
5.800000000000000000e+03 1.475752292397252745e+02
5.820000000000000000e+03 6.680808155640497148e+01
5.840000000000000000e+03 9.511250847311039536e+01
5.860000000000000000e+03 1.100117082369577020e+02
5.880000000000000000e+03 6.543838940723426845e+01
5.900000000000000000e+03 1.679933944071293794e+01
5.920000000000000000e+03 1.625790099957203552e+02
5.940000000000000000e+03 2.199345433737028941e+02
5.960000000000000000e+03 1.291787343251102982e+02
5.980000000000000000e+03 8.730083604360984850e+01
6.000000000000000000e+03 1.101567052936757136e+02
6.020000000000000000e+03 -2.537583723858040319e+00
6.040000000000000000e+03 1.504796589644252833e+02
6.060000000000000000e+03 1.500148013388247534e+02
6.080000000000000000e+03 1.325936122960197281e+02
6.100000000000000000e+03 1.265598315707267432e+02
6.120000000000000000e+03 8.977608568339059048e+01
6.140000000000000000e+03 1.122959205377326555e+02
6.160000000000000000e+03 1.156600888094288138e+02
6.180000000000000000e+03 1.577842794292309634e+02
6.200000000000000000e+03 1.140025605241250730e+02
6.220000000000000000e+03 -1.774407533448650653e+01
6.240000000000000000e+03 1.751997627892091600e+02
6.260000000000000000e+03 7.884563690757394738e+01
6.280000000000000000e+03 1.688403111384346857e+02
6.300000000000000000e+03 1.702036712687160502e+02
6.320000000000000000e+03 1.297145013939854721e+02
6.340000000000000000e+03 1.695032139048483373e+02
6.360000000000000000e+03 1.706039277046740779e+02
6.380000000000000000e+03 9.540713857913780771e+01
6.400000000000000000e+03 2.415603183565104359e+02
6.420000000000000000e+03 8.522125799404130930e+01
6.440000000000000000e+03 1.967548148374990546e+02
6.460000000000000000e+03 1.657731902776720858e+02
6.480000000000000000e+03 1.719294733453243396e+02
6.500000000000000000e+03 2.067931112240213167e+02
6.520000000000000000e+03 2.207742260867500192e+02
6.540000000000000000e+03 1.810616280099055189e+02
6.560000000000000000e+03 2.194997234868694136e+02
6.580000000000000000e+03 1.959379413253694509e+02
6.600000000000000000e+03 1.466454834492889745e+02
6.620000000000000000e+03 2.231044280977187952e+02
6.640000000000000000e+03 1.817570436633498616e+02
6.660000000000000000e+03 1.083440513367942515e+02
6.680000000000000000e+03 1.768681000789316613e+02
6.700000000000000000e+03 2.358145801775999075e+02
6.720000000000000000e+03 1.855460839799863493e+02
6.740000000000000000e+03 2.083478449035375775e+02
6.760000000000000000e+03 2.034902377538889198e+02
6.780000000000000000e+03 7.766124310912776707e+01
6.800000000000000000e+03 2.115210535829613434e+02
6.820000000000000000e+03 1.169286742974353075e+02
6.840000000000000000e+03 5.795088864031279030e+01
6.860000000000000000e+03 -7.892511359946288607e+00
6.880000000000000000e+03 1.283868167386222012e+02
6.900000000000000000e+03 3.538203643437530133e+01
6.920000000000000000e+03 2.711782246763635840e+01
6.940000000000000000e+03 -1.932895245155117792e+01
6.960000000000000000e+03 2.036125446696431140e+02
6.980000000000000000e+03 1.651324443532127191e+02
7.000000000000000000e+03 1.119567113862390642e+02
7.020000000000000000e+03 1.899946887918678442e+02
7.040000000000000000e+03 1.772132113380229441e+02
7.060000000000000000e+03 1.830560860522035114e+02
7.080000000000000000e+03 2.341168832078849391e+02
7.100000000000000000e+03 1.814938895755389581e+02
7.120000000000000000e+03 1.477737874284686939e+02
7.140000000000000000e+03 1.642339030416544858e+02
7.160000000000000000e+03 1.730175345000767493e+02
7.180000000000000000e+03 1.794140396984323047e+02
7.200000000000000000e+03 2.196527275402663122e+02
7.220000000000000000e+03 2.043022339174840170e+02
7.240000000000000000e+03 2.286934365672378533e+02
7.260000000000000000e+03 1.069238479729570628e+02
7.280000000000000000e+03 1.713458782363837258e+02
7.300000000000000000e+03 1.707029488440531679e+02
7.320000000000000000e+03 2.132695914039776710e+02
7.340000000000000000e+03 1.140103695735793963e+02
7.360000000000000000e+03 1.911075417868374871e+02
7.380000000000000000e+03 1.246008966824478392e+02
7.400000000000000000e+03 1.934539269572691751e+02
7.420000000000000000e+03 1.782051342531202067e+02
7.440000000000000000e+03 2.330403703674130043e+02
7.460000000000000000e+03 2.358166385450885230e+02
7.480000000000000000e+03 1.519284871609894481e+02
7.500000000000000000e+03 2.089478818883148392e+02
7.520000000000000000e+03 1.940891138996787504e+02
7.540000000000000000e+03 2.018404049330667078e+02
7.560000000000000000e+03 1.883260844297935819e+02
7.580000000000000000e+03 2.135300430247457371e+02
7.600000000000000000e+03 1.970743892807392967e+02
7.620000000000000000e+03 2.315104060975631910e+02
7.640000000000000000e+03 1.451510060016509271e+02
7.660000000000000000e+03 1.747464985675862579e+02
7.680000000000000000e+03 2.362012362396107505e+02
7.700000000000000000e+03 1.770562404147817688e+02
7.720000000000000000e+03 2.237344547415991087e+02
7.740000000000000000e+03 2.120862969281169228e+02
7.760000000000000000e+03 2.447184903153815299e+02
7.780000000000000000e+03 1.730723169724560648e+02
7.800000000000000000e+03 2.252017085293695686e+02
7.820000000000000000e+03 2.134706660261475122e+02
7.840000000000000000e+03 1.799268112343877419e+02
7.860000000000000000e+03 2.222338292850418782e+02
7.880000000000000000e+03 2.359921575897142247e+02
7.900000000000000000e+03 1.916089857267884611e+02
7.920000000000000000e+03 1.887882840075690183e+02
7.940000000000000000e+03 2.095746880881485197e+02
7.960000000000000000e+03 2.250801427964503034e+02
7.980000000000000000e+03 2.177153421241785907e+02
