0.000000000000000000e+00 -2.579945050711819476e+02
2.000000000000000000e+01 -3.755692993623526377e+02
4.000000000000000000e+01 -1.725185352587245688e+02
6.000000000000000000e+01 -1.400547076516897107e+02
8.000000000000000000e+01 -8.964369040079461115e+01
1.000000000000000000e+02 -4.058254073976763721e+01
1.200000000000000000e+02 -3.134556295897156275e+01
1.400000000000000000e+02 -6.963827439993761459e+01
1.600000000000000000e+02 -2.890158280961685477e+01
1.800000000000000000e+02 1.343674698067507656e+01
2.000000000000000000e+02 2.714448720684322414e+00
2.200000000000000000e+02 -6.082828056878772571e+01
2.400000000000000000e+02 -5.150646822022968863e+00
2.600000000000000000e+02 2.407636924439450965e+01
2.800000000000000000e+02 8.903592430979226924e-01
3.000000000000000000e+02 4.651332015106763862e+01
3.200000000000000000e+02 3.593289903055579515e+01
3.400000000000000000e+02 3.635898950845113831e+01
3.600000000000000000e+02 2.274146604645005709e+01
3.800000000000000000e+02 4.852025617928639889e+01
4.000000000000000000e+02 5.468790336662596729e+00
4.200000000000000000e+02 3.482769899882602260e+01
4.400000000000000000e+02 5.744425346632708340e+01
4.600000000000000000e+02 2.253784195508573163e+01
4.800000000000000000e+02 -4.040690772166426470e+00
5.000000000000000000e+02 -1.688809024920104207e+01
5.200000000000000000e+02 -4.528894578503790846e+00
5.400000000000000000e+02 5.900403090472083001e+00
5.600000000000000000e+02 -2.522918804270765492e+01
5.800000000000000000e+02 -2.353653618623905430e+01
6.000000000000000000e+02 -3.050922408411825160e+01
6.200000000000000000e+02 -1.772138553918689041e+01
6.400000000000000000e+02 2.719019011435172573e+01
6.600000000000000000e+02 -7.769176976612055530e-01
6.800000000000000000e+02 1.725817195557386086e+01
7.000000000000000000e+02 3.400892493977487163e+01
7.200000000000000000e+02 4.236482367288409989e+01
7.400000000000000000e+02 1.922248245497782193e+01
7.600000000000000000e+02 5.603311230627944894e+01
7.800000000000000000e+02 5.261614933485850543e+01
8.000000000000000000e+02 5.773914412177717992e+01
8.200000000000000000e+02 6.576397215877599933e+01
8.400000000000000000e+02 6.211715239440827929e+01
8.600000000000000000e+02 2.429363983076604683e+01
8.800000000000000000e+02 6.339755274311151112e+01
9.000000000000000000e+02 7.379561476959560196e+01
9.200000000000000000e+02 8.948478422086324713e+01
9.400000000000000000e+02 6.627264199378308263e+01
9.600000000000000000e+02 1.040795182666272751e+02
9.800000000000000000e+02 9.999147499097395553e+01
1.000000000000000000e+03 1.097821958951046497e+02
1.020000000000000000e+03 1.816483520997584833e+01
1.040000000000000000e+03 3.235759643981477751e+01
1.060000000000000000e+03 6.735796864154160346e+01
1.080000000000000000e+03 5.308329992059687896e+01
1.100000000000000000e+03 1.237178463123482075e+01
1.120000000000000000e+03 1.053508917426969020e+02
1.140000000000000000e+03 9.385173826947300313e+01
1.160000000000000000e+03 5.607187729713697166e+01
1.180000000000000000e+03 6.238427821417924690e+01
1.200000000000000000e+03 7.596397152970033062e+01
1.220000000000000000e+03 9.018989236726949343e+01
1.240000000000000000e+03 8.964294154213679633e+01
1.260000000000000000e+03 6.732184185615545857e+01
1.280000000000000000e+03 7.772233503103595353e+01
1.300000000000000000e+03 2.986449341432852833e+01
1.320000000000000000e+03 9.845019030495242873e+01
1.340000000000000000e+03 1.046437933823577140e+02
1.360000000000000000e+03 8.332585489736257500e+01
1.380000000000000000e+03 9.269577220663376238e+01
1.400000000000000000e+03 6.009164799454303818e+01
1.420000000000000000e+03 1.014953470002413951e+02
1.440000000000000000e+03 9.458860897968482107e+01
1.460000000000000000e+03 1.109200171861184998e+02
1.480000000000000000e+03 7.002883489067443179e+01
1.500000000000000000e+03 6.563674276546353781e+01
1.520000000000000000e+03 1.041026993881555853e+02
1.540000000000000000e+03 1.315621687337965682e+02
1.560000000000000000e+03 7.409832404072672318e+01
1.580000000000000000e+03 3.549418683651838791e+01
1.600000000000000000e+03 7.188230783415130531e+01
1.620000000000000000e+03 7.669261931531241316e+01
1.640000000000000000e+03 5.598908290193126902e+01
1.660000000000000000e+03 2.330995585043896412e+01
1.680000000000000000e+03 1.020565947060876795e+02
1.700000000000000000e+03 5.403378784455742334e+01
1.720000000000000000e+03 3.194937299668099584e+01
1.740000000000000000e+03 9.527041930241185241e+01
1.760000000000000000e+03 1.223009927014498146e+02
1.780000000000000000e+03 1.033922527643412650e+02
1.800000000000000000e+03 7.729316694032453938e+01
1.820000000000000000e+03 5.225269300564398378e+01
1.840000000000000000e+03 5.789546870342864793e+01
1.860000000000000000e+03 1.020200164071733724e+02
1.880000000000000000e+03 -4.221958326326117827e+01
1.900000000000000000e+03 7.063561487926052962e+01
1.920000000000000000e+03 3.781044821130402056e+01
1.940000000000000000e+03 -9.490939592809623093e+01
1.960000000000000000e+03 9.634998869195422344e+01
1.980000000000000000e+03 9.112841333169717473e+01
2.000000000000000000e+03 9.078121891654858189e+01
2.020000000000000000e+03 9.310453280315884683e+01
2.040000000000000000e+03 8.689088681284009397e+01
2.060000000000000000e+03 8.851231967385973576e+01
2.080000000000000000e+03 5.545019858193495566e+01
2.100000000000000000e+03 9.763976718561113444e+01
2.120000000000000000e+03 1.070692760320660710e+02
2.140000000000000000e+03 1.041602920123227278e+02
2.160000000000000000e+03 1.090496081622474946e+02
2.180000000000000000e+03 1.256056455338901117e+02
2.200000000000000000e+03 1.337801686883699404e+02
2.220000000000000000e+03 1.194748144435604047e+02
2.240000000000000000e+03 1.282799646406614897e+02
2.260000000000000000e+03 1.215901134085062267e+02
2.280000000000000000e+03 1.301489021000621165e+02
2.300000000000000000e+03 1.161522130417332903e+02
2.320000000000000000e+03 9.193346257238668784e+01
2.340000000000000000e+03 1.016754786559473445e+02
2.360000000000000000e+03 9.544035556813712162e+01
2.380000000000000000e+03 8.563788603229720309e+01
2.400000000000000000e+03 9.963825711782841665e+01
2.420000000000000000e+03 9.503581727452419159e+01
2.440000000000000000e+03 1.205371326738052460e+02
2.460000000000000000e+03 1.108097189018663613e+02
2.480000000000000000e+03 1.039610147459656417e+02
2.500000000000000000e+03 1.375990022376751369e+02
2.520000000000000000e+03 1.303803242033740446e+02
2.540000000000000000e+03 1.357759693191230213e+02
2.560000000000000000e+03 1.240231964457195772e+02
2.580000000000000000e+03 1.238742052946682861e+02
2.600000000000000000e+03 1.075465506552572208e+02
2.620000000000000000e+03 1.060565736547377185e+02
2.640000000000000000e+03 1.006483241240489690e+02
2.660000000000000000e+03 6.680192998389767922e+01
2.680000000000000000e+03 8.673058137045680382e+01
2.700000000000000000e+03 1.159371960233332572e+02
2.720000000000000000e+03 1.080346649700030923e+02
2.740000000000000000e+03 9.718331227034109077e+01
2.760000000000000000e+03 9.968423645742601025e+01
2.780000000000000000e+03 9.863748697120209386e+01
2.800000000000000000e+03 8.868286637409049433e+01
2.820000000000000000e+03 1.180447557358609174e+02
2.840000000000000000e+03 8.234844430444543661e+01
2.860000000000000000e+03 1.181477505338618386e+02
2.880000000000000000e+03 1.311810372390299051e+02
2.900000000000000000e+03 8.930562993604499411e+01
2.920000000000000000e+03 1.203910816266233041e+02
2.940000000000000000e+03 1.216757190240673481e+02
2.960000000000000000e+03 1.265327153874987687e+02
2.980000000000000000e+03 1.296914317006813349e+02
3.000000000000000000e+03 1.334252058897300515e+02
3.020000000000000000e+03 1.287996881818090742e+02
3.040000000000000000e+03 1.332858496100899117e+02
3.060000000000000000e+03 1.371542511635656751e+02
3.080000000000000000e+03 1.348287708558969484e+02
3.100000000000000000e+03 1.346472687389423868e+02
3.120000000000000000e+03 1.325516323813855593e+02
3.140000000000000000e+03 1.226929842728661981e+02
3.160000000000000000e+03 1.347456378375163411e+02
3.180000000000000000e+03 1.375529056903707783e+02
3.200000000000000000e+03 1.345303604770260790e+02
3.220000000000000000e+03 1.298057743821028112e+02
3.240000000000000000e+03 1.361072258221800553e+02
3.260000000000000000e+03 1.287509545397014676e+02
3.280000000000000000e+03 1.235384328037832802e+02
3.300000000000000000e+03 1.143073833562258699e+02
3.320000000000000000e+03 1.230322502464237004e+02
3.340000000000000000e+03 9.185935511530614406e+01
3.360000000000000000e+03 1.288655090807974091e+02
3.380000000000000000e+03 1.187734174430371468e+02
3.400000000000000000e+03 9.787534165074785619e+01
3.420000000000000000e+03 1.177134533654332529e+02
3.440000000000000000e+03 1.398290643611998121e+02
3.460000000000000000e+03 1.090112030199265263e+02
3.480000000000000000e+03 8.874812324225423765e+01
3.500000000000000000e+03 1.342874832050199814e+02
3.520000000000000000e+03 1.345009410720026040e+02
3.540000000000000000e+03 1.175291579626226337e+02
3.560000000000000000e+03 1.361537270609095174e+02
3.580000000000000000e+03 1.240690902406035292e+02
3.600000000000000000e+03 1.334056174685525207e+02
3.620000000000000000e+03 1.303898677517041165e+02
3.640000000000000000e+03 1.272080103484907312e+02
3.660000000000000000e+03 1.304985545872957289e+02
3.680000000000000000e+03 1.270944755132663886e+02
3.700000000000000000e+03 1.187700078532049446e+02
3.720000000000000000e+03 1.297235059398702788e+02
3.740000000000000000e+03 1.271551394566672286e+02
3.760000000000000000e+03 1.225468926141004005e+02
3.780000000000000000e+03 1.211173386520605817e+02
3.800000000000000000e+03 1.255405757136417861e+02
3.820000000000000000e+03 1.403067365531721009e+02
3.840000000000000000e+03 1.403638937508393383e+02
3.860000000000000000e+03 1.035684915664598265e+02
3.880000000000000000e+03 1.157870120615220060e+02
3.900000000000000000e+03 8.809785741437573847e+01
3.920000000000000000e+03 9.287057478298088142e+01
3.940000000000000000e+03 1.261744748096417652e+02
3.960000000000000000e+03 1.008234120642113965e+02
3.980000000000000000e+03 1.151638643916599420e+02
4.000000000000000000e+03 1.281466117874189479e+02
4.020000000000000000e+03 1.311154558762279407e+02
4.040000000000000000e+03 1.108738285247962665e+02
4.060000000000000000e+03 1.363946682648131059e+02
4.080000000000000000e+03 9.487299785816678366e+01
4.100000000000000000e+03 1.203476880284692498e+02
4.120000000000000000e+03 5.598937739506918376e+01
4.140000000000000000e+03 9.502495898749116066e+01
4.160000000000000000e+03 1.219028454621022775e+02
4.180000000000000000e+03 1.196751542081038480e+02
4.200000000000000000e+03 1.078676906289793180e+02
4.220000000000000000e+03 9.916144125602963300e+01
4.240000000000000000e+03 1.087028097682043324e+02
4.260000000000000000e+03 9.821691260674927548e+01
4.280000000000000000e+03 1.080072118242386239e+02
4.300000000000000000e+03 1.118619198767433573e+02
4.320000000000000000e+03 1.388865192343141075e+02
4.340000000000000000e+03 1.248855627495239276e+02
4.360000000000000000e+03 1.165717906670307400e+02
4.380000000000000000e+03 1.199912431628425793e+02
4.400000000000000000e+03 1.153699192407716936e+02
4.420000000000000000e+03 8.783585669086521364e+01
4.440000000000000000e+03 1.284168251804300667e+02
4.460000000000000000e+03 1.059557199776091068e+02
4.480000000000000000e+03 1.169442240987685011e+02
4.500000000000000000e+03 9.266466519369323862e+01
4.520000000000000000e+03 6.816498540942674822e+01
4.540000000000000000e+03 1.031589413261956025e+02
4.560000000000000000e+03 1.316904424931869642e+02
4.580000000000000000e+03 1.395108585580814804e+02
4.600000000000000000e+03 1.199232684465850269e+02
4.620000000000000000e+03 1.175490295485128911e+02
4.640000000000000000e+03 1.256964104574290957e+02
4.660000000000000000e+03 1.034010694456576118e+02
4.680000000000000000e+03 1.186595413907609355e+02
4.700000000000000000e+03 8.051352960026679284e+01
4.720000000000000000e+03 7.540929184850845957e+01
4.740000000000000000e+03 1.074674474190623812e+02
4.760000000000000000e+03 9.652737810351510461e+01
4.780000000000000000e+03 1.145422982947593056e+02
4.800000000000000000e+03 1.113639261997328020e+02
4.820000000000000000e+03 1.029220834496674541e+02
4.840000000000000000e+03 9.344670569976260310e+01
4.860000000000000000e+03 9.762060656415509641e+01
4.880000000000000000e+03 7.890292843284038327e+01
4.900000000000000000e+03 8.156895996527487114e+01
4.920000000000000000e+03 7.901684459544043193e+01
4.940000000000000000e+03 9.185550131401893736e+01
4.960000000000000000e+03 1.108710794433719968e+02
4.980000000000000000e+03 1.036040184319225830e+02
5.000000000000000000e+03 1.126491594078726592e+02
5.020000000000000000e+03 1.117399268582973235e+02
5.040000000000000000e+03 1.500354738425267271e+02
5.060000000000000000e+03 1.073981090608458118e+02
5.080000000000000000e+03 1.356242935575368733e+02
5.100000000000000000e+03 1.384769947134435313e+02
5.120000000000000000e+03 1.121472885380033233e+02
5.140000000000000000e+03 8.125335250547828991e+01
5.160000000000000000e+03 7.409227534252525516e+01
5.180000000000000000e+03 2.086539384518853879e+01
5.200000000000000000e+03 4.435399477831155934e+01
5.220000000000000000e+03 5.534117359631893862e+01
5.240000000000000000e+03 2.829710993800741647e+01
5.260000000000000000e+03 3.481868563848355791e+01
5.280000000000000000e+03 5.993089496210922107e+01
5.300000000000000000e+03 5.934304461081941184e+01
5.320000000000000000e+03 3.076853194571722128e+01
5.340000000000000000e+03 7.418786176607257232e+01
5.360000000000000000e+03 6.503121559923452821e+01
5.380000000000000000e+03 7.690480660642923283e+01
5.400000000000000000e+03 5.479639369798147897e+01
5.420000000000000000e+03 7.050028288219903061e+01
5.440000000000000000e+03 1.035304182805490854e+02
5.460000000000000000e+03 1.402255214918965578e+02
5.480000000000000000e+03 7.595232853818536967e+01
5.500000000000000000e+03 4.819759656557916827e+01
5.520000000000000000e+03 1.120142879914079970e+02
5.540000000000000000e+03 3.270661754921829356e+01
5.560000000000000000e+03 4.671598783431650048e+01
5.580000000000000000e+03 8.058720307801873162e+01
5.600000000000000000e+03 1.483755882769370658e+02
5.620000000000000000e+03 1.106870062744385876e+02
5.640000000000000000e+03 6.459349035817628248e+01
5.660000000000000000e+03 4.000065701240136917e+01
5.680000000000000000e+03 7.442954788311200787e+01
5.700000000000000000e+03 6.182995077267063522e+01
5.720000000000000000e+03 9.222225006404826786e+01
5.740000000000000000e+03 6.306664796271655860e+01
5.760000000000000000e+03 2.881805655810764577e+01
5.780000000000000000e+03 2.653679551084496779e+01
5.800000000000000000e+03 4.753429274471812960e+01
5.820000000000000000e+03 4.566501530383636975e+01
5.840000000000000000e+03 -1.947702450220222703e+00
5.860000000000000000e+03 3.883776861887568543e+01
5.880000000000000000e+03 4.608671128463869593e+01
5.900000000000000000e+03 9.697820728389180545e+01
5.920000000000000000e+03 7.210698836703681991e+01
5.940000000000000000e+03 1.056057141704899607e+02
5.960000000000000000e+03 1.106171888269406338e+02
5.980000000000000000e+03 1.422245067241324818e+02
6.000000000000000000e+03 9.708626256722246239e+01
6.020000000000000000e+03 1.377686975345307303e+02
6.040000000000000000e+03 1.120905231488337250e+02
6.060000000000000000e+03 1.414607598413717824e+02
6.080000000000000000e+03 6.887438599809027551e+01
6.100000000000000000e+03 9.016075384674789461e+01
6.120000000000000000e+03 1.157827566245323112e+02
6.140000000000000000e+03 1.248499139230450226e+02
6.160000000000000000e+03 9.608203362998715136e+01
6.180000000000000000e+03 3.990715588693002047e+01
6.200000000000000000e+03 7.736539377077109236e+01
6.220000000000000000e+03 9.288397475268057235e+01
6.240000000000000000e+03 1.372183769877530608e+02
6.260000000000000000e+03 1.107965091031504983e+02
6.280000000000000000e+03 1.275199407003356100e+02
6.300000000000000000e+03 9.281174361702079523e+01
6.320000000000000000e+03 1.083323961787736209e+02
6.340000000000000000e+03 8.940276969463961620e+01
6.360000000000000000e+03 1.309730855032836701e+02
6.380000000000000000e+03 8.833952996287146675e+01
6.400000000000000000e+03 6.135754781738616259e+01
6.420000000000000000e+03 1.108457299387181791e+02
6.440000000000000000e+03 7.975470454686640664e+01
6.460000000000000000e+03 8.273189714580438192e+01
6.480000000000000000e+03 9.119888470374095846e+01
6.500000000000000000e+03 1.215845460700100631e+02
6.520000000000000000e+03 9.966547358670722190e+01
6.540000000000000000e+03 1.032387289821218417e+02
6.560000000000000000e+03 1.303235085821089854e+02
6.580000000000000000e+03 1.317941915541118192e+02
6.600000000000000000e+03 1.027006616947660405e+02
6.620000000000000000e+03 9.909241587590884137e+01
6.640000000000000000e+03 9.912361429858586348e+01
6.660000000000000000e+03 6.685367840516785520e+01
6.680000000000000000e+03 9.870633132245261265e+01
6.700000000000000000e+03 9.616746321256962915e+01
6.720000000000000000e+03 1.364147509345665696e+02
6.740000000000000000e+03 1.526942834674384812e+02
6.760000000000000000e+03 6.822368083278510653e+01
6.780000000000000000e+03 1.153611851702270599e+02
6.800000000000000000e+03 5.729823860776506450e+01
6.820000000000000000e+03 1.199767069635748413e+02
6.840000000000000000e+03 1.316835540874771766e+02
6.860000000000000000e+03 6.034087476331006883e+01
6.880000000000000000e+03 7.056910740038989616e+01
6.900000000000000000e+03 8.567639355554692315e+01
6.920000000000000000e+03 6.544567856209607726e+01
6.940000000000000000e+03 1.071207720899488720e+02
6.960000000000000000e+03 1.348694508391304510e+02
6.980000000000000000e+03 9.336765326398322884e+01
7.000000000000000000e+03 4.376644322314794522e+01
7.020000000000000000e+03 1.278427060394709116e+02
7.040000000000000000e+03 1.180225625719013607e+02
7.060000000000000000e+03 9.826247682887984070e+01
7.080000000000000000e+03 1.387263536314705448e+02
7.100000000000000000e+03 1.521441010900937840e+02
7.120000000000000000e+03 9.120238428116620355e+01
7.140000000000000000e+03 1.043729208058048243e+02
7.160000000000000000e+03 7.159860803384808037e+01
7.180000000000000000e+03 1.442729535178137610e+02
7.200000000000000000e+03 9.810292291403945342e+01
7.220000000000000000e+03 1.711043931602200132e+02
7.240000000000000000e+03 1.327183479857675366e+02
7.260000000000000000e+03 1.432125921511239710e+02
7.280000000000000000e+03 9.524686722957979157e+01
7.300000000000000000e+03 1.142265317863986809e+02
7.320000000000000000e+03 9.174207089485136635e+01
7.340000000000000000e+03 1.135787911285210328e+02
7.360000000000000000e+03 1.408266102571687384e+02
7.380000000000000000e+03 9.746374968652989423e+01
7.400000000000000000e+03 1.211677434036805607e+02
7.420000000000000000e+03 9.613368262731272296e+01
7.440000000000000000e+03 6.588547129326849472e+01
7.460000000000000000e+03 3.874019342543498112e+01
7.480000000000000000e+03 6.935844759014865701e+01
7.500000000000000000e+03 4.611481307977992827e+01
7.520000000000000000e+03 5.667794051331202354e+01
7.540000000000000000e+03 1.190508517856651736e+02
7.560000000000000000e+03 6.349304383106884586e+01
7.580000000000000000e+03 1.218711130858589513e+02
7.600000000000000000e+03 1.287927473764916613e+02
7.620000000000000000e+03 7.944321620407643536e+01
7.640000000000000000e+03 8.202546942282154419e+01
7.660000000000000000e+03 9.023101795355663057e+01
7.680000000000000000e+03 1.068187216071212760e+02
7.700000000000000000e+03 1.070765017055973232e+02
7.720000000000000000e+03 1.628592948446902824e+02
7.740000000000000000e+03 1.066727260658481384e+02
7.760000000000000000e+03 5.540071446632452989e+01
7.780000000000000000e+03 6.346123952804092738e+01
7.800000000000000000e+03 6.629920878081051683e+01
7.820000000000000000e+03 1.214510268313427588e+02
7.840000000000000000e+03 7.051264148028181467e+01
7.860000000000000000e+03 1.101784763601927182e+02
7.880000000000000000e+03 8.613942226737017904e+01
7.900000000000000000e+03 6.202120025821636773e+01
7.920000000000000000e+03 1.530053095796267542e+02
7.940000000000000000e+03 1.166414064536555486e+02
7.960000000000000000e+03 1.086361790000168384e+02
7.980000000000000000e+03 1.028826177075369088e+02
