0.000000000000000000e+00 2.605379782617092133e-01
1.000000000000000000e+00 1.508452611473890537e-01
2.000000000000000000e+00 7.721282333135605358e-02
3.000000000000000000e+00 5.486003570998741058e-02
4.000000000000000000e+00 5.273807623113194870e-02
5.000000000000000000e+00 5.464745907668482061e-02
6.000000000000000000e+00 5.155404631335001875e-02
7.000000000000000000e+00 5.207900961654053640e-02
8.000000000000000000e+00 5.169209236988708822e-02
9.000000000000000000e+00 5.163488319764534401e-02
1.000000000000000000e+01 5.238667784808830746e-02
1.100000000000000000e+01 5.476217169591909850e-02
1.200000000000000000e+01 4.986328829241835209e-02
1.300000000000000000e+01 4.992469146746356806e-02
1.400000000000000000e+01 6.281088730868171488e-02
1.500000000000000000e+01 1.273390125603445222e-01
1.600000000000000000e+01 1.970043994369916618e-01
1.700000000000000000e+01 4.607807102604447036e-01
1.800000000000000000e+01 3.481895021647214983e-01
1.900000000000000000e+01 6.359747004887414401e-02
2.000000000000000000e+01 2.563772042821936270e-01
2.100000000000000000e+01 2.592368840721229750e-01
2.200000000000000000e+01 3.550168779821923359e-01
2.300000000000000000e+01 1.929963385803742382e-01
2.400000000000000000e+01 2.354406690095910970e-01
2.500000000000000000e+01 1.911884209673319623e-01
2.600000000000000000e+01 1.911399660029393655e-01
2.700000000000000000e+01 1.272537329259815497e-01
2.800000000000000000e+01 1.014567266321844546e-01
2.900000000000000000e+01 2.140833886317264900e-01
3.000000000000000000e+01 9.450675753025582215e-02
3.100000000000000000e+01 6.713991869112541366e-02
3.200000000000000000e+01 5.002576497423907864e-02
3.300000000000000000e+01 6.955743462097745133e-02
3.400000000000000000e+01 9.305132367667190429e-02
3.500000000000000000e+01 5.274908094165416811e-02
3.600000000000000000e+01 2.070188947856940187e-01
3.700000000000000000e+01 6.566885932703915574e-02
3.800000000000000000e+01 9.705721227659119821e-02
3.900000000000000000e+01 5.151939586839292956e-02
4.000000000000000000e+01 5.153414032651179588e-02
4.100000000000000000e+01 6.064378887496359172e-02
4.200000000000000000e+01 5.073594407011301072e-02
4.300000000000000000e+01 7.298069107016240398e-02
4.400000000000000000e+01 5.924484209649881483e-02
4.500000000000000000e+01 4.993920518481052145e-02
4.600000000000000000e+01 5.001708311273863478e-02
4.700000000000000000e+01 4.999097406623825152e-02
4.800000000000000000e+01 5.015493514561236710e-02
4.900000000000000000e+01 4.998237077485431085e-02
5.000000000000000000e+01 4.981403671528981947e-02
5.100000000000000000e+01 5.016273225861034302e-02
5.200000000000000000e+01 4.987001198861334278e-02
5.300000000000000000e+01 6.755126709860515000e-02
5.400000000000000000e+01 5.012645582346015455e-02
5.500000000000000000e+01 5.091937176138162935e-02
5.600000000000000000e+01 4.979292683016795645e-02
5.700000000000000000e+01 4.979719565964715183e-02
5.800000000000000000e+01 4.979096315801143785e-02
5.900000000000000000e+01 4.981686555427210228e-02
6.000000000000000000e+01 4.979122443458972730e-02
6.100000000000000000e+01 4.978744144475943240e-02
6.200000000000000000e+01 4.978845317458882591e-02
6.300000000000000000e+01 4.978836137154292463e-02
6.400000000000000000e+01 4.978728303403565092e-02
6.500000000000000000e+01 4.978709468585357234e-02
6.600000000000000000e+01 4.980233558327765153e-02
6.700000000000000000e+01 4.978719975470619757e-02
6.800000000000000000e+01 4.979462184839778677e-02
6.900000000000000000e+01 5.105535211323199846e-02
7.000000000000000000e+01 7.294184889344242084e-02
7.100000000000000000e+01 4.978727556956120265e-02
7.200000000000000000e+01 4.978710457021966879e-02
7.300000000000000000e+01 4.978743557642389961e-02
7.400000000000000000e+01 4.978869761727009596e-02
7.500000000000000000e+01 5.508196799457073384e-02
7.600000000000000000e+01 4.978709248973424428e-02
7.700000000000000000e+01 4.980422390252351589e-02
7.800000000000000000e+01 8.601837698370218277e-02
7.900000000000000000e+01 5.363230969011783394e-02
8.000000000000000000e+01 1.647704906236284739e-01
8.100000000000000000e+01 4.123887672004374338e-01
8.200000000000000000e+01 3.833700614236295046e-01
8.300000000000000000e+01 1.883925369605422007e-01
8.400000000000000000e+01 2.719274514727294534e-01
8.500000000000000000e+01 2.685639727296251222e-01
8.600000000000000000e+01 2.848938712660147310e-01
8.700000000000000000e+01 2.400429272048530127e-01
8.800000000000000000e+01 2.482591098869725843e-01
8.900000000000000000e+01 2.341529629373735322e-01
9.000000000000000000e+01 3.107430522839697007e-01
9.100000000000000000e+01 2.615889994448971634e-01
9.200000000000000000e+01 3.012667344883084297e-01
9.300000000000000000e+01 8.292945799976587928e-02
9.400000000000000000e+01 2.631032882920847915e-01
9.500000000000000000e+01 2.348476765431323221e-01
9.600000000000000000e+01 1.369986731745302666e-01
9.700000000000000000e+01 3.012550304606557150e-01
9.800000000000000000e+01 3.601148007661104100e-01
9.900000000000000000e+01 3.951929918974638190e-01
1.000000000000000000e+02 3.468030311688780620e-01
1.010000000000000000e+02 2.941508744135499231e-01
1.020000000000000000e+02 2.521687689572572610e-01
1.030000000000000000e+02 2.060109026059508408e-01
1.040000000000000000e+02 2.568705884441733200e-01
1.050000000000000000e+02 2.866968378387391714e-01
1.060000000000000000e+02 2.717312636114657121e-01
1.070000000000000000e+02 2.703318135812878831e-01
1.080000000000000000e+02 2.572954560816287928e-01
1.090000000000000000e+02 2.718548598177731312e-01
1.100000000000000000e+02 3.279694428220391034e-01
1.110000000000000000e+02 3.196466961838305143e-01
1.120000000000000000e+02 2.849138702265918144e-01
1.130000000000000000e+02 2.521404257342219624e-01
1.140000000000000000e+02 2.742869887948036212e-01
1.150000000000000000e+02 2.229793230704963103e-01
1.160000000000000000e+02 3.468710618168115434e-01
1.170000000000000000e+02 3.252539438866078880e-01
1.180000000000000000e+02 3.818351129144429978e-01
1.190000000000000000e+02 4.079089183062314938e-01
1.200000000000000000e+02 3.862891540841453253e-01
1.210000000000000000e+02 5.235891402181651610e-01
1.220000000000000000e+02 3.192510305756059985e-01
1.230000000000000000e+02 2.964032300524413466e-01
1.240000000000000000e+02 4.681476425280362563e-01
1.250000000000000000e+02 4.727094830912456080e-01
1.260000000000000000e+02 4.277511179447174294e-01
1.270000000000000000e+02 4.291811985330599710e-01
1.280000000000000000e+02 5.199119396115604586e-01
1.290000000000000000e+02 3.805121705883135474e-01
1.300000000000000000e+02 3.490315075827444269e-01
1.310000000000000000e+02 2.802564779420693708e-01
1.320000000000000000e+02 4.749319109984714293e-01
1.330000000000000000e+02 4.824143662436367608e-01
1.340000000000000000e+02 3.739174259826540947e-01
1.350000000000000000e+02 1.970327952427856910e-01
1.360000000000000000e+02 1.184513696480071349e-01
1.370000000000000000e+02 3.259590092654290894e-01
1.380000000000000000e+02 2.248688325045570258e-01
1.390000000000000000e+02 5.095988091041323553e-01
1.400000000000000000e+02 4.356753773203021485e-01
1.410000000000000000e+02 3.468229651976472150e-01
1.420000000000000000e+02 3.322947391984509280e-01
1.430000000000000000e+02 2.632084433631650122e-01
1.440000000000000000e+02 1.226234818883240180e-01
1.450000000000000000e+02 3.080760166743157225e-01
1.460000000000000000e+02 1.864798541180789360e-01
1.470000000000000000e+02 1.602715270593762509e-01
1.480000000000000000e+02 5.474668166637420841e-01
1.490000000000000000e+02 6.274319604635238967e-01
1.500000000000000000e+02 6.896487527489661984e-01
1.510000000000000000e+02 9.999625466465950074e-01
1.520000000000000000e+02 9.999578214287757616e-01
1.530000000000000000e+02 9.980829962491989393e-01
1.540000000000000000e+02 9.899643612504005485e-01
1.550000000000000000e+02 9.243280329704284259e-01
1.560000000000000000e+02 7.098804747545590654e-01
1.570000000000000000e+02 7.085254315346006804e-01
1.580000000000000000e+02 7.994851443502638544e-01
1.590000000000000000e+02 8.441176332679449779e-01
1.600000000000000000e+02 7.976314168837335128e-01
1.610000000000000000e+02 6.753944649965412106e-01
1.620000000000000000e+02 6.976686790585517883e-01
1.630000000000000000e+02 6.308614672240564492e-01
1.640000000000000000e+02 7.000561904181078487e-01
1.650000000000000000e+02 7.504362839127555196e-01
1.660000000000000000e+02 7.727876611324171474e-01
1.670000000000000000e+02 7.410479377616535634e-01
1.680000000000000000e+02 7.356162000962389591e-01
1.690000000000000000e+02 8.134915222486944764e-01
1.700000000000000000e+02 6.622099227939092225e-01
1.710000000000000000e+02 6.398662543892860155e-01
1.720000000000000000e+02 8.781227662965849223e-01
1.730000000000000000e+02 9.601159023046493823e-01
1.740000000000000000e+02 8.979542628584200603e-01
1.750000000000000000e+02 9.129251422493585011e-01
1.760000000000000000e+02 8.408245638779857645e-01
1.770000000000000000e+02 7.727580524422228425e-01
1.780000000000000000e+02 9.051035766601562838e-01
1.790000000000000000e+02 9.072083100825548696e-01
1.800000000000000000e+02 7.759492650032043803e-01
1.810000000000000000e+02 7.799339687265455234e-01
1.820000000000000000e+02 8.434792294800281809e-01
1.830000000000000000e+02 6.613731299340724901e-01
1.840000000000000000e+02 5.393654498383402274e-01
1.850000000000000000e+02 5.942051037549972436e-01
1.860000000000000000e+02 5.094982005655765978e-01
1.870000000000000000e+02 5.308404706940055284e-01
1.880000000000000000e+02 5.363992861509323529e-01
1.890000000000000000e+02 6.173819496780633687e-01
1.900000000000000000e+02 5.495121032297610730e-01
1.910000000000000000e+02 6.368646360337734125e-01
1.920000000000000000e+02 7.066150198280811701e-01
1.930000000000000000e+02 8.046580839157104759e-01
1.940000000000000000e+02 7.447279865443706681e-01
1.950000000000000000e+02 7.602468482851981735e-01
1.960000000000000000e+02 8.459549829959869260e-01
1.970000000000000000e+02 6.993659175336360834e-01
1.980000000000000000e+02 8.032327276468277377e-01
1.990000000000000000e+02 6.131056232398814920e-01
2.000000000000000000e+02 7.256919601887606985e-01
2.010000000000000000e+02 7.361856611569722597e-01
2.020000000000000000e+02 8.603661468625068975e-01
2.030000000000000000e+02 8.574353393316268557e-01
2.040000000000000000e+02 8.518670930266379893e-01
2.050000000000000000e+02 8.786890350878239220e-01
2.060000000000000000e+02 8.635485605597496006e-01
2.070000000000000000e+02 8.590884722471237023e-01
2.080000000000000000e+02 8.709338574409485334e-01
2.090000000000000000e+02 7.273291808217764443e-01
2.100000000000000000e+02 7.038337230980395987e-01
2.110000000000000000e+02 7.451367265284061236e-01
2.120000000000000000e+02 6.639822275713086475e-01
2.130000000000000000e+02 7.485076489448547754e-01
2.140000000000000000e+02 7.126126902103424587e-01
2.150000000000000000e+02 7.271414384990930735e-01
2.160000000000000000e+02 6.891569717526435657e-01
2.170000000000000000e+02 6.683421176075935444e-01
2.180000000000000000e+02 8.427734659910202097e-01
2.190000000000000000e+02 8.251179663836956113e-01
2.200000000000000000e+02 8.749242831468582171e-01
2.210000000000000000e+02 9.053476402759551567e-01
2.220000000000000000e+02 9.463525037169456811e-01
2.230000000000000000e+02 9.467024720907211144e-01
2.240000000000000000e+02 9.379206717312336128e-01
2.250000000000000000e+02 9.559547627568244499e-01
2.260000000000000000e+02 9.781160992383957087e-01
2.270000000000000000e+02 9.610674594640731261e-01
2.280000000000000000e+02 9.640189580321312235e-01
2.290000000000000000e+02 9.401686343550682556e-01
2.300000000000000000e+02 9.683063314557075474e-01
2.310000000000000000e+02 9.836795639991759987e-01
2.320000000000000000e+02 9.426461614966392677e-01
2.330000000000000000e+02 9.373675217926502601e-01
2.340000000000000000e+02 9.600010860562324666e-01
2.350000000000000000e+02 9.201040546298027145e-01
2.360000000000000000e+02 9.185189276337623054e-01
2.370000000000000000e+02 9.122306573971182830e-01
2.380000000000000000e+02 8.444474439062178428e-01
2.390000000000000000e+02 9.518687821030616947e-01
2.400000000000000000e+02 9.725330618619918432e-01
2.410000000000000000e+02 9.366332321166992436e-01
2.420000000000000000e+02 9.291449046730995143e-01
2.430000000000000000e+02 9.775327206850051853e-01
2.440000000000000000e+02 9.185215957164764022e-01
2.450000000000000000e+02 9.971057878732680901e-01
2.460000000000000000e+02 9.874085138440131804e-01
2.470000000000000000e+02 9.991132611632347338e-01
2.480000000000000000e+02 9.957410793900489665e-01
2.490000000000000000e+02 9.951836659908294136e-01
2.500000000000000000e+02 9.967136797904968537e-01
2.510000000000000000e+02 9.974609219431876950e-01
2.520000000000000000e+02 9.948693017959594487e-01
2.530000000000000000e+02 9.789269738197327042e-01
2.540000000000000000e+02 9.864301897287368615e-01
2.550000000000000000e+02 9.989801543951034590e-01
2.560000000000000000e+02 9.864134311676024947e-01
2.570000000000000000e+02 9.046881778240203342e-01
2.580000000000000000e+02 9.383809450864791790e-01
2.590000000000000000e+02 9.839946079850196980e-01
2.600000000000000000e+02 9.983608317375183283e-01
2.610000000000000000e+02 9.953259899020194812e-01
2.620000000000000000e+02 9.939635460376738951e-01
2.630000000000000000e+02 9.875879791378975314e-01
2.640000000000000000e+02 9.271091458201408120e-01
2.650000000000000000e+02 9.600463458895682756e-01
2.660000000000000000e+02 9.826178278923034526e-01
2.670000000000000000e+02 9.872227463126183045e-01
2.680000000000000000e+02 9.804910107851028123e-01
2.690000000000000000e+02 9.736558523774146989e-01
2.700000000000000000e+02 9.913549875020980506e-01
2.710000000000000000e+02 9.574344215989112339e-01
2.720000000000000000e+02 9.972235617637634775e-01
2.730000000000000000e+02 9.885374154448509643e-01
2.740000000000000000e+02 9.670928971767425164e-01
2.750000000000000000e+02 9.900209026336670437e-01
2.760000000000000000e+02 9.642244391441344709e-01
2.770000000000000000e+02 9.246185871958733093e-01
2.780000000000000000e+02 9.539599145054816764e-01
2.790000000000000000e+02 9.280061861872672679e-01
2.800000000000000000e+02 9.218028197288513637e-01
2.810000000000000000e+02 9.574017455577850111e-01
2.820000000000000000e+02 9.485836058259010661e-01
2.830000000000000000e+02 9.966160916090011090e-01
2.840000000000000000e+02 9.548377363085747138e-01
2.850000000000000000e+02 9.852604966759681560e-01
2.860000000000000000e+02 9.582821347117423949e-01
2.870000000000000000e+02 9.660003974437713081e-01
2.880000000000000000e+02 9.708804662227630278e-01
2.890000000000000000e+02 9.885353423953056051e-01
2.900000000000000000e+02 9.247021364569664170e-01
2.910000000000000000e+02 9.718061549663543630e-01
2.920000000000000000e+02 9.800856955051422403e-01
2.930000000000000000e+02 9.288998023867607312e-01
2.940000000000000000e+02 9.744139834642410181e-01
2.950000000000000000e+02 9.557174480557442120e-01
2.960000000000000000e+02 9.900524286031723298e-01
2.970000000000000000e+02 9.812093141674995689e-01
2.980000000000000000e+02 9.914238034486770879e-01
2.990000000000000000e+02 9.956487120894372822e-01
3.000000000000000000e+02 9.992769158482551761e-01
3.010000000000000000e+02 9.993141077160835328e-01
3.020000000000000000e+02 9.980396686196326694e-01
3.030000000000000000e+02 9.988525589704513319e-01
3.040000000000000000e+02 9.993370036482811525e-01
3.050000000000000000e+02 9.331475908756255988e-01
3.060000000000000000e+02 9.295910619497299576e-01
3.070000000000000000e+02 9.981050596237183159e-01
3.080000000000000000e+02 7.948906607031822613e-01
3.090000000000000000e+02 9.262490845918655014e-01
3.100000000000000000e+02 8.735391474366187570e-01
3.110000000000000000e+02 8.508140210509300694e-01
3.120000000000000000e+02 9.744810568094253167e-01
3.130000000000000000e+02 8.806180639863013804e-01
3.140000000000000000e+02 9.746731455326080873e-01
3.150000000000000000e+02 9.262536209821701227e-01
3.160000000000000000e+02 8.750121522545813990e-01
3.170000000000000000e+02 8.712940380573273025e-01
3.180000000000000000e+02 8.997364587187767215e-01
3.190000000000000000e+02 8.871014371514320818e-01
3.200000000000000000e+02 9.238225849866866790e-01
3.210000000000000000e+02 9.464308227896690573e-01
3.220000000000000000e+02 8.856136051416396704e-01
3.230000000000000000e+02 8.983655320405959932e-01
3.240000000000000000e+02 9.452168691158294722e-01
3.250000000000000000e+02 9.571928454637527173e-01
3.260000000000000000e+02 9.094859431385994286e-01
3.270000000000000000e+02 8.986959450244903502e-01
3.280000000000000000e+02 9.345952401757240402e-01
3.290000000000000000e+02 9.199663874506950334e-01
3.300000000000000000e+02 9.933247044682502747e-01
3.310000000000000000e+02 9.970166766643524525e-01
3.320000000000000000e+02 9.520509239435196447e-01
3.330000000000000000e+02 9.514304996728897290e-01
3.340000000000000000e+02 9.373446162939071957e-01
3.350000000000000000e+02 9.508103773593902242e-01
3.360000000000000000e+02 9.848332086205482394e-01
3.370000000000000000e+02 9.876890799403190702e-01
3.380000000000000000e+02 9.876296788454055342e-01
3.390000000000000000e+02 9.594240430593490299e-01
3.400000000000000000e+02 9.664143804907798785e-01
3.410000000000000000e+02 9.804221417307853459e-01
3.420000000000000000e+02 9.791043245196342504e-01
3.430000000000000000e+02 9.922991858720779934e-01
3.440000000000000000e+02 9.891147776246070888e-01
3.450000000000000000e+02 9.957519434690474958e-01
3.460000000000000000e+02 9.840964425802231075e-01
3.470000000000000000e+02 9.850979230403900111e-01
3.480000000000000000e+02 9.887183442115783372e-01
3.490000000000000000e+02 9.600146221518516265e-01
3.500000000000000000e+02 9.213015099763870452e-01
3.510000000000000000e+02 9.739280883073806461e-01
3.520000000000000000e+02 9.636532436832785375e-01
3.530000000000000000e+02 9.876724913716316001e-01
3.540000000000000000e+02 9.586923841004059144e-01
3.550000000000000000e+02 9.962145508381358150e-01
3.560000000000000000e+02 8.692214270556195554e-01
3.570000000000000000e+02 9.812861396372318801e-01
3.580000000000000000e+02 9.859702287912368579e-01
3.590000000000000000e+02 9.799899831712245435e-01
3.600000000000000000e+02 9.928265113830566646e-01
3.610000000000000000e+02 9.966844238042831261e-01
3.620000000000000000e+02 9.795380193293095061e-01
3.630000000000000000e+02 9.904581531286239526e-01
3.640000000000000000e+02 9.883202678263187657e-01
3.650000000000000000e+02 9.753098248690367233e-01
3.660000000000000000e+02 9.895414257049560680e-01
3.670000000000000000e+02 9.839816334843635159e-01
3.680000000000000000e+02 9.910402912795543973e-01
3.690000000000000000e+02 9.978718987107276783e-01
3.700000000000000000e+02 9.978127966523170356e-01
3.710000000000000000e+02 9.941607549190520920e-01
3.720000000000000000e+02 9.927617816329001865e-01
3.730000000000000000e+02 9.947617970705032731e-01
3.740000000000000000e+02 9.884835935235023463e-01
3.750000000000000000e+02 9.888442559242248686e-01
3.760000000000000000e+02 9.927114864587783805e-01
3.770000000000000000e+02 9.967044424414635007e-01
3.780000000000000000e+02 9.972112393379211071e-01
3.790000000000000000e+02 9.979094056487083364e-01
3.800000000000000000e+02 9.951562759876251274e-01
3.810000000000000000e+02 9.955765747427940404e-01
3.820000000000000000e+02 9.982903159856796327e-01
3.830000000000000000e+02 9.999482433795928715e-01
3.840000000000000000e+02 9.965953245759010537e-01
3.850000000000000000e+02 9.991422296762466626e-01
3.860000000000000000e+02 9.985060228705405772e-01
3.870000000000000000e+02 9.948140982389449549e-01
3.880000000000000000e+02 9.945826706290245012e-01
3.890000000000000000e+02 9.997560786604881011e-01
3.900000000000000000e+02 9.998046328425407303e-01
3.910000000000000000e+02 9.993196340203285288e-01
3.920000000000000000e+02 9.979829758405684981e-01
3.930000000000000000e+02 9.995629535913467256e-01
3.940000000000000000e+02 9.922944650650024068e-01
3.950000000000000000e+02 9.960892333388328135e-01
3.960000000000000000e+02 9.998653499484062568e-01
3.970000000000000000e+02 9.998828464746475353e-01
3.980000000000000000e+02 9.998623163700103289e-01
3.990000000000000000e+02 9.999923000335693146e-01
4.000000000000000000e+02 9.920096145272254695e-01
4.010000000000000000e+02 9.888844467401504135e-01
4.020000000000000000e+02 9.976745809912681562e-01
4.030000000000000000e+02 9.986380272005733749e-01
4.040000000000000000e+02 9.986496409591363310e-01
4.050000000000000000e+02 9.861456204652786495e-01
4.060000000000000000e+02 9.989949637651442949e-01
4.070000000000000000e+02 9.900780392885207837e-01
4.080000000000000000e+02 9.904402321577072676e-01
4.090000000000000000e+02 9.945839454531669732e-01
4.100000000000000000e+02 9.980510038733482192e-01
4.110000000000000000e+02 9.928795047402382279e-01
4.120000000000000000e+02 9.968842651247977749e-01
4.130000000000000000e+02 9.962041327953338188e-01
4.140000000000000000e+02 9.920038968920708022e-01
4.150000000000000000e+02 9.919949980378151011e-01
4.160000000000000000e+02 9.927464802265166810e-01
4.170000000000000000e+02 9.241835528612136752e-01
4.180000000000000000e+02 9.880600012540817767e-01
4.190000000000000000e+02 9.606189734339714015e-01
4.200000000000000000e+02 9.850146398544311621e-01
4.210000000000000000e+02 9.732859720587729857e-01
4.220000000000000000e+02 9.867096977233886790e-01
4.230000000000000000e+02 9.760397617816924942e-01
4.240000000000000000e+02 9.292546051144600083e-01
4.250000000000000000e+02 9.679080999493598902e-01
4.260000000000000000e+02 9.909865679144859163e-01
4.270000000000000000e+02 9.288479899764060521e-01
4.280000000000000000e+02 9.614188470244408036e-01
4.290000000000000000e+02 9.789298308491707346e-01
4.300000000000000000e+02 9.593862245082854789e-01
4.310000000000000000e+02 9.720702573060989726e-01
4.320000000000000000e+02 9.533176857829094297e-01
4.330000000000000000e+02 9.911848801970482015e-01
4.340000000000000000e+02 9.601149260401725671e-01
4.350000000000000000e+02 9.570784739851951883e-01
4.360000000000000000e+02 9.662284443974494819e-01
4.370000000000000000e+02 9.490493478178978481e-01
4.380000000000000000e+02 9.093891398906708279e-01
4.390000000000000000e+02 9.549959135651588937e-01
4.400000000000000000e+02 9.810706488490105182e-01
4.410000000000000000e+02 9.739450471997260772e-01
4.420000000000000000e+02 9.365021280646323998e-01
4.430000000000000000e+02 9.849858896732330837e-01
4.440000000000000000e+02 9.849973194003105448e-01
4.450000000000000000e+02 9.897457470297813531e-01
4.460000000000000000e+02 9.787831488251685919e-01
4.470000000000000000e+02 9.951734868884086760e-01
4.480000000000000000e+02 9.950759450793266181e-01
4.490000000000000000e+02 9.964553734660148709e-01
4.500000000000000000e+02 9.827502167820930667e-01
4.510000000000000000e+02 7.529982739686965632e-01
4.520000000000000000e+02 6.712157637476920957e-01
4.530000000000000000e+02 6.681532304286956769e-01
4.540000000000000000e+02 6.748239943385123674e-01
4.550000000000000000e+02 9.674441593885422241e-01
4.560000000000000000e+02 8.093594223260879295e-01
4.570000000000000000e+02 6.644250274896621455e-01
4.580000000000000000e+02 7.668368297815323364e-01
4.590000000000000000e+02 7.701952531337737939e-01
4.600000000000000000e+02 7.283779106736183451e-01
4.610000000000000000e+02 7.578904921412468187e-01
4.620000000000000000e+02 7.595151469707489555e-01
4.630000000000000000e+02 8.125742890238761840e-01
4.640000000000000000e+02 7.752274343371391430e-01
4.650000000000000000e+02 7.631457079648971131e-01
4.660000000000000000e+02 7.464000321030617169e-01
4.670000000000000000e+02 7.399015945792197790e-01
4.680000000000000000e+02 7.908313871622085767e-01
4.690000000000000000e+02 7.649122610092162766e-01
4.700000000000000000e+02 7.624059671163558871e-01
4.710000000000000000e+02 7.327115969657898020e-01
4.720000000000000000e+02 7.363320299386978407e-01
4.730000000000000000e+02 7.554060623049736467e-01
4.740000000000000000e+02 7.383442456722260072e-01
4.750000000000000000e+02 7.599280132055282744e-01
4.760000000000000000e+02 7.524128061532974199e-01
4.770000000000000000e+02 7.666765235066413942e-01
4.780000000000000000e+02 7.628136160373687469e-01
4.790000000000000000e+02 8.335455822348594168e-01
4.800000000000000000e+02 7.687482199072838140e-01
4.810000000000000000e+02 7.988655385971069611e-01
4.820000000000000000e+02 7.592436769604682389e-01
4.830000000000000000e+02 7.488922309875488681e-01
4.840000000000000000e+02 7.888818842768668960e-01
4.850000000000000000e+02 8.174882537126541004e-01
4.860000000000000000e+02 8.744500491023063926e-01
4.870000000000000000e+02 9.761200267672538455e-01
4.880000000000000000e+02 9.278457157015800316e-01
4.890000000000000000e+02 8.992869821190834223e-01
4.900000000000000000e+02 9.947502557635307108e-01
4.910000000000000000e+02 9.824206184148788212e-01
4.920000000000000000e+02 9.664909370541572287e-01
4.930000000000000000e+02 9.898065434694289788e-01
4.940000000000000000e+02 6.856566590666770544e-01
4.950000000000000000e+02 9.792354678511620003e-01
4.960000000000000000e+02 9.421256436109542998e-01
4.970000000000000000e+02 8.848459799289702943e-01
4.980000000000000000e+02 7.734675865173339382e-01
4.990000000000000000e+02 8.014728590846061929e-01
5.000000000000000000e+02 6.900021535754203850e-01
5.010000000000000000e+02 8.382711335420608423e-01
5.020000000000000000e+02 7.888426699042320189e-01
5.030000000000000000e+02 8.035509064197540186e-01
5.040000000000000000e+02 7.894686956405639888e-01
5.050000000000000000e+02 6.172048979401588698e-01
5.060000000000000000e+02 7.016164951324462828e-01
5.070000000000000000e+02 6.649010959863662640e-01
5.080000000000000000e+02 8.585329255461693343e-01
5.090000000000000000e+02 7.768397344350814748e-01
5.100000000000000000e+02 8.993974827527999594e-01
5.110000000000000000e+02 9.171901440620422452e-01
5.120000000000000000e+02 7.582332795262336500e-01
5.130000000000000000e+02 9.426211216640024704e-01
5.140000000000000000e+02 9.832194049237510391e-01
5.150000000000000000e+02 7.569164323806762962e-01
5.160000000000000000e+02 7.417124280333519115e-01
5.170000000000000000e+02 7.077119385600090240e-01
5.180000000000000000e+02 7.391490044593811426e-01
5.190000000000000000e+02 1.000000000000000000e+00
5.200000000000000000e+02 7.847943614125252321e-01
5.210000000000000000e+02 8.385711039304732939e-01
5.220000000000000000e+02 8.996763635277748028e-01
5.230000000000000000e+02 9.987327616214751735e-01
5.240000000000000000e+02 9.982315543293952542e-01
5.250000000000000000e+02 8.007309494018555185e-01
5.260000000000000000e+02 7.591743469238281250e-01
5.270000000000000000e+02 9.974688851237296650e-01
5.280000000000000000e+02 9.999345210790634431e-01
5.290000000000000000e+02 9.972905163893497349e-01
5.300000000000000000e+02 9.972535508275032212e-01
5.310000000000000000e+02 9.989662496447563322e-01
5.320000000000000000e+02 9.995608839355869524e-01
5.330000000000000000e+02 8.876240317225456700e-01
5.340000000000000000e+02 9.780264429381636537e-01
5.350000000000000000e+02 9.859798520803451094e-01
5.360000000000000000e+02 9.461878632857921856e-01
5.370000000000000000e+02 9.883502327478849159e-01
5.380000000000000000e+02 8.330611017346382097e-01
5.390000000000000000e+02 9.602041418552398344e-01
5.400000000000000000e+02 9.022926048040390556e-01
5.410000000000000000e+02 9.429848691225052315e-01
5.420000000000000000e+02 9.168347676992416595e-01
5.430000000000000000e+02 9.208985738158226297e-01
5.440000000000000000e+02 8.671287403702735430e-01
5.450000000000000000e+02 8.975308743693682922e-01
5.460000000000000000e+02 9.511482374668120965e-01
5.470000000000000000e+02 8.227059947848319732e-01
5.480000000000000000e+02 6.684903203248977466e-01
5.490000000000000000e+02 6.609997919201850980e-01
5.500000000000000000e+02 6.831886584460735712e-01
5.510000000000000000e+02 6.081196221560239978e-01
5.520000000000000000e+02 5.852821129560470403e-01
5.530000000000000000e+02 7.588497458845376853e-01
5.540000000000000000e+02 7.998519370704889608e-01
5.550000000000000000e+02 5.444407071322202585e-01
5.560000000000000000e+02 3.353161038160323848e-01
5.570000000000000000e+02 3.615058637857437307e-01
5.580000000000000000e+02 5.030960581749677196e-01
5.590000000000000000e+02 6.638064343035221526e-01
5.600000000000000000e+02 5.814661674797535484e-01
5.610000000000000000e+02 7.981529684066772656e-01
5.620000000000000000e+02 7.275323882699012978e-01
5.630000000000000000e+02 8.146401899456977569e-01
5.640000000000000000e+02 8.384323947429657142e-01
5.650000000000000000e+02 9.208148956894874892e-01
5.660000000000000000e+02 7.855214686393737766e-01
5.670000000000000000e+02 5.038885041289031808e-01
5.680000000000000000e+02 8.116817358136176885e-01
5.690000000000000000e+02 9.690439054965972465e-01
5.700000000000000000e+02 9.808704217672348236e-01
5.710000000000000000e+02 9.884815723001957322e-01
5.720000000000000000e+02 9.565085177421569496e-01
5.730000000000000000e+02 9.594261719278953660e-01
5.740000000000000000e+02 9.488460166826844233e-01
5.750000000000000000e+02 9.911913812512488375e-01
5.760000000000000000e+02 9.996649549718488181e-01
5.770000000000000000e+02 9.997488665911886674e-01
5.780000000000000000e+02 9.999236785847207543e-01
5.790000000000000000e+02 9.931619573330533468e-01
5.800000000000000000e+02 9.943444919586181818e-01
5.810000000000000000e+02 9.766991986036300810e-01
5.820000000000000000e+02 8.151033442616463232e-01
5.830000000000000000e+02 7.019266129136085830e-01
5.840000000000000000e+02 7.517260311841964526e-01
5.850000000000000000e+02 8.791612377464771422e-01
5.860000000000000000e+02 7.155089481472969304e-01
5.870000000000000000e+02 6.582265286445617702e-01
5.880000000000000000e+02 8.013230379819870075e-01
5.890000000000000000e+02 7.967255966663360223e-01
5.900000000000000000e+02 8.412858614325523510e-01
5.910000000000000000e+02 7.291132342219353024e-01
5.920000000000000000e+02 6.423618395328521968e-01
5.930000000000000000e+02 7.579203867316246512e-01
5.940000000000000000e+02 7.598213728666305400e-01
5.950000000000000000e+02 6.841305014491081415e-01
5.960000000000000000e+02 6.630928818583488038e-01
5.970000000000000000e+02 7.814039067029953101e-01
5.980000000000000000e+02 9.509480746984482202e-01
5.990000000000000000e+02 7.022890669107436645e-01
