0.000000000000000000e+00 -6.581322562868815567e+02
1.000000000000000000e+00 -5.087695419831900381e+02
2.000000000000000000e+00 -1.789997352981042468e+03
3.000000000000000000e+00 -3.507221268088228499e+02
4.000000000000000000e+00 -6.951048008270627179e+02
5.000000000000000000e+00 -2.889010736946343059e+02
6.000000000000000000e+00 -2.752724028512641894e+02
7.000000000000000000e+00 -2.136039083942243337e+02
8.000000000000000000e+00 -2.554080951352983391e+02
9.000000000000000000e+00 -2.167812750530709422e+02
1.000000000000000000e+01 -1.825674347662847197e+02
1.100000000000000000e+01 -9.246991936290558556e+01
1.200000000000000000e+01 -2.845792190408473061e+02
1.300000000000000000e+01 -2.625077631719295255e+02
1.400000000000000000e+01 -2.375259582192725816e+02
1.500000000000000000e+01 -1.939231629603230260e+02
1.600000000000000000e+01 -1.042873577509803482e+02
1.700000000000000000e+01 -3.902997274552798501e+01
1.800000000000000000e+01 -3.649980259855313136e+01
1.900000000000000000e+01 -3.272865604731236999e+02
2.000000000000000000e+01 -1.760501778747938602e+02
2.100000000000000000e+01 -3.643689567700138809e+02
2.200000000000000000e+01 -7.911914000896854304e+01
2.300000000000000000e+01 -2.219006683168543930e+02
2.400000000000000000e+01 -3.621890568940158772e+01
2.500000000000000000e+01 -7.996506350136797892e+01
2.600000000000000000e+01 -1.039036756813000153e+02
2.700000000000000000e+01 -3.750112597122219995e+02
2.800000000000000000e+01 -2.144571145065077076e+02
2.900000000000000000e+01 -1.753218002487382705e+02
3.000000000000000000e+01 -1.320583484893308537e+02
3.100000000000000000e+01 -1.155191162506719991e+02
3.200000000000000000e+01 -6.008786190174473063e+01
3.300000000000000000e+01 -2.027246950562688141e+02
3.400000000000000000e+01 -3.569882504391336511e+02
3.500000000000000000e+01 -5.717359909688793351e+01
3.600000000000000000e+01 -1.338852990779379013e+02
3.700000000000000000e+01 -3.232118861851117799e+02
3.800000000000000000e+01 -2.811356215504807778e+02
3.900000000000000000e+01 -2.317101805649057269e+02
4.000000000000000000e+01 -2.407371020655018583e+02
4.100000000000000000e+01 -2.735289217436517220e+02
4.200000000000000000e+01 -1.193342046242989340e+02
4.300000000000000000e+01 -1.915328754462036045e+02
4.400000000000000000e+01 -2.512241262689285293e+02
4.500000000000000000e+01 -2.067898656113139850e+02
4.600000000000000000e+01 -2.485158431709319871e+02
4.700000000000000000e+01 -1.724110655295136496e+02
4.800000000000000000e+01 -1.952959963623471822e+02
4.900000000000000000e+01 -2.257395329612479031e+02
5.000000000000000000e+01 -8.724241827023499241e+01
5.100000000000000000e+01 -1.783811888978755178e+02
5.200000000000000000e+01 -1.184818046867729038e+02
5.300000000000000000e+01 -3.783599718287108544e+02
5.400000000000000000e+01 -2.327815196991110156e+02
5.500000000000000000e+01 -2.571323000604987783e+02
5.600000000000000000e+01 -1.506813691675162374e+02
5.700000000000000000e+01 -1.729217188053752920e+02
5.800000000000000000e+01 -1.611797340128901510e+02
5.900000000000000000e+01 -1.469384307567506198e+02
6.000000000000000000e+01 -1.615184558584034846e+02
6.100000000000000000e+01 -1.260798127212430302e+02
6.200000000000000000e+01 -1.665446575066265780e+02
6.300000000000000000e+01 -1.728551151950407530e+02
6.400000000000000000e+01 -1.684000269158263450e+02
6.500000000000000000e+01 -1.519547904211527509e+02
6.600000000000000000e+01 -1.689518466032952233e+02
6.700000000000000000e+01 -1.526331603694719661e+02
6.800000000000000000e+01 -1.646932394418763295e+02
6.900000000000000000e+01 -2.628915398756296327e+02
7.000000000000000000e+01 -1.263063314933705641e+02
7.100000000000000000e+01 -1.675027767033823807e+02
7.200000000000000000e+01 -1.229804567410565710e+02
7.300000000000000000e+01 -1.193996500356898736e+02
7.400000000000000000e+01 -2.108204817101799335e+02
7.500000000000000000e+01 -1.010720228603649815e+02
7.600000000000000000e+01 -2.479404239353675905e+02
7.700000000000000000e+01 -9.821380583372247486e+01
7.800000000000000000e+01 -4.932597751197810254e+01
7.900000000000000000e+01 -8.513794657535981969e+01
8.000000000000000000e+01 9.614186543293280351e+01
8.100000000000000000e+01 -1.183605341977603729e+02
8.200000000000000000e+01 -6.998191170744883038e+01
8.300000000000000000e+01 -1.299708196183943620e+01
8.400000000000000000e+01 -1.737361765436926362e+02
8.500000000000000000e+01 -1.310489229716712885e+02
8.600000000000000000e+01 -1.340682946853538056e+02
8.700000000000000000e+01 -1.417279494156722706e+02
8.800000000000000000e+01 -1.579528663817657730e+02
8.900000000000000000e+01 -1.193623140853934217e+02
9.000000000000000000e+01 -1.396529512409975382e+02
9.100000000000000000e+01 -1.772742523750644352e+02
9.200000000000000000e+01 -9.582514209282423678e+01
9.300000000000000000e+01 -7.713505648680768445e+01
9.400000000000000000e+01 -1.064318729752003208e+02
9.500000000000000000e+01 -9.564055545169877348e+01
9.600000000000000000e+01 -6.390902471418171160e+01
9.700000000000000000e+01 -2.034367276520675105e+01
9.800000000000000000e+01 -3.884099089485035705e+01
9.900000000000000000e+01 -6.420170896862209986e+01
1.000000000000000000e+02 -8.350586754374920417e+01
1.010000000000000000e+02 -4.342947436737680356e+00
1.020000000000000000e+02 -5.461142598217055877e+01
1.030000000000000000e+02 -1.802840116124846759e+01
1.040000000000000000e+02 -4.703327680047281945e+01
1.050000000000000000e+02 -3.311838426865069351e+01
1.060000000000000000e+02 -9.021339228723236658e+01
1.070000000000000000e+02 -1.125866169897031881e+02
1.080000000000000000e+02 -9.927292835682422378e+01
1.090000000000000000e+02 -4.199561857261138442e+01
1.100000000000000000e+02 -7.757336249136186268e+01
1.110000000000000000e+02 -7.554297375825026961e+01
1.120000000000000000e+02 -6.105169229662732278e+01
1.130000000000000000e+02 -7.248539592414448407e+01
1.140000000000000000e+02 -4.358549357193214746e+01
1.150000000000000000e+02 -4.879324544400327035e+00
1.160000000000000000e+02 -3.950789603747523415e+01
1.170000000000000000e+02 -3.677727791180249284e+01
1.180000000000000000e+02 -2.414779024625791948e+01
1.190000000000000000e+02 -1.588871800710030868e+01
1.200000000000000000e+02 -1.859246395549598105e+02
1.210000000000000000e+02 -1.404757167224364878e+02
1.220000000000000000e+02 -2.396012537064671335e+02
1.230000000000000000e+02 -3.736319450757991234e+01
1.240000000000000000e+02 -6.369701168857776707e+01
1.250000000000000000e+02 -1.472613013599758460e+02
1.260000000000000000e+02 -1.500801044591364644e+02
1.270000000000000000e+02 -1.852007945743436039e+02
1.280000000000000000e+02 -1.044844184360494523e+02
1.290000000000000000e+02 -1.241603513143525532e+02
1.300000000000000000e+02 -1.923348850145479787e+02
1.310000000000000000e+02 -1.763150844705852762e+02
1.320000000000000000e+02 -1.132790537690640775e+02
1.330000000000000000e+02 -1.063295106929984826e+02
1.340000000000000000e+02 -1.018098097843780749e+02
1.350000000000000000e+02 -1.015235256783393964e+02
1.360000000000000000e+02 -1.903873940577646238e+02
1.370000000000000000e+02 -2.166667365889979919e+02
1.380000000000000000e+02 -2.110219404100240013e+02
1.390000000000000000e+02 -1.928771691900465441e+02
1.400000000000000000e+02 -2.414499944503194229e+02
1.410000000000000000e+02 -2.548715729233530283e+02
1.420000000000000000e+02 -2.077758961239148334e+02
1.430000000000000000e+02 -1.357323117446814251e+02
1.440000000000000000e+02 -1.020865864780397629e+02
1.450000000000000000e+02 -8.537037258443245946e+01
1.460000000000000000e+02 -8.066689969370536062e+00
1.470000000000000000e+02 -5.900912033047868022e+01
1.480000000000000000e+02 -3.492848956208484879e+01
1.490000000000000000e+02 -1.227368752982825697e+02
1.500000000000000000e+02 -7.795351208250195896e+01
1.510000000000000000e+02 -1.127618869773703096e+02
1.520000000000000000e+02 -6.652422734134741233e+01
1.530000000000000000e+02 -2.638205385679751913e+01
1.540000000000000000e+02 -5.521530985418333870e+01
1.550000000000000000e+02 -3.912063862553242899e+01
1.560000000000000000e+02 -1.374811321081106428e+02
1.570000000000000000e+02 -1.698957220021597720e+02
1.580000000000000000e+02 -1.108465437964826066e+02
1.590000000000000000e+02 -1.203792149761646897e+02
1.600000000000000000e+02 -1.330958488069782959e+02
1.610000000000000000e+02 -1.020230867504504459e+02
1.620000000000000000e+02 -1.045510470100643232e+02
1.630000000000000000e+02 -1.080327860368139028e+02
1.640000000000000000e+02 -1.672373145431533317e+02
1.650000000000000000e+02 -8.466738121449448329e+01
1.660000000000000000e+02 -1.566963112676174887e+02
1.670000000000000000e+02 -1.387190681041286666e+02
1.680000000000000000e+02 -1.431340513821762670e+02
1.690000000000000000e+02 -1.139926582412899592e+02
1.700000000000000000e+02 -1.591142858667784594e+02
1.710000000000000000e+02 -7.444582514577352583e+01
1.720000000000000000e+02 -2.952828045083392112e+02
1.730000000000000000e+02 -1.473599316194547839e+02
1.740000000000000000e+02 -2.274697677129413478e+02
1.750000000000000000e+02 -2.656496532161293089e+02
1.760000000000000000e+02 -2.009394280986957995e+02
1.770000000000000000e+02 -1.012680076188224945e+02
1.780000000000000000e+02 -9.976811561691020813e+01
1.790000000000000000e+02 -4.351060282516044708e+01
1.800000000000000000e+02 -7.118454712776758342e+00
1.810000000000000000e+02 -7.194417253275577018e+00
1.820000000000000000e+02 -4.655081838989907084e+01
1.830000000000000000e+02 -4.082880824274739240e+01
1.840000000000000000e+02 -2.854856943971683592e+01
1.850000000000000000e+02 -4.302084107734194873e+01
1.860000000000000000e+02 -1.773998458588743787e+01
1.870000000000000000e+02 -2.384428825849590439e+01
1.880000000000000000e+02 -4.585753517192712181e+00
1.890000000000000000e+02 -3.118352224985882870e+01
1.900000000000000000e+02 -3.541601888674171761e+01
1.910000000000000000e+02 -5.515735551817486737e+01
1.920000000000000000e+02 -2.333612538954526627e+01
1.930000000000000000e+02 -6.651278349733051698e+01
1.940000000000000000e+02 -4.176869561263497133e+01
1.950000000000000000e+02 -1.682250702249950791e+01
1.960000000000000000e+02 -6.724860950381665248e+01
1.970000000000000000e+02 5.088383315970323117e+00
1.980000000000000000e+02 -4.980275072498177025e+01
1.990000000000000000e+02 -4.830946759032114102e+01
2.000000000000000000e+02 -8.313918934968128838e+01
2.010000000000000000e+02 -7.527829026891194530e+01
2.020000000000000000e+02 -5.720900270785870845e+01
2.030000000000000000e+02 -3.497009668169123842e+01
2.040000000000000000e+02 -7.987684946890404092e+01
2.050000000000000000e+02 -7.989864618368572735e+01
2.060000000000000000e+02 -4.115229990528631987e+01
2.070000000000000000e+02 -4.102000117033868776e+01
2.080000000000000000e+02 -4.749652438002574684e+01
2.090000000000000000e+02 -7.790245430654231029e+01
2.100000000000000000e+02 -2.377372291454025799e+01
2.110000000000000000e+02 -6.266930074409898310e+01
2.120000000000000000e+02 -3.956018833000559454e+01
2.130000000000000000e+02 -1.631877612778755093e+01
2.140000000000000000e+02 -1.694655247743748205e+00
2.150000000000000000e+02 -2.803990517421342687e+01
2.160000000000000000e+02 -3.073367826305733530e+01
2.170000000000000000e+02 -5.144001207337026216e+01
2.180000000000000000e+02 -6.891875228246908591e+01
2.190000000000000000e+02 -7.033331881463622892e+01
2.200000000000000000e+02 -2.684213429151601815e+01
2.210000000000000000e+02 -9.034129596300947185e+01
2.220000000000000000e+02 -4.769408038666755800e+01
2.230000000000000000e+02 -5.170150522454463982e+01
2.240000000000000000e+02 -2.284736721538475024e+01
2.250000000000000000e+02 -6.034146781722167674e+01
2.260000000000000000e+02 -8.775679238795870418e+00
2.270000000000000000e+02 -3.003147642238945814e+00
2.280000000000000000e+02 -6.701033230469784030e+01
2.290000000000000000e+02 -4.288629972916465505e+01
2.300000000000000000e+02 -3.597023928711261931e+01
2.310000000000000000e+02 -7.781613283822193239e+01
2.320000000000000000e+02 -2.381267566466243579e+01
2.330000000000000000e+02 -5.704176773299798953e+01
2.340000000000000000e+02 -5.152114127404264821e+01
2.350000000000000000e+02 -5.373436097883225671e+01
2.360000000000000000e+02 -4.760139318090533322e+01
2.370000000000000000e+02 -1.030149028054122198e+02
2.380000000000000000e+02 -7.349681862904916763e+00
2.390000000000000000e+02 -2.398981862632794915e+01
2.400000000000000000e+02 -2.907488509208034699e+00
2.410000000000000000e+02 -2.223331035008281376e+01
2.420000000000000000e+02 -1.402406530177615274e+01
2.430000000000000000e+02 -7.493502464831063747e+00
2.440000000000000000e+02 -2.511713446516255832e+00
2.450000000000000000e+02 -9.102334129842761001e+01
2.460000000000000000e+02 -1.375603472680699468e+01
2.470000000000000000e+02 -4.971808839583061257e+01
2.480000000000000000e+02 -4.188098268048479866e+01
2.490000000000000000e+02 -3.335006281073530232e+01
2.500000000000000000e+02 -3.837944647416919253e+01
2.510000000000000000e+02 -3.658463789753473350e+01
2.520000000000000000e+02 6.497226524869841313e-01
2.530000000000000000e+02 -3.266398632132140278e+01
2.540000000000000000e+02 1.591929357047249027e+00
2.550000000000000000e+02 -3.813366446812156596e+01
2.560000000000000000e+02 -2.491793323553586958e+01
2.570000000000000000e+02 4.503953220213362307e+00
2.580000000000000000e+02 7.313428577979093959e+00
2.590000000000000000e+02 -6.852747865951147332e+01
2.600000000000000000e+02 -1.096364612517906636e+02
2.610000000000000000e+02 -1.089843581081062922e+02
2.620000000000000000e+02 -8.882046118905476817e+01
2.630000000000000000e+02 -5.689330005538214152e+01
2.640000000000000000e+02 -2.976387142659041274e+01
2.650000000000000000e+02 -2.418269061626587657e+01
2.660000000000000000e+02 -1.844812830398379688e+01
2.670000000000000000e+02 5.414473001912118555e+00
2.680000000000000000e+02 -8.520818008537746735e+00
2.690000000000000000e+02 8.013499606960134969e+00
2.700000000000000000e+02 -2.378358852809132884e+01
2.710000000000000000e+02 -2.383478628612936134e+00
2.720000000000000000e+02 -4.493197325043573898e+01
2.730000000000000000e+02 -2.494897977608054873e+01
2.740000000000000000e+02 1.480717647302559747e+01
2.750000000000000000e+02 -4.592829073459581224e+01
2.760000000000000000e+02 -3.554296474263465200e+01
2.770000000000000000e+02 -2.166069077363074769e+01
2.780000000000000000e+02 -1.897232948670849595e+01
2.790000000000000000e+02 2.717923611337087308e+01
2.800000000000000000e+02 -7.125287880772758342e+01
2.810000000000000000e+02 -3.633378316679399234e+01
2.820000000000000000e+02 -6.562548033883912524e+01
2.830000000000000000e+02 3.202182013381543868e+01
2.840000000000000000e+02 -2.877936306106258257e+01
2.850000000000000000e+02 -3.963814758089728230e+01
2.860000000000000000e+02 -5.778904093140325671e+01
2.870000000000000000e+02 1.749419003361113312e+01
2.880000000000000000e+02 -5.169112793085611557e+00
2.890000000000000000e+02 1.859444782158845655e+01
2.900000000000000000e+02 1.365164960570382569e+01
2.910000000000000000e+02 1.979059830040530343e+01
2.920000000000000000e+02 1.268524034134092204e+00
2.930000000000000000e+02 -4.664668392244412587e+01
2.940000000000000000e+02 -4.767816027678443902e+01
2.950000000000000000e+02 -2.154342171610366563e+01
2.960000000000000000e+02 -3.320176764709773209e+01
2.970000000000000000e+02 -1.506997628928981392e+01
2.980000000000000000e+02 -7.042577373183561029e+00
2.990000000000000000e+02 -2.102967671238164939e+02
3.000000000000000000e+02 1.946087650195899954e+01
3.010000000000000000e+02 -8.572157982018750033e+01
3.020000000000000000e+02 -6.620113974792582212e+01
3.030000000000000000e+02 -1.706765936078257084e+01
3.040000000000000000e+02 -1.170518620502918594e+02
3.050000000000000000e+02 -9.402404799450420114e+01
3.060000000000000000e+02 -7.926871872548140630e+01
3.070000000000000000e+02 -3.722299862258392267e+01
3.080000000000000000e+02 -6.830794630441734228e+01
3.090000000000000000e+02 -9.026748334528905104e+01
3.100000000000000000e+02 -3.655920350780005634e+01
3.110000000000000000e+02 -5.627358722313543637e+01
3.120000000000000000e+02 -2.489885970980041563e+01
3.130000000000000000e+02 -3.640080832284181866e+01
3.140000000000000000e+02 -1.702162752117761002e+01
3.150000000000000000e+02 -8.533735172569149086e+01
3.160000000000000000e+02 -6.064301148773853356e+01
3.170000000000000000e+02 8.843511695621819158e+00
3.180000000000000000e+02 -3.249998898195892849e+01
3.190000000000000000e+02 -4.829986068728115534e+00
3.200000000000000000e+02 -2.771057113219345425e+01
3.210000000000000000e+02 1.952515709932223587e+01
3.220000000000000000e+02 5.968567228978914230e+00
3.230000000000000000e+02 4.831772634566394942e+00
3.240000000000000000e+02 -5.819236951063112429e+01
3.250000000000000000e+02 -6.467325298616716012e+00
3.260000000000000000e+02 -2.225230559057584401e+01
3.270000000000000000e+02 -1.072579802375470237e+01
3.280000000000000000e+02 -1.049243756660153792e+01
3.290000000000000000e+02 -4.692200431730388033e+01
3.300000000000000000e+02 -3.447982418980783592e+01
3.310000000000000000e+02 -9.631068516308796124e-01
3.320000000000000000e+02 -6.760132861053899767e+00
3.330000000000000000e+02 -2.193621972104982021e+01
3.340000000000000000e+02 -3.091446668652812946e+01
3.350000000000000000e+02 -4.871878596586029175e+00
3.360000000000000000e+02 -1.030364834102946769e+00
3.370000000000000000e+02 -3.425848301250285743e+01
3.380000000000000000e+02 -2.384699981843913719e+01
3.390000000000000000e+02 2.203893470328256043e+01
3.400000000000000000e+02 -8.630660340213278658e+00
3.410000000000000000e+02 2.429122918027881273e+00
3.420000000000000000e+02 2.329549973011630470e+01
3.430000000000000000e+02 -1.267971657733506952e+01
3.440000000000000000e+02 -2.828722427132018069e+01
3.450000000000000000e+02 -2.041442693791943697e+01
3.460000000000000000e+02 -5.160747396947847676e+01
3.470000000000000000e+02 -3.269845172359752894e+01
3.480000000000000000e+02 -4.977562321597424244e+01
3.490000000000000000e+02 -1.113548359397460885e+00
3.500000000000000000e+02 -1.493891120486070001e+01
3.510000000000000000e+02 3.876831495265010119e+01
3.520000000000000000e+02 -2.797424505951040175e+01
3.530000000000000000e+02 -1.666325581832570535e+01
3.540000000000000000e+02 -6.066761699712571243e+01
3.550000000000000000e+02 -3.460067181234620648e-01
3.560000000000000000e+02 -1.477348619779193939e+02
3.570000000000000000e+02 4.271946174051129752e+00
3.580000000000000000e+02 -2.538596088637229187e+01
3.590000000000000000e+02 -5.201111192019673979e+01
3.600000000000000000e+02 -5.488948553613788306e+01
3.610000000000000000e+02 -1.100845703866162850e+01
3.620000000000000000e+02 4.730375765569093005e+00
3.630000000000000000e+02 1.281384655763571345e+01
3.640000000000000000e+02 1.182060898394949255e+01
3.650000000000000000e+02 -2.167855501800033124e+01
3.660000000000000000e+02 1.229283533078221691e+00
3.670000000000000000e+02 -1.087296388625122567e+01
3.680000000000000000e+02 7.324095086764286577e+01
3.690000000000000000e+02 5.021529370526386771e+01
3.700000000000000000e+02 7.627038081186263696e+01
3.710000000000000000e+02 1.211924149301743228e+02
3.720000000000000000e+02 1.193695097276880972e+02
3.730000000000000000e+02 1.006213048850106304e+02
3.740000000000000000e+02 1.406019188131940325e+02
3.750000000000000000e+02 9.999776260596115662e+01
3.760000000000000000e+02 6.630410630253926740e+01
3.770000000000000000e+02 1.212624181273976234e+02
3.780000000000000000e+02 7.025387883702966008e+01
3.790000000000000000e+02 7.119900028403861825e+01
3.800000000000000000e+02 1.101227092295831085e+02
3.810000000000000000e+02 9.487596020297593213e+01
3.820000000000000000e+02 7.238848309736626163e+01
3.830000000000000000e+02 9.181275744774083591e+01
3.840000000000000000e+02 1.012336310116793072e+02
3.850000000000000000e+02 8.953671068852040094e+01
3.860000000000000000e+02 1.327311834946127931e+02
3.870000000000000000e+02 1.042012416428253090e+02
3.880000000000000000e+02 6.288298178137156924e+01
3.890000000000000000e+02 8.084409092251560480e+01
3.900000000000000000e+02 8.242364531849409559e+01
3.910000000000000000e+02 1.301703497369570641e+02
3.920000000000000000e+02 6.302728379732242558e+01
3.930000000000000000e+02 8.686916409600139843e+01
3.940000000000000000e+02 7.893139338328411725e+01
3.950000000000000000e+02 3.489960330232582209e+01
3.960000000000000000e+02 1.033796439271059029e+02
3.970000000000000000e+02 1.028837484606712991e+02
3.980000000000000000e+02 2.997323032434758971e+01
3.990000000000000000e+02 5.190441653278474377e+01
4.000000000000000000e+02 -5.314605418484449473e+01
4.010000000000000000e+02 -3.641261228860952315e+01
4.020000000000000000e+02 8.212436180756274950e+01
4.030000000000000000e+02 5.388039572412040457e+00
4.040000000000000000e+02 1.875435791335178237e-01
4.050000000000000000e+02 8.529503519422991076e+01
4.060000000000000000e+02 1.015055430097675213e+02
4.070000000000000000e+02 1.180036817511585809e+02
4.080000000000000000e+02 8.352304876513792919e+01
4.090000000000000000e+02 1.200638173638370603e+02
4.100000000000000000e+02 4.873417489899357946e+01
4.110000000000000000e+02 5.027197900541992226e+01
4.120000000000000000e+02 8.283662143976732750e+01
4.130000000000000000e+02 3.515024250835647734e+01
4.140000000000000000e+02 3.164909338026711438e+01
4.150000000000000000e+02 7.869948290901551502e+01
4.160000000000000000e+02 1.102065962941592403e+02
4.170000000000000000e+02 1.255449492532869016e+02
4.180000000000000000e+02 1.406002782998543523e+02
4.190000000000000000e+02 8.072930807252078012e+01
4.200000000000000000e+02 1.059720102672613677e+02
4.210000000000000000e+02 5.851736905699625879e+01
4.220000000000000000e+02 1.172427075919856350e+02
4.230000000000000000e+02 7.146412750385671586e+01
4.240000000000000000e+02 1.382298094858699358e+02
4.250000000000000000e+02 6.690255395418461148e+01
4.260000000000000000e+02 9.643364423175968625e+01
4.270000000000000000e+02 2.609604962145224150e+01
4.280000000000000000e+02 8.501758879355531917e+01
4.290000000000000000e+02 1.478001257151609060e+01
4.300000000000000000e+02 8.080931172036686405e+01
4.310000000000000000e+02 1.868540435052091198e+01
4.320000000000000000e+02 5.737871373308963996e+01
4.330000000000000000e+02 9.444132664723102266e+01
4.340000000000000000e+02 9.121052262675124211e+01
4.350000000000000000e+02 7.464995790903016371e+01
4.360000000000000000e+02 1.735074002086879830e+01
4.370000000000000000e+02 7.637622920534111870e+01
4.380000000000000000e+02 -8.714973721086283831e+01
4.390000000000000000e+02 3.478607162772982520e+01
4.400000000000000000e+02 6.242080509534751798e+01
4.410000000000000000e+02 1.353904806558512632e+02
4.420000000000000000e+02 9.131646177102615525e+01
4.430000000000000000e+02 1.068375843060321131e+02
4.440000000000000000e+02 9.524741933150140483e+01
4.450000000000000000e+02 1.277922578696061606e+02
4.460000000000000000e+02 1.336601680013722842e+02
4.470000000000000000e+02 -4.939431217730101054e+01
4.480000000000000000e+02 9.969451451735855585e+01
4.490000000000000000e+02 1.421594277356531961e+02
4.500000000000000000e+02 -2.185839956584712240e+01
4.510000000000000000e+02 1.111653119877539382e+02
4.520000000000000000e+02 1.525160243546802690e+02
4.530000000000000000e+02 1.571126291754000590e+02
4.540000000000000000e+02 9.815296855029205858e+01
4.550000000000000000e+02 -1.795488589191783291e+01
4.560000000000000000e+02 1.206259725059077539e+02
4.570000000000000000e+02 1.457052306611831511e+02
4.580000000000000000e+02 1.175173652856068713e+02
4.590000000000000000e+02 1.018585792911418935e+02
4.600000000000000000e+02 1.673432154171955801e+02
4.610000000000000000e+02 1.432458467107666422e+02
4.620000000000000000e+02 9.437272614910365576e+01
4.630000000000000000e+02 4.927548935877764791e+01
4.640000000000000000e+02 1.052632050276121589e+02
4.650000000000000000e+02 9.640521357510023392e+01
4.660000000000000000e+02 1.513949436753983093e+02
4.670000000000000000e+02 1.593477578471294294e+02
4.680000000000000000e+02 1.238564952804852481e+02
4.690000000000000000e+02 1.127597439016038692e+02
4.700000000000000000e+02 1.258001298279894939e+02
4.710000000000000000e+02 1.453578936168891858e+02
4.720000000000000000e+02 9.776953062130577621e+01
4.730000000000000000e+02 1.048245499271762071e+02
4.740000000000000000e+02 1.297403502838851637e+02
4.750000000000000000e+02 1.498244508179345189e+02
4.760000000000000000e+02 9.893367595894093824e+01
4.770000000000000000e+02 1.509751780659266842e+02
4.780000000000000000e+02 1.644767201148246727e+02
4.790000000000000000e+02 9.162582887349770999e+01
4.800000000000000000e+02 1.753339528434931367e+02
4.810000000000000000e+02 1.154126597965087768e+02
4.820000000000000000e+02 1.181324251010149737e+02
4.830000000000000000e+02 1.083226889642741781e+02
4.840000000000000000e+02 1.122506275751374574e+02
4.850000000000000000e+02 1.597808063175318409e+02
4.860000000000000000e+02 8.086796422349893021e+01
4.870000000000000000e+02 1.025182482710842180e+02
4.880000000000000000e+02 1.279945212948040165e+02
4.890000000000000000e+02 1.060806709499454001e+02
4.900000000000000000e+02 1.329454940044782063e+02
4.910000000000000000e+02 1.445843191772900980e+02
4.920000000000000000e+02 1.316877802507442823e+02
4.930000000000000000e+02 9.091612255229284756e+01
4.940000000000000000e+02 9.486997745660160319e+01
4.950000000000000000e+02 9.986426958798459452e+01
4.960000000000000000e+02 9.678268060082848478e+01
4.970000000000000000e+02 7.551883757523478380e+01
4.980000000000000000e+02 1.449844772322704500e+02
4.990000000000000000e+02 1.078583270595354406e+02
5.000000000000000000e+02 9.065855412160276217e+01
5.010000000000000000e+02 7.965444822225164501e+01
5.020000000000000000e+02 1.425518709133191351e+02
5.030000000000000000e+02 1.752248326798595599e+02
5.040000000000000000e+02 9.422647297225493901e+01
5.050000000000000000e+02 1.441159793383307886e+02
5.060000000000000000e+02 1.775704355053250936e+02
5.070000000000000000e+02 8.164441356678267425e+01
5.080000000000000000e+02 5.299914115509030665e+01
5.090000000000000000e+02 1.444672527945187994e+02
5.100000000000000000e+02 8.135185397223490611e+01
5.110000000000000000e+02 6.411896797467638009e+01
5.120000000000000000e+02 1.461866274215181818e+02
5.130000000000000000e+02 2.483620799173348246e+02
5.140000000000000000e+02 -1.900369826653006555e+01
5.150000000000000000e+02 1.306014330312953575e+02
5.160000000000000000e+02 1.692294700119869333e+02
5.170000000000000000e+02 1.409116724262038076e+02
5.180000000000000000e+02 1.501691613077510112e+02
5.190000000000000000e+02 -4.677711250806356702e+02
5.200000000000000000e+02 1.405461887275397430e+02
5.210000000000000000e+02 1.008989336935194672e+02
5.220000000000000000e+02 6.982452537490675581e+01
5.230000000000000000e+02 -2.813415964130978253e+01
5.240000000000000000e+02 -2.975633858939202980e+01
5.250000000000000000e+02 1.038561194681214914e+02
5.260000000000000000e+02 1.207099414821994259e+02
5.270000000000000000e+02 9.370878220861660779e+00
5.280000000000000000e+02 -1.040885804774222407e+02
5.290000000000000000e+02 -2.113396108238776776e+02
5.300000000000000000e+02 -1.102036411709801058e+02
5.310000000000000000e+02 -6.562476227051087108e+01
5.320000000000000000e+02 -1.761823286658564598e+02
5.330000000000000000e+02 5.624376735308734965e+01
5.340000000000000000e+02 -1.483150038578742169e+02
5.350000000000000000e+02 4.468325899129744982e+01
5.360000000000000000e+02 -2.315918200270125453e+02
5.370000000000000000e+02 -1.485093729661225836e+02
5.380000000000000000e+02 5.837475690711633547e+01
5.390000000000000000e+02 4.121845475115041069e+01
5.400000000000000000e+02 6.200264773284446918e+00
5.410000000000000000e+02 -2.082639933745774385e+01
5.420000000000000000e+02 5.843093157278087091e+01
5.430000000000000000e+02 -6.838495657175314157e+00
5.440000000000000000e+02 3.357472229982268175e+01
5.450000000000000000e+02 2.239078698783696382e+02
5.460000000000000000e+02 6.966244948228157341e+01
5.470000000000000000e+02 8.002183013745280959e+01
5.480000000000000000e+02 1.196120712154068286e+02
5.490000000000000000e+02 8.649275439666796217e+01
5.500000000000000000e+02 1.829621366838854044e+02
5.510000000000000000e+02 1.768517166150770095e+02
5.520000000000000000e+02 1.360975181596554648e+02
5.530000000000000000e+02 5.099996771731706247e+01
5.540000000000000000e+02 4.332657334230770374e+01
5.550000000000000000e+02 1.681044174314872066e+02
5.560000000000000000e+02 1.525460760584911100e+02
5.570000000000000000e+02 1.791862290474235806e+02
5.580000000000000000e+02 1.640461473977610467e+02
5.590000000000000000e+02 8.732547622060670278e+01
5.600000000000000000e+02 1.343389845249517123e+02
5.610000000000000000e+02 3.496071589768870069e+01
5.620000000000000000e+02 1.101319097044534345e+02
5.630000000000000000e+02 9.382358979401848842e+01
5.640000000000000000e+02 6.216910056495088099e+01
5.650000000000000000e+02 8.097591600674320489e+01
5.660000000000000000e+02 1.335914801031076991e+02
5.670000000000000000e+02 1.581663677583722176e+02
5.680000000000000000e+02 1.102531590295090211e+02
5.690000000000000000e+02 5.004991582898362168e+01
5.700000000000000000e+02 5.177919864622987234e+01
5.710000000000000000e+02 9.338272140073401317e+01
5.720000000000000000e+02 1.081478075606352860e+02
5.730000000000000000e+02 1.526515172262512010e+01
5.740000000000000000e+02 6.135087569974966470e+01
5.750000000000000000e+02 2.764471030585045241e+01
5.760000000000000000e+02 6.047790125859123123e+00
5.770000000000000000e+02 1.727990899523801716e+01
5.780000000000000000e+02 -7.517375361260164368e+00
5.790000000000000000e+02 -2.135265985832211300e+01
5.800000000000000000e+02 6.205516396642501320e+01
5.810000000000000000e+02 7.387247478102932519e+01
5.820000000000000000e+02 1.171068379338240106e+02
5.830000000000000000e+02 1.196831892427316149e+02
5.840000000000000000e+02 1.300160264531675978e+02
5.850000000000000000e+02 5.847478061481236722e+01
5.860000000000000000e+02 1.075132767505182869e+02
5.870000000000000000e+02 9.472183271160315599e+01
5.880000000000000000e+02 1.179219026124123957e+02
5.890000000000000000e+02 7.061275135892040566e+01
5.900000000000000000e+02 6.937249050322337496e+01
5.910000000000000000e+02 1.502963249063904243e+02
5.920000000000000000e+02 1.432739425669202831e+02
5.930000000000000000e+02 1.142806910508276417e+02
5.940000000000000000e+02 1.265835123997585896e+02
5.950000000000000000e+02 1.505632045094654927e+02
5.960000000000000000e+02 1.265694492767934491e+02
5.970000000000000000e+02 3.283021122880392539e+01
5.980000000000000000e+02 -6.496655779807195330e+00
5.990000000000000000e+02 1.030325905760292073e+02
