0.000000000000000000e+00 -9.911745905101770404e+01
1.000000000000000000e+00 -4.951655355007823118e+02
2.000000000000000000e+00 -1.219763341410902058e+03
3.000000000000000000e+00 -4.330700624113807180e+02
4.000000000000000000e+00 -4.704734112911567649e+02
5.000000000000000000e+00 -2.515410459473636138e+02
6.000000000000000000e+00 -5.365131804187434454e+02
7.000000000000000000e+00 -4.343852433758743814e+01
8.000000000000000000e+00 -5.648979821247969539e+02
9.000000000000000000e+00 -1.716047247242353819e+02
1.000000000000000000e+01 -4.382523993435020202e+02
1.100000000000000000e+01 -5.564509892476530695e+02
1.200000000000000000e+01 -5.850342426993308891e+02
1.300000000000000000e+01 -5.072092330819730819e+02
1.400000000000000000e+01 -3.466334175310461205e+02
1.500000000000000000e+01 -1.829682734072572430e+02
1.600000000000000000e+01 -8.015361698276319657e+02
1.700000000000000000e+01 -9.788729069131770189e+01
1.800000000000000000e+01 -1.052177182948698260e+02
1.900000000000000000e+01 -1.200928424125063998e+02
2.000000000000000000e+01 -1.320289296351238590e+02
2.100000000000000000e+01 -1.514807742077497892e+02
2.200000000000000000e+01 -3.745564910318946090e+02
2.300000000000000000e+01 -2.151676893491492137e+02
2.400000000000000000e+01 -1.454185202272952893e+01
2.500000000000000000e+01 -2.386541253169193908e+02
2.600000000000000000e+01 -1.663015494386873456e+02
2.700000000000000000e+01 -2.289778088823548785e+02
2.800000000000000000e+01 -2.287253684252865469e+02
2.900000000000000000e+01 -1.617879559875549376e+02
3.000000000000000000e+01 -4.160675906631340126e+00
3.100000000000000000e+01 -1.578282576063793101e+02
3.200000000000000000e+01 -9.203349865138871166e+01
3.300000000000000000e+01 -1.490503058860361989e+02
3.400000000000000000e+01 -1.851421011638781806e+02
3.500000000000000000e+01 -1.072146655010408836e+02
3.600000000000000000e+01 -1.479596954566908948e+02
3.700000000000000000e+01 -1.303926408392771634e+02
3.800000000000000000e+01 1.644264361079253263e+02
3.900000000000000000e+01 -1.446629994942991573e+02
4.000000000000000000e+01 -1.052703929289632185e+02
4.100000000000000000e+01 -1.106061438975188338e+02
4.200000000000000000e+01 -5.919332363601673563e+01
4.300000000000000000e+01 -1.362804853668324654e+02
4.400000000000000000e+01 -7.556292479693860287e+01
4.500000000000000000e+01 -8.479495982818009736e+01
4.600000000000000000e+01 -6.254582362456683597e+01
4.700000000000000000e+01 -1.926770241223002813e+02
4.800000000000000000e+01 -6.923169525471553243e+01
4.900000000000000000e+01 -7.910413604052966718e+01
5.000000000000000000e+01 -7.748637700422135310e+01
5.100000000000000000e+01 -1.063364039973371860e+02
5.200000000000000000e+01 -1.452540149028860696e+02
5.300000000000000000e+01 -1.501286035396006469e+02
5.400000000000000000e+01 -7.795767160572904686e+01
5.500000000000000000e+01 -3.405820807619645052e+01
5.600000000000000000e+01 -6.859845433071001253e+01
5.700000000000000000e+01 -1.734347285667711276e+02
5.800000000000000000e+01 -9.403077518407550883e+01
5.900000000000000000e+01 -9.572487130946453249e+01
6.000000000000000000e+01 -1.005956228901356724e+02
6.100000000000000000e+01 -1.002862953920193405e+02
6.200000000000000000e+01 -3.540793898206782160e+02
6.300000000000000000e+01 -6.714264607484523140e+01
6.400000000000000000e+01 -3.804631501994791165e+02
6.500000000000000000e+01 -2.433039115908914596e+02
6.600000000000000000e+01 -1.323182576491584825e+02
6.700000000000000000e+01 -1.125999584931461754e+02
6.800000000000000000e+01 -2.342844637830019963e+02
6.900000000000000000e+01 -3.020445392327810623e+02
7.000000000000000000e+01 -1.769485510525774430e+02
7.100000000000000000e+01 -1.963145698869100784e+02
7.200000000000000000e+01 -1.387096821512934923e+02
7.300000000000000000e+01 -2.007113179501299101e+02
7.400000000000000000e+01 -1.268563149756921149e+02
7.500000000000000000e+01 -2.025875054596299947e+02
7.600000000000000000e+01 -1.307691003332654134e+02
7.700000000000000000e+01 -1.271151154924558142e+02
7.800000000000000000e+01 -1.311631938448593928e+02
7.900000000000000000e+01 -1.221632164985906286e+02
8.000000000000000000e+01 -8.187680995074094881e+01
8.100000000000000000e+01 -8.167266202609889092e+01
8.200000000000000000e+01 -1.263071680158341223e+02
8.300000000000000000e+01 -1.075840185250467016e+02
8.400000000000000000e+01 -8.856120665669240566e+01
8.500000000000000000e+01 -8.866792870469599563e+01
8.600000000000000000e+01 -9.762343959375820646e+01
8.700000000000000000e+01 -7.992426005510607467e+01
8.800000000000000000e+01 -1.260221941694628356e+02
8.900000000000000000e+01 -1.492708828009134550e+02
9.000000000000000000e+01 -1.248621644232803050e+02
9.100000000000000000e+01 -1.183282959867792101e+02
9.200000000000000000e+01 -1.456946462818874863e+02
9.300000000000000000e+01 -1.110847138825485132e+02
9.400000000000000000e+01 -1.104814192556049761e+02
9.500000000000000000e+01 -9.737557846155355890e+01
9.600000000000000000e+01 -1.031502859404040464e+02
9.700000000000000000e+01 -1.231834431811476662e+02
9.800000000000000000e+01 -1.407582935745033410e+02
9.900000000000000000e+01 -1.141981911375609826e+02
1.000000000000000000e+02 -9.334358067204917120e+01
1.010000000000000000e+02 -7.990745566215505846e+01
1.020000000000000000e+02 -1.115637625248446057e+02
1.030000000000000000e+02 -1.123716867472925429e+02
1.040000000000000000e+02 -1.557750998992480049e+02
1.050000000000000000e+02 -1.163502926074990995e+02
1.060000000000000000e+02 -1.646836489323205228e+02
1.070000000000000000e+02 -1.084337630165534421e+02
1.080000000000000000e+02 -1.054042366832915860e+02
1.090000000000000000e+02 -5.400212062789600509e+01
1.100000000000000000e+02 8.056521314521245358e+01
1.110000000000000000e+02 -7.249509750714994993e+01
1.120000000000000000e+02 -3.602743537025133946e+01
1.130000000000000000e+02 -1.450965587206029568e+02
1.140000000000000000e+02 -2.121996887330348045e+02
1.150000000000000000e+02 -2.274482270617943698e+02
1.160000000000000000e+02 -2.100988357714444987e+02
1.170000000000000000e+02 -2.131826762038807601e+02
1.180000000000000000e+02 -2.306245394260601245e+02
1.190000000000000000e+02 -2.351719032811414536e+02
1.200000000000000000e+02 -2.267159746780563978e+02
1.210000000000000000e+02 -2.261391666714425810e+02
1.220000000000000000e+02 -2.395793389263389201e+02
1.230000000000000000e+02 -2.744542777217500316e+02
1.240000000000000000e+02 -2.014494879554358704e+02
1.250000000000000000e+02 -2.529258181892593313e+02
1.260000000000000000e+02 -1.919569207244351219e+02
1.270000000000000000e+02 -2.388481788866800741e+02
1.280000000000000000e+02 -2.225229289336610066e+02
1.290000000000000000e+02 -2.360404817178430221e+02
1.300000000000000000e+02 -2.357428941965279705e+02
1.310000000000000000e+02 -2.256603645138004595e+02
1.320000000000000000e+02 -1.904734731778023047e+02
1.330000000000000000e+02 -2.867670590563230917e+02
1.340000000000000000e+02 -2.282917674779111792e+02
1.350000000000000000e+02 -2.558246082023348151e+02
1.360000000000000000e+02 -1.555533227485806265e+02
1.370000000000000000e+02 -1.828576418912394388e+02
1.380000000000000000e+02 -9.897294776338847555e+01
1.390000000000000000e+02 -1.236910017553010164e+02
1.400000000000000000e+02 -4.928200658048286442e+01
1.410000000000000000e+02 -2.678154168625143683e+01
1.420000000000000000e+02 -5.733413250117613558e+01
1.430000000000000000e+02 -1.443599471784997057e+01
1.440000000000000000e+02 -1.919271085046526082e+01
1.450000000000000000e+02 -5.318483383129994735e+01
1.460000000000000000e+02 3.779487073515435469e+01
1.470000000000000000e+02 6.222791040922616901e+01
1.480000000000000000e+02 -1.193677119270205793e+02
1.490000000000000000e+02 -1.029557120509424806e+02
1.500000000000000000e+02 -1.103616055985194606e+02
1.510000000000000000e+02 -1.143576819042621935e+02
1.520000000000000000e+02 -1.363238218811434876e+02
1.530000000000000000e+02 -3.909304378036814143e+01
1.540000000000000000e+02 -8.263608249834969399e+01
1.550000000000000000e+02 -5.761608765766745677e+01
1.560000000000000000e+02 -2.626078636692055213e+01
1.570000000000000000e+02 -4.221935520589313739e+01
1.580000000000000000e+02 -1.118892824338761471e+01
1.590000000000000000e+02 -9.688483331611851668e+01
1.600000000000000000e+02 -7.982684026167508762e+01
1.610000000000000000e+02 -6.877174712709272342e+01
1.620000000000000000e+02 -8.430066214459725416e+01
1.630000000000000000e+02 -1.021081657133753993e+02
1.640000000000000000e+02 -6.370862126844951945e+01
1.650000000000000000e+02 -1.060282437632117052e+02
1.660000000000000000e+02 -4.479493599599314280e+01
1.670000000000000000e+02 -5.730903029719390673e+01
1.680000000000000000e+02 -1.428699340177509498e+02
1.690000000000000000e+02 -8.799604847722136469e+00
1.700000000000000000e+02 -1.027063071386769337e+02
1.710000000000000000e+02 -1.169554757922143011e+02
1.720000000000000000e+02 -8.683829650669426314e+01
1.730000000000000000e+02 -7.048123341636373596e+01
1.740000000000000000e+02 -4.261532394533700767e+02
1.750000000000000000e+02 -8.703212661899961233e+01
1.760000000000000000e+02 -5.382333967062175617e+01
1.770000000000000000e+02 -4.435446346223099567e+01
1.780000000000000000e+02 1.751741966769276360e+01
1.790000000000000000e+02 -4.228110180894906200e-02
1.800000000000000000e+02 -3.024666747932345245e+01
1.810000000000000000e+02 -1.718434554745192600e+02
1.820000000000000000e+02 -2.130380183742015276e+01
1.830000000000000000e+02 -6.734759758291150433e+01
1.840000000000000000e+02 -2.023240455174100703e+02
1.850000000000000000e+02 -1.778353771397629544e+02
1.860000000000000000e+02 -2.216936265967270288e+02
1.870000000000000000e+02 -1.702700118023209939e+02
1.880000000000000000e+02 -2.160422883090927542e+02
1.890000000000000000e+02 -5.246423086509300049e+01
1.900000000000000000e+02 -2.982364838082125047e+01
1.910000000000000000e+02 -3.814477144369069350e+01
1.920000000000000000e+02 -1.127912304014857758e+00
1.930000000000000000e+02 -3.695988930102002001e+01
1.940000000000000000e+02 2.791223140583012796e+00
1.950000000000000000e+02 2.030778595792214603e+01
1.960000000000000000e+02 -3.829025382955970969e+01
1.970000000000000000e+02 -1.859859830375152256e+01
1.980000000000000000e+02 -3.454521876629472388e+01
1.990000000000000000e+02 -5.310403227961044337e+01
2.000000000000000000e+02 -7.883975936843413024e+01
2.010000000000000000e+02 -2.989357940290967974e+01
2.020000000000000000e+02 -5.365499102927844888e+01
2.030000000000000000e+02 -6.037659293437806696e+01
2.040000000000000000e+02 -1.160437324059939357e+01
2.050000000000000000e+02 -6.552442658628460492e+01
2.060000000000000000e+02 -4.484186657075467508e+01
2.070000000000000000e+02 -8.264728143575119645e+01
2.080000000000000000e+02 -6.348115941481118796e+01
2.090000000000000000e+02 -9.826904991036970216e+01
2.100000000000000000e+02 -3.559437394355418149e+01
2.110000000000000000e+02 -1.652680144056635214e+01
2.120000000000000000e+02 -3.498632540411120573e+01
2.130000000000000000e+02 -3.460238515920671176e+01
2.140000000000000000e+02 1.245354241139491513e+01
2.150000000000000000e+02 -1.743742979283472039e+01
2.160000000000000000e+02 -3.315638449550372258e+01
2.170000000000000000e+02 -5.139891806517861994e+01
2.180000000000000000e+02 -3.817203367180818674e+01
2.190000000000000000e+02 5.326340470890301049e+00
2.200000000000000000e+02 -3.370388806564871942e+01
2.210000000000000000e+02 -3.560948582408162366e+01
2.220000000000000000e+02 -1.008238427360168998e+00
2.230000000000000000e+02 -5.482616005884026578e+01
2.240000000000000000e+02 -7.665939406508047682e+01
2.250000000000000000e+02 -9.884042861366673094e+01
2.260000000000000000e+02 -6.729596321042750162e+01
2.270000000000000000e+02 -9.214851408729126092e+01
2.280000000000000000e+02 -3.301891252612693961e+01
2.290000000000000000e+02 -1.082863910040644981e+02
2.300000000000000000e+02 1.121465545681461720e+02
2.310000000000000000e+02 -8.700241592578160521e+01
2.320000000000000000e+02 -7.079744052721780179e+01
2.330000000000000000e+02 -8.672018165813497603e+01
2.340000000000000000e+02 -3.896371706430023352e+01
2.350000000000000000e+02 -1.194819733616282953e+01
2.360000000000000000e+02 8.847707919153482692e+01
2.370000000000000000e+02 1.588225610346626482e+01
2.380000000000000000e+02 1.716982016777166109e+00
2.390000000000000000e+02 5.924772650631703641e+01
2.400000000000000000e+02 1.008220683250899015e+02
2.410000000000000000e+02 1.224847300384555240e+02
2.420000000000000000e+02 -5.376288893589072870e+01
2.430000000000000000e+02 9.678541863453369842e+01
2.440000000000000000e+02 2.640694722037056863e+01
2.450000000000000000e+02 6.240046433113764124e+01
2.460000000000000000e+02 1.078904693841235769e+02
2.470000000000000000e+02 2.053541760090725532e+01
2.480000000000000000e+02 -1.528071967081941729e+01
2.490000000000000000e+02 5.151356979806207903e+01
2.500000000000000000e+02 1.400420705705194564e+02
2.510000000000000000e+02 8.191159054092686631e+00
2.520000000000000000e+02 -7.700638901376953527e+01
2.530000000000000000e+02 3.517313014570522967e+01
2.540000000000000000e+02 4.415655354805933541e+01
2.550000000000000000e+02 7.590964225259965303e+01
2.560000000000000000e+02 7.137088602927977377e+01
2.570000000000000000e+02 -4.156831041789941139e+01
2.580000000000000000e+02 -2.938855236117718306e+01
2.590000000000000000e+02 4.474637978144430406e+01
2.600000000000000000e+02 2.656404931880414466e+01
2.610000000000000000e+02 2.184179743231025128e+01
2.620000000000000000e+02 5.738364627074663105e+01
2.630000000000000000e+02 -2.977112363258275707e+01
2.640000000000000000e+02 -3.504182008843856266e+01
2.650000000000000000e+02 5.871635538940980581e+01
2.660000000000000000e+02 1.092921164433223282e+02
2.670000000000000000e+02 6.709633735427313184e+01
2.680000000000000000e+02 6.278572667466964674e+01
2.690000000000000000e+02 -9.458830123656834132e+01
2.700000000000000000e+02 1.139967697994925118e+02
2.710000000000000000e+02 1.038002960795267171e+02
2.720000000000000000e+02 -2.026805211981156418e+01
2.730000000000000000e+02 3.570560403872442112e+00
2.740000000000000000e+02 -7.560323800133434702e+01
2.750000000000000000e+02 2.267281869161545842e+02
2.760000000000000000e+02 7.922662328664280551e+01
2.770000000000000000e+02 9.111892986667508865e+01
2.780000000000000000e+02 1.370933353670643839e+02
2.790000000000000000e+02 -7.770764919310569496e+01
2.800000000000000000e+02 7.348243643619407806e+01
2.810000000000000000e+02 -7.074163421140274011e+01
2.820000000000000000e+02 9.742382935936008792e+00
2.830000000000000000e+02 5.492318065765470436e+01
2.840000000000000000e+02 1.204778184831287859e+02
2.850000000000000000e+02 5.222446993152075834e+01
2.860000000000000000e+02 7.132290615026960268e+01
2.870000000000000000e+02 7.958768024076620407e+01
2.880000000000000000e+02 2.984545679282566155e+01
2.890000000000000000e+02 1.247750526651002190e+01
2.900000000000000000e+02 7.224807068813065314e+01
2.910000000000000000e+02 -8.016721210683127197e+01
2.920000000000000000e+02 -3.799797449865789645e+01
2.930000000000000000e+02 -4.077812571429718957e+01
2.940000000000000000e+02 7.508652932891467913e+01
2.950000000000000000e+02 -2.838242858415513581e+01
2.960000000000000000e+02 9.505831505283445892e+01
2.970000000000000000e+02 -2.045503052720331993e+01
2.980000000000000000e+02 -1.009142779567986423e+02
2.990000000000000000e+02 -8.637999191280913180e+01
3.000000000000000000e+02 -2.250137806049923483e+02
3.010000000000000000e+02 -7.744114193048847028e+01
3.020000000000000000e+02 1.567132531298623235e+02
3.030000000000000000e+02 5.434516920575442356e+01
3.040000000000000000e+02 1.423015621164791078e+01
3.050000000000000000e+02 -2.286345536468019546e+01
3.060000000000000000e+02 -6.370934168397161201e+00
3.070000000000000000e+02 9.257730020915117564e+01
3.080000000000000000e+02 2.099223069828773447e+01
3.090000000000000000e+02 9.469194649360053972e+01
3.100000000000000000e+02 8.134131332095471123e+01
3.110000000000000000e+02 9.976795496084039883e+01
3.120000000000000000e+02 6.852204553360333250e+01
3.130000000000000000e+02 -3.618931015047370359e+00
3.140000000000000000e+02 7.916888788767865037e+01
3.150000000000000000e+02 1.038783366677633602e+01
3.160000000000000000e+02 9.898509880472849431e+01
3.170000000000000000e+02 -1.079484251423271530e+02
3.180000000000000000e+02 6.306708970973011930e+01
3.190000000000000000e+02 -1.026576148977692355e+02
3.200000000000000000e+02 -7.288213211922659696e+00
3.210000000000000000e+02 2.200416275165144668e+02
3.220000000000000000e+02 -4.487686859180890764e+01
3.230000000000000000e+02 7.609350915094483980e+01
3.240000000000000000e+02 8.052214383981775825e+01
3.250000000000000000e+02 -5.985371487672267676e+01
3.260000000000000000e+02 -7.420542738412348349e+00
3.270000000000000000e+02 6.545576805383706187e+01
3.280000000000000000e+02 -7.865139109817705787e+01
3.290000000000000000e+02 8.524493896597834919e+01
3.300000000000000000e+02 -1.046671525196654358e+02
3.310000000000000000e+02 -8.842359838850447318e+01
3.320000000000000000e+02 1.333039917400826937e+02
3.330000000000000000e+02 8.687075043151234865e+01
3.340000000000000000e+02 9.893370998756797974e+01
3.350000000000000000e+02 3.688542078529036417e+01
3.360000000000000000e+02 2.435128854750766720e+02
3.370000000000000000e+02 -7.528584083684440031e+01
3.380000000000000000e+02 1.557637083239862648e+02
3.390000000000000000e+02 3.228820675671728679e+01
3.400000000000000000e+02 1.149762086406422839e+02
3.410000000000000000e+02 7.818808212428399429e+01
3.420000000000000000e+02 2.138816357561599375e+02
3.430000000000000000e+02 -6.765102420954562490e+01
3.440000000000000000e+02 8.737531203260380153e+01
3.450000000000000000e+02 2.571260852388086278e+02
3.460000000000000000e+02 1.752977262867419483e+02
3.470000000000000000e+02 -6.876418373994638955e+01
3.480000000000000000e+02 -7.746077249026858169e+01
3.490000000000000000e+02 -3.510400694119385889e+01
3.500000000000000000e+02 3.408964913230170168e+01
3.510000000000000000e+02 -1.916367002148284016e+01
3.520000000000000000e+02 4.975224174044255676e+01
3.530000000000000000e+02 4.580134088077772248e+01
3.540000000000000000e+02 5.299077427958303588e+01
3.550000000000000000e+02 1.026207499600840976e+02
3.560000000000000000e+02 -4.991588126609022424e+01
3.570000000000000000e+02 3.645991531923637297e+01
3.580000000000000000e+02 7.696421721280162842e+01
3.590000000000000000e+02 4.087163706483168113e+01
3.600000000000000000e+02 5.181456448943527704e+01
3.610000000000000000e+02 8.750272754102446982e+01
3.620000000000000000e+02 1.334610997070614928e+02
3.630000000000000000e+02 -6.578731599991101575e+01
3.640000000000000000e+02 1.142131361270198227e+02
3.650000000000000000e+02 -3.670108931312154255e+01
3.660000000000000000e+02 9.420341712069347295e+01
3.670000000000000000e+02 1.160043661065681846e+02
3.680000000000000000e+02 3.572216673626805061e+01
3.690000000000000000e+02 -8.613796220532913139e+01
3.700000000000000000e+02 -6.713654570475403816e+00
3.710000000000000000e+02 1.190679883059612791e+02
3.720000000000000000e+02 6.565630098288964689e+01
3.730000000000000000e+02 -1.405919704126996805e+02
3.740000000000000000e+02 -1.551391465181735612e+02
3.750000000000000000e+02 -9.907034378865743918e+01
3.760000000000000000e+02 -8.042684896840810893e+01
3.770000000000000000e+02 -4.033300093448195867e+01
3.780000000000000000e+02 -5.011017981371354324e+01
3.790000000000000000e+02 -9.114665128201755451e-01
3.800000000000000000e+02 1.156542920370609551e+02
3.810000000000000000e+02 8.273054125599699660e+01
3.820000000000000000e+02 3.397318608323046618e+01
3.830000000000000000e+02 6.992699160918391499e+01
3.840000000000000000e+02 1.250270336449474087e+02
3.850000000000000000e+02 6.155806434451123721e+01
3.860000000000000000e+02 1.726055923189958605e+02
3.870000000000000000e+02 1.115836923009595694e+02
3.880000000000000000e+02 7.818319709401130524e+01
3.890000000000000000e+02 1.301253188699721761e+02
3.900000000000000000e+02 1.315224647651455712e+02
3.910000000000000000e+02 1.332924455854517873e+02
3.920000000000000000e+02 1.709214042958367372e+02
3.930000000000000000e+02 5.722818637026482946e+01
3.940000000000000000e+02 4.196211716172633110e+00
3.950000000000000000e+02 2.807033777905954608e+01
3.960000000000000000e+02 9.886649172029193267e+01
3.970000000000000000e+02 6.164633043340931096e+01
3.980000000000000000e+02 1.109300956833323113e+02
3.990000000000000000e+02 9.128150683487723427e+01
4.000000000000000000e+02 2.468918415998101636e+02
4.010000000000000000e+02 1.156858397778068195e+02
4.020000000000000000e+02 4.347476704017902449e+01
4.030000000000000000e+02 4.097379392693748912e+01
4.040000000000000000e+02 1.213842740782058769e+02
4.050000000000000000e+02 2.446775331144118582e+02
4.060000000000000000e+02 1.280648658946218177e+01
4.070000000000000000e+02 1.247035377262024980e+02
4.080000000000000000e+02 1.405990897002021711e+02
4.090000000000000000e+02 2.350478693058534319e+01
4.100000000000000000e+02 7.371558743763847588e+01
4.110000000000000000e+02 -4.425063352895474367e+00
4.120000000000000000e+02 -5.774819700784218135e+00
4.130000000000000000e+02 2.408475988421880629e+02
4.140000000000000000e+02 3.960433916446928038e+01
4.150000000000000000e+02 -9.160644956467938016e+01
4.160000000000000000e+02 7.939595467988895905e+01
4.170000000000000000e+02 1.993197264477747694e+02
4.180000000000000000e+02 1.431179829347982206e+02
4.190000000000000000e+02 -1.176436459805990324e+02
4.200000000000000000e+02 -7.021306870563174130e+01
4.210000000000000000e+02 2.161146388793060567e+02
4.220000000000000000e+02 1.220653123230068218e+02
4.230000000000000000e+02 1.262066447925838162e+02
4.240000000000000000e+02 2.171065790674582843e+02
4.250000000000000000e+02 2.384047424828009696e+02
4.260000000000000000e+02 1.985933934910142682e+02
4.270000000000000000e+02 2.492600863491243501e+01
4.280000000000000000e+02 1.935188883771996302e+02
4.290000000000000000e+02 2.015824350028446190e+02
4.300000000000000000e+02 2.286140103613823840e+02
4.310000000000000000e+02 2.341367271655257980e+02
4.320000000000000000e+02 2.240872479938865922e+02
4.330000000000000000e+02 3.450564265693885346e+01
4.340000000000000000e+02 1.294446410258564981e+02
4.350000000000000000e+02 2.316042178043595072e+02
4.360000000000000000e+02 4.270182144293681858e+01
4.370000000000000000e+02 8.586858787234220358e+01
4.380000000000000000e+02 2.408064412531476819e+02
4.390000000000000000e+02 1.646346147690351245e+02
4.400000000000000000e+02 2.214813344318146164e+02
4.410000000000000000e+02 1.258926725325958671e+02
4.420000000000000000e+02 2.370099989944869776e+02
4.430000000000000000e+02 -2.142464158277243769e+01
4.440000000000000000e+02 1.649797266802467561e+02
4.450000000000000000e+02 1.106981733350589536e+02
4.460000000000000000e+02 -7.216126501148487193e+01
4.470000000000000000e+02 4.444056076307250436e+01
4.480000000000000000e+02 2.080058007041552912e+02
4.490000000000000000e+02 2.025832545995830856e+02
4.500000000000000000e+02 1.884816250753150939e+02
4.510000000000000000e+02 2.790085938235399681e+02
4.520000000000000000e+02 2.177537411632497992e+02
4.530000000000000000e+02 1.939657415742024966e+02
4.540000000000000000e+02 2.361698246275871327e+02
4.550000000000000000e+02 1.888862748941439804e+02
4.560000000000000000e+02 1.668040714537190183e+02
4.570000000000000000e+02 2.563566166468685310e+02
4.580000000000000000e+02 2.057292785613069555e+02
4.590000000000000000e+02 2.690152137220296140e+02
4.600000000000000000e+02 1.959772014171190619e+02
4.610000000000000000e+02 2.769120302807791063e+02
4.620000000000000000e+02 2.728071476765155126e+02
4.630000000000000000e+02 2.270544921033650780e+02
4.640000000000000000e+02 2.606594790980270773e+02
4.650000000000000000e+02 2.671803675829627309e+02
4.660000000000000000e+02 2.451199470204632860e+02
4.670000000000000000e+02 7.377401385387945254e+01
4.680000000000000000e+02 2.579520891210031550e+02
4.690000000000000000e+02 1.234956696801412619e+02
4.700000000000000000e+02 2.315993469303441543e+02
4.710000000000000000e+02 1.662628681029100903e+02
4.720000000000000000e+02 1.392525296232385301e+02
4.730000000000000000e+02 -1.341872320946719128e+02
4.740000000000000000e+02 5.773637387590157743e+01
4.750000000000000000e+02 2.667804126051413505e+02
4.760000000000000000e+02 -1.229874240511917378e+02
4.770000000000000000e+02 -1.549715781427498484e+02
4.780000000000000000e+02 2.180048293575410412e+02
4.790000000000000000e+02 1.239765829535336650e+02
4.800000000000000000e+02 -1.026651979721978591e+01
4.810000000000000000e+02 3.756680040320324210e+00
4.820000000000000000e+02 -1.928920321727099463e+02
4.830000000000000000e+02 9.863170413799406333e+01
4.840000000000000000e+02 1.304442895479455728e+02
4.850000000000000000e+02 1.011658028794246889e+02
4.860000000000000000e+02 1.432577103862780632e+02
4.870000000000000000e+02 1.559254379772814616e+02
4.880000000000000000e+02 1.353303903542267506e+02
4.890000000000000000e+02 7.227641876341705540e+01
4.900000000000000000e+02 -2.144694183456228131e+01
4.910000000000000000e+02 1.497731426408292350e+02
4.920000000000000000e+02 7.180159004366912257e+01
4.930000000000000000e+02 1.039332403799339914e+02
4.940000000000000000e+02 1.048096051412223062e+02
4.950000000000000000e+02 2.531330030353778966e+02
4.960000000000000000e+02 1.048184886614052260e+02
4.970000000000000000e+02 -8.742835657442365971e+01
4.980000000000000000e+02 1.111291451241058752e+02
4.990000000000000000e+02 -9.716310189084583726e+01
5.000000000000000000e+02 -1.845448263156595772e+02
5.010000000000000000e+02 -1.914736728421604539e+02
5.020000000000000000e+02 1.136526052900204462e+02
5.030000000000000000e+02 1.062622440705780491e+02
5.040000000000000000e+02 1.766694374487880737e+02
5.050000000000000000e+02 1.135670388596269618e+02
5.060000000000000000e+02 1.142332143795597119e+02
5.070000000000000000e+02 2.692866169091656730e+02
5.080000000000000000e+02 2.334226666468466078e+02
5.090000000000000000e+02 2.718674964891067134e+02
5.100000000000000000e+02 2.605191583072170260e+02
5.110000000000000000e+02 2.366150874765044136e+02
5.120000000000000000e+02 2.522965811978813235e+02
5.130000000000000000e+02 2.727282884759206354e+02
5.140000000000000000e+02 2.269604939027291266e+02
5.150000000000000000e+02 2.623314223970614876e+02
5.160000000000000000e+02 4.181220565309010340e+01
5.170000000000000000e+02 -5.870006185191865455e+00
5.180000000000000000e+02 1.079834909001992429e+02
5.190000000000000000e+02 9.640343655096449993e+01
5.200000000000000000e+02 1.348606197319305124e+02
5.210000000000000000e+02 1.204893734172890021e+02
5.220000000000000000e+02 1.465074810590921572e+02
5.230000000000000000e+02 1.592401053846691070e+02
5.240000000000000000e+02 1.625150686617084261e+02
5.250000000000000000e+02 1.501128325155930270e+02
5.260000000000000000e+02 1.711263054126613667e+02
5.270000000000000000e+02 1.481844224155261713e+02
5.280000000000000000e+02 1.700417700908488428e+02
5.290000000000000000e+02 1.508370484647215051e+02
5.300000000000000000e+02 1.475618147273007423e+02
5.310000000000000000e+02 1.050612993293861734e+02
5.320000000000000000e+02 1.732959400500210734e+02
5.330000000000000000e+02 1.297545679163698935e+02
5.340000000000000000e+02 1.021082240226091216e+02
5.350000000000000000e+02 1.367746716281253896e+02
5.360000000000000000e+02 1.420435806629894557e+02
5.370000000000000000e+02 1.234977722165359921e+02
5.380000000000000000e+02 1.268464341497832493e+02
5.390000000000000000e+02 1.293514867809606415e+02
5.400000000000000000e+02 1.347887846964799223e+02
5.410000000000000000e+02 1.260584842576405720e+02
5.420000000000000000e+02 -6.294769231059845538e+00
5.430000000000000000e+02 1.040930226659651225e+02
5.440000000000000000e+02 1.309321820208866711e+02
5.450000000000000000e+02 9.744970850439176502e+01
5.460000000000000000e+02 1.366694068277229803e+02
5.470000000000000000e+02 1.376326768013267383e+02
5.480000000000000000e+02 1.054310487867067110e+02
5.490000000000000000e+02 1.150457470938585516e+02
5.500000000000000000e+02 1.503520239689771358e+02
5.510000000000000000e+02 1.499295900715065386e+02
5.520000000000000000e+02 1.389195798952709708e+02
5.530000000000000000e+02 1.264536127734822060e+02
5.540000000000000000e+02 1.698964378702839326e+02
5.550000000000000000e+02 1.295064474934235648e+02
5.560000000000000000e+02 1.266570050187996088e+02
5.570000000000000000e+02 1.111735930378970352e+02
5.580000000000000000e+02 1.379886752503172431e+02
5.590000000000000000e+02 1.532663858070525578e+02
5.600000000000000000e+02 1.265672003788356506e+02
5.610000000000000000e+02 1.451458285213369095e+02
5.620000000000000000e+02 4.611470099124048261e+01
5.630000000000000000e+02 2.612769171285942349e+01
5.640000000000000000e+02 6.270714096308115870e+01
5.650000000000000000e+02 1.107461210258773718e+02
5.660000000000000000e+02 1.015511808999260950e+02
5.670000000000000000e+02 1.413754632118634618e+02
5.680000000000000000e+02 1.453715797554778248e+02
5.690000000000000000e+02 5.178100962490795922e+01
5.700000000000000000e+02 1.111003882354946910e+02
5.710000000000000000e+02 8.626576649457423684e+01
5.720000000000000000e+02 1.255620025055816740e+02
5.730000000000000000e+02 1.304241034632834726e+02
5.740000000000000000e+02 9.304365067098819964e+01
5.750000000000000000e+02 1.276022026450291094e+02
5.760000000000000000e+02 5.503228382125712415e+01
5.770000000000000000e+02 1.129596998621642427e+02
5.780000000000000000e+02 1.249707085220879748e+02
5.790000000000000000e+02 7.748298984518395116e+01
5.800000000000000000e+02 1.202467298234823829e+02
5.810000000000000000e+02 1.441830347359155837e+02
5.820000000000000000e+02 1.230930944444429969e+02
5.830000000000000000e+02 1.320848568194538473e+02
5.840000000000000000e+02 1.365015742736773916e+02
5.850000000000000000e+02 1.601663454059379603e+02
5.860000000000000000e+02 1.166557049066501861e+02
5.870000000000000000e+02 1.723221356049736244e+02
5.880000000000000000e+02 -2.204046930913781921e+01
5.890000000000000000e+02 5.574255344625052544e+01
5.900000000000000000e+02 -8.602272047118390219e+00
5.910000000000000000e+02 -2.448850579473116795e+01
5.920000000000000000e+02 3.559173741191116846e+01
5.930000000000000000e+02 7.164003441469205313e+00
5.940000000000000000e+02 1.572282334635705183e+02
5.950000000000000000e+02 1.282616445606120976e+02
5.960000000000000000e+02 1.075441603880038599e+02
5.970000000000000000e+02 9.456859259476537716e+01
5.980000000000000000e+02 -3.852653030235383369e+01
5.990000000000000000e+02 1.046094546369048004e+02
