0.000000000000000000e+00 2.247748874442678235e-01
1.000000000000000000e+00 5.182277395064571746e-01
2.000000000000000000e+00 8.747540021699572454e-01
3.000000000000000000e+00 8.480486779453906276e-01
4.000000000000000000e+00 6.851718168705701606e-01
5.000000000000000000e+00 3.993470488151289466e-01
6.000000000000000000e+00 3.080163013722215237e-01
7.000000000000000000e+00 2.371210744990731034e-01
8.000000000000000000e+00 2.190119995520665164e-01
9.000000000000000000e+00 3.818457036934517213e-01
1.000000000000000000e+01 4.580654214667387314e-01
1.100000000000000000e+01 3.507043113370975629e-01
1.200000000000000000e+01 4.904045251508553638e-01
1.300000000000000000e+01 4.702115602353039714e-01
1.400000000000000000e+01 5.263721914852366179e-01
1.500000000000000000e+01 4.730050234356895089e-01
1.600000000000000000e+01 1.564047172315568834e-01
1.700000000000000000e+01 2.116890111762397830e-01
1.800000000000000000e+01 6.526352298624862880e-02
1.900000000000000000e+01 4.987081281874514160e-02
2.000000000000000000e+01 4.997007610639595671e-02
2.100000000000000000e+01 5.059099267574324044e-02
2.200000000000000000e+01 5.001072037859172204e-02
2.300000000000000000e+01 4.982197275385260443e-02
2.400000000000000000e+01 4.982141413025020088e-02
2.500000000000000000e+01 4.982289158234512461e-02
2.600000000000000000e+01 4.985991479621992850e-02
2.700000000000000000e+01 4.984655883464612913e-02
2.800000000000000000e+01 4.992679212438432684e-02
2.900000000000000000e+01 5.050528405623121858e-02
3.000000000000000000e+01 4.980102573232404045e-02
3.100000000000000000e+01 4.990229089973402532e-02
3.200000000000000000e+01 4.978718914623771197e-02
3.300000000000000000e+01 4.980893189809760396e-02
3.400000000000000000e+01 5.012455957082959102e-02
3.500000000000000000e+01 1.650938439252209178e-01
3.600000000000000000e+01 2.084987676432055737e-01
3.700000000000000000e+01 1.171137961024921598e-01
3.800000000000000000e+01 1.145443060788614992e-01
3.900000000000000000e+01 4.978707160675124171e-02
4.000000000000000000e+01 1.646232913426784739e-01
4.100000000000000000e+01 2.052820318505256258e-01
4.200000000000000000e+01 4.988296582537182083e-02
4.300000000000000000e+01 4.979351073387981719e-02
4.400000000000000000e+01 5.016755198852883291e-02
4.500000000000000000e+01 4.978706966275753959e-02
4.600000000000000000e+01 4.990312912739998386e-02
4.700000000000000000e+01 4.978706840576464093e-02
4.800000000000000000e+01 1.199208667923538224e-01
4.900000000000000000e+01 4.978976471198571369e-02
5.000000000000000000e+01 6.360997932727244231e-02
5.100000000000000000e+01 4.978707136574739289e-02
5.200000000000000000e+01 5.541570590541115837e-02
5.300000000000000000e+01 4.978706687688827515e-02
5.400000000000000000e+01 5.762457436528699295e-02
5.500000000000000000e+01 4.986612451454949801e-02
5.600000000000000000e+01 4.979225665587803246e-02
5.700000000000000000e+01 4.978712699074539644e-02
5.800000000000000000e+01 4.978766187690616962e-02
5.900000000000000000e+01 4.978711989765264440e-02
6.000000000000000000e+01 4.990280197714181548e-02
6.100000000000000000e+01 5.258089462571804984e-02
6.200000000000000000e+01 4.978707055968476652e-02
6.300000000000000000e+01 5.909015842386194234e-02
6.400000000000000000e+01 4.978706694224424578e-02
6.500000000000000000e+01 4.978706724033123143e-02
6.600000000000000000e+01 5.083085123045617132e-02
6.700000000000000000e+01 1.125255915190070122e-01
6.800000000000000000e+01 4.978707913930217194e-02
6.900000000000000000e+01 4.978724527005978784e-02
7.000000000000000000e+01 4.981314751009146419e-02
7.100000000000000000e+01 4.978719481763251714e-02
7.200000000000000000e+01 7.818274160261476369e-02
7.300000000000000000e+01 1.053855917535236747e-01
7.400000000000000000e+01 6.766189923792174099e-01
7.500000000000000000e+01 4.874622218169110122e-01
7.600000000000000000e+01 8.844797528342694948e-01
7.700000000000000000e+01 7.981407165527343306e-01
7.800000000000000000e+01 5.401812718212604114e-01
7.900000000000000000e+01 5.204940556287765974e-01
8.000000000000000000e+01 2.909802801646292347e-01
8.100000000000000000e+01 4.313864757046103615e-01
8.200000000000000000e+01 7.292744666635989637e-01
8.300000000000000000e+01 7.009692538082599178e-01
8.400000000000000000e+01 8.180863435566425590e-01
8.500000000000000000e+01 7.083139220923185819e-01
8.600000000000000000e+01 4.783827888071536805e-01
8.700000000000000000e+01 3.778461836650967576e-01
8.800000000000000000e+01 3.017741309218108792e-01
8.900000000000000000e+01 2.666079679853090023e-01
9.000000000000000000e+01 2.223447684963858195e-01
9.100000000000000000e+01 2.290153102244276428e-01
9.200000000000000000e+01 2.311170685641905920e-01
9.300000000000000000e+01 3.292644720285310411e-01
9.400000000000000000e+01 3.189742363244295054e-01
9.500000000000000000e+01 3.190754416622221257e-01
9.600000000000000000e+01 3.481596928872168206e-01
9.700000000000000000e+01 4.316435567722647915e-01
9.800000000000000000e+01 3.384388199225067950e-01
9.900000000000000000e+01 3.043357975929975590e-01
1.000000000000000000e+02 1.036384005732834401e-01
1.010000000000000000e+02 8.859396735206245821e-02
1.020000000000000000e+02 1.198765320405364015e-01
1.030000000000000000e+02 1.336397076807916140e-01
1.040000000000000000e+02 1.166103770881891238e-01
1.050000000000000000e+02 1.786882534362375652e-01
1.060000000000000000e+02 1.950309406630694742e-01
1.070000000000000000e+02 2.168735109381377812e-01
1.080000000000000000e+02 1.541884223371744189e-01
1.090000000000000000e+02 1.602687250375747774e-01
1.100000000000000000e+02 4.138483930602669947e-01
1.110000000000000000e+02 2.926021908344917377e-01
1.120000000000000000e+02 1.357049573574388157e-01
1.130000000000000000e+02 5.926981731504201573e-02
1.140000000000000000e+02 8.904907239455703283e-02
1.150000000000000000e+02 8.964443567102073351e-02
1.160000000000000000e+02 7.118490087651760390e-02
1.170000000000000000e+02 1.135876510801503980e-01
1.180000000000000000e+02 1.048869664099679050e-01
1.190000000000000000e+02 1.168755443283805151e-01
1.200000000000000000e+02 1.258096110188599848e-01
1.210000000000000000e+02 1.546665045122305460e-01
1.220000000000000000e+02 6.969469881483486562e-02
1.230000000000000000e+02 1.143207712756360295e-01
1.240000000000000000e+02 6.863721890205687348e-02
1.250000000000000000e+02 2.020551485064275010e-01
1.260000000000000000e+02 3.985995373209200165e-01
1.270000000000000000e+02 2.777202478677466280e-01
1.280000000000000000e+02 3.672859249711036833e-01
1.290000000000000000e+02 3.573496427100438244e-01
1.300000000000000000e+02 1.771413231762046514e-01
1.310000000000000000e+02 3.910597141795945642e-01
1.320000000000000000e+02 5.246682691090531758e-01
1.330000000000000000e+02 3.415205876261407925e-01
1.340000000000000000e+02 2.852356904738788113e-01
1.350000000000000000e+02 2.094190691759486300e-01
1.360000000000000000e+02 2.206832973593210179e-01
1.370000000000000000e+02 2.553121496392327106e-01
1.380000000000000000e+02 2.735205532275140072e-01
1.390000000000000000e+02 5.126107504814862992e-01
1.400000000000000000e+02 4.882818954288959401e-01
1.410000000000000000e+02 5.178355648480356122e-01
1.420000000000000000e+02 5.197148591428994990e-01
1.430000000000000000e+02 4.989044911637902091e-01
1.440000000000000000e+02 4.938292170986532947e-01
1.450000000000000000e+02 4.965180937871336853e-01
1.460000000000000000e+02 5.345063963383436256e-01
1.470000000000000000e+02 7.826486119590699841e-01
1.480000000000000000e+02 5.180834308862686255e-01
1.490000000000000000e+02 5.187645701728761383e-01
1.500000000000000000e+02 8.242541515156627252e-01
1.510000000000000000e+02 8.535780647993087555e-01
1.520000000000000000e+02 8.083069151639938887e-01
1.530000000000000000e+02 7.895742721557617028e-01
1.540000000000000000e+02 8.587357829213142502e-01
1.550000000000000000e+02 8.925163984298706277e-01
1.560000000000000000e+02 8.348507626652718061e-01
1.570000000000000000e+02 8.485324192643165508e-01
1.580000000000000000e+02 9.559096154570579928e-01
1.590000000000000000e+02 9.728218376636504905e-01
1.600000000000000000e+02 9.479109839797019710e-01
1.610000000000000000e+02 7.142987952083349468e-01
1.620000000000000000e+02 7.122417091205716089e-01
1.630000000000000000e+02 6.334351787865162287e-01
1.640000000000000000e+02 4.772564005404710819e-01
1.650000000000000000e+02 4.994561692774295847e-01
1.660000000000000000e+02 7.584004863387062700e-01
1.670000000000000000e+02 7.833197085402119342e-01
1.680000000000000000e+02 5.762478548362851560e-01
1.690000000000000000e+02 7.470519453287124412e-01
1.700000000000000000e+02 9.883974103987971382e-01
1.710000000000000000e+02 8.336258785128592974e-01
1.720000000000000000e+02 8.546017599999904402e-01
1.730000000000000000e+02 7.711637784242629801e-01
1.740000000000000000e+02 8.257714627787123840e-01
1.750000000000000000e+02 6.395174969397485754e-01
1.760000000000000000e+02 5.818378470167517857e-01
1.770000000000000000e+02 4.655664294660091240e-01
1.780000000000000000e+02 4.325098338983953128e-01
1.790000000000000000e+02 5.398710414730012452e-01
1.800000000000000000e+02 4.301329360604286278e-01
1.810000000000000000e+02 5.074678072759083447e-01
1.820000000000000000e+02 2.581612586453557179e-01
1.830000000000000000e+02 2.887018366269767378e-01
1.840000000000000000e+02 5.097467513560478558e-01
1.850000000000000000e+02 4.557241640051792886e-01
1.860000000000000000e+02 4.592389116937243276e-01
1.870000000000000000e+02 6.329633917379898778e-01
1.880000000000000000e+02 7.559169713542404079e-01
1.890000000000000000e+02 6.701792390495538987e-01
1.900000000000000000e+02 7.429424843490123331e-01
1.910000000000000000e+02 8.192040384858846336e-01
1.920000000000000000e+02 8.017350540161133354e-01
1.930000000000000000e+02 7.445249795019626138e-01
1.940000000000000000e+02 7.818449155092239700e-01
1.950000000000000000e+02 7.817974663078784969e-01
1.960000000000000000e+02 7.937694223374128777e-01
1.970000000000000000e+02 7.391094944253563392e-01
1.980000000000000000e+02 7.820470509454607866e-01
1.990000000000000000e+02 8.573119552135467503e-01
2.000000000000000000e+02 8.632543035447597379e-01
2.010000000000000000e+02 8.449818991124630196e-01
2.020000000000000000e+02 8.346608708202838400e-01
2.030000000000000000e+02 9.219799489974975781e-01
2.040000000000000000e+02 9.101690591275691800e-01
2.050000000000000000e+02 8.973780130147933631e-01
2.060000000000000000e+02 8.729994112923741278e-01
2.070000000000000000e+02 8.916472035944461583e-01
2.080000000000000000e+02 8.579510005190968958e-01
2.090000000000000000e+02 9.950942460080267615e-01
2.100000000000000000e+02 9.175456318557262403e-01
2.110000000000000000e+02 7.804754610508680690e-01
2.120000000000000000e+02 8.939968594014644498e-01
2.130000000000000000e+02 8.123400353342294933e-01
2.140000000000000000e+02 9.126964302361011416e-01
2.150000000000000000e+02 7.384517334699630675e-01
2.160000000000000000e+02 6.406959988325834354e-01
2.170000000000000000e+02 8.022412511168933724e-01
2.180000000000000000e+02 5.721185186207294882e-01
2.190000000000000000e+02 6.766228439882397971e-01
2.200000000000000000e+02 7.783873489797115131e-01
2.210000000000000000e+02 7.406060749888420114e-01
2.220000000000000000e+02 8.841643509851104810e-01
2.230000000000000000e+02 8.228322858214378588e-01
2.240000000000000000e+02 9.940617833739129328e-01
2.250000000000000000e+02 7.819005000293255403e-01
2.260000000000000000e+02 7.631671673804522049e-01
2.270000000000000000e+02 7.720510110557079475e-01
2.280000000000000000e+02 9.179925875067710406e-01
2.290000000000000000e+02 6.863901013880968627e-01
2.300000000000000000e+02 8.412101862430572119e-01
2.310000000000000000e+02 8.380609681606292494e-01
2.320000000000000000e+02 9.674406995773315865e-01
2.330000000000000000e+02 9.885411655306816092e-01
2.340000000000000000e+02 9.887606663107871841e-01
2.350000000000000000e+02 9.417963922023773193e-01
2.360000000000000000e+02 9.386469243168831245e-01
2.370000000000000000e+02 9.747749692797660348e-01
2.380000000000000000e+02 9.187604767935616534e-01
2.390000000000000000e+02 9.357619962096214161e-01
2.400000000000000000e+02 8.717669802010059588e-01
2.410000000000000000e+02 8.232822088301181562e-01
2.420000000000000000e+02 8.703776416523429926e-01
2.430000000000000000e+02 9.401919375658035483e-01
2.440000000000000000e+02 9.461083237498187914e-01
2.450000000000000000e+02 7.304625249505043438e-01
2.460000000000000000e+02 8.926391481161117802e-01
2.470000000000000000e+02 8.588832078576087437e-01
2.480000000000000000e+02 8.444934439063072062e-01
2.490000000000000000e+02 9.009412634372711004e-01
2.500000000000000000e+02 8.807039176456809004e-01
2.510000000000000000e+02 9.081186977922915959e-01
2.520000000000000000e+02 9.999461670716603967e-01
2.530000000000000000e+02 8.585341320931911824e-01
2.540000000000000000e+02 9.007533954083919436e-01
2.550000000000000000e+02 8.535177243649959555e-01
2.560000000000000000e+02 9.021437892019749105e-01
2.570000000000000000e+02 9.971955425682521579e-01
2.580000000000000000e+02 8.908341196775436677e-01
2.590000000000000000e+02 9.562394775748253029e-01
2.600000000000000000e+02 9.490123350918292511e-01
2.610000000000000000e+02 9.979169359803199413e-01
2.620000000000000000e+02 9.644454098593082669e-01
2.630000000000000000e+02 9.379101582169532270e-01
2.640000000000000000e+02 9.593915528059006048e-01
2.650000000000000000e+02 7.675701739490031761e-01
2.660000000000000000e+02 6.923485976755618942e-01
2.670000000000000000e+02 7.637861732840538487e-01
2.680000000000000000e+02 8.250778011083602648e-01
2.690000000000000000e+02 9.428872551027621673e-01
2.700000000000000000e+02 6.103413112014531849e-01
2.710000000000000000e+02 6.821140637993812206e-01
2.720000000000000000e+02 9.662651710808277672e-01
2.730000000000000000e+02 7.902170124053955469e-01
2.740000000000000000e+02 8.931596576571464441e-01
2.750000000000000000e+02 6.899849181904744722e-01
2.760000000000000000e+02 7.276534119248390109e-01
2.770000000000000000e+02 4.341517295464873416e-01
2.780000000000000000e+02 5.826773633062839464e-01
2.790000000000000000e+02 7.783799873853939344e-01
2.800000000000000000e+02 7.421083004698156849e-01
2.810000000000000000e+02 9.981507606995411175e-01
2.820000000000000000e+02 9.960482041835785338e-01
2.830000000000000000e+02 8.243138387203216011e-01
2.840000000000000000e+02 6.686631926298141071e-01
2.850000000000000000e+02 8.039805018752813615e-01
2.860000000000000000e+02 6.459301460087298885e-01
2.870000000000000000e+02 7.542143601179123191e-01
2.880000000000000000e+02 9.155143241584301483e-01
2.890000000000000000e+02 9.946673650361578245e-01
2.900000000000000000e+02 7.713380142152309604e-01
2.910000000000000000e+02 8.736509781520805928e-01
2.920000000000000000e+02 9.987457791457370337e-01
2.930000000000000000e+02 9.039596068171354970e-01
2.940000000000000000e+02 7.831132202148437527e-01
2.950000000000000000e+02 9.999954783398171676e-01
2.960000000000000000e+02 7.799639042615890139e-01
2.970000000000000000e+02 8.531311845183372489e-01
2.980000000000000000e+02 8.666729915197894929e-01
2.990000000000000000e+02 7.540797133445740208e-01
3.000000000000000000e+02 8.943129194701879836e-01
3.010000000000000000e+02 8.388123487383126742e-01
3.020000000000000000e+02 5.478726740777491999e-01
3.030000000000000000e+02 7.552867525070905419e-01
3.040000000000000000e+02 9.574776432663202330e-01
3.050000000000000000e+02 9.945757263302803519e-01
3.060000000000000000e+02 9.897020890116691172e-01
3.070000000000000000e+02 8.310352380722760834e-01
3.080000000000000000e+02 9.036662389934062567e-01
3.090000000000000000e+02 7.331779059171676938e-01
3.100000000000000000e+02 6.821846226602792385e-01
3.110000000000000000e+02 6.975212676674127366e-01
3.120000000000000000e+02 7.050697039961815182e-01
3.130000000000000000e+02 9.565904619693755828e-01
3.140000000000000000e+02 6.976924776583910415e-01
3.150000000000000000e+02 7.113819871693849439e-01
3.160000000000000000e+02 7.894705248251557839e-01
3.170000000000000000e+02 9.980022311210632324e-01
3.180000000000000000e+02 7.888518467992544636e-01
3.190000000000000000e+02 8.033098242580890558e-01
3.200000000000000000e+02 9.548406328558921574e-01
3.210000000000000000e+02 6.567985153736028980e-01
3.220000000000000000e+02 9.141301619112491839e-01
3.230000000000000000e+02 6.111186263114214423e-01
3.240000000000000000e+02 6.285677305683493588e-01
3.250000000000000000e+02 9.267337694168090723e-01
3.260000000000000000e+02 8.592165511250495769e-01
3.270000000000000000e+02 7.571153876483440737e-01
3.280000000000000000e+02 9.138309535564191899e-01
3.290000000000000000e+02 6.702570552155375783e-01
3.300000000000000000e+02 9.589568111177992904e-01
3.310000000000000000e+02 9.813110294013187573e-01
3.320000000000000000e+02 5.226827281415462600e-01
3.330000000000000000e+02 6.490890097767114675e-01
3.340000000000000000e+02 6.152021505832672155e-01
3.350000000000000000e+02 8.051978877186775074e-01
3.360000000000000000e+02 6.238730053300214351e-01
3.370000000000000000e+02 9.082034946084022176e-01
3.380000000000000000e+02 4.803886719644069880e-01
3.390000000000000000e+02 8.280344858318566814e-01
3.400000000000000000e+02 4.854538947194814713e-01
3.410000000000000000e+02 7.169157512485980766e-01
3.420000000000000000e+02 6.698671535305354974e-01
3.430000000000000000e+02 9.954671216011047319e-01
3.440000000000000000e+02 5.480281394347548130e-01
3.450000000000000000e+02 6.392215213043798139e-01
3.460000000000000000e+02 3.194700821340084040e-01
3.470000000000000000e+02 6.792022853344679145e-01
3.480000000000000000e+02 9.145261313319206220e-01
3.490000000000000000e+02 9.466442844271659718e-01
3.500000000000000000e+02 8.669703949689865352e-01
3.510000000000000000e+02 8.685722832083702105e-01
3.520000000000000000e+02 8.348662523031235017e-01
3.530000000000000000e+02 7.985097028613090675e-01
3.540000000000000000e+02 8.112588361501693601e-01
3.550000000000000000e+02 6.946607472896575430e-01
3.560000000000000000e+02 9.029142362475395256e-01
3.570000000000000000e+02 9.071358805298804784e-01
3.580000000000000000e+02 6.841841893792152129e-01
3.590000000000000000e+02 6.713150644451379989e-01
3.600000000000000000e+02 7.508401852250099484e-01
3.610000000000000000e+02 7.048568009436130266e-01
3.620000000000000000e+02 6.412809353470801943e-01
3.630000000000000000e+02 7.317107795929231884e-01
3.640000000000000000e+02 7.108017835766077264e-01
3.650000000000000000e+02 9.934885881902086879e-01
3.660000000000000000e+02 6.565207373946905234e-01
3.670000000000000000e+02 6.997328447103500215e-01
3.680000000000000000e+02 7.185370415560901058e-01
3.690000000000000000e+02 9.827143741612458516e-01
3.700000000000000000e+02 7.344464074373244777e-01
3.710000000000000000e+02 6.859333060383796532e-01
3.720000000000000000e+02 7.813886375389993422e-01
3.730000000000000000e+02 9.837542622232101630e-01
3.740000000000000000e+02 9.826631595909858241e-01
3.750000000000000000e+02 9.448458549957121644e-01
3.760000000000000000e+02 9.971446772568098860e-01
3.770000000000000000e+02 7.878990786075592556e-01
3.780000000000000000e+02 9.538977165242091827e-01
3.790000000000000000e+02 8.021218033134936976e-01
3.800000000000000000e+02 6.553496420085430652e-01
3.810000000000000000e+02 6.536105192303657274e-01
3.820000000000000000e+02 9.630678361654281261e-01
3.830000000000000000e+02 8.579328503906726855e-01
3.840000000000000000e+02 5.794809867590665631e-01
3.850000000000000000e+02 7.498599186986685261e-01
3.860000000000000000e+02 5.932667466402054002e-01
3.870000000000000000e+02 6.623336131423711581e-01
3.880000000000000000e+02 6.159383459091186674e-01
3.890000000000000000e+02 5.636162984371185791e-01
3.900000000000000000e+02 5.025163844525813994e-01
3.910000000000000000e+02 5.464817908406257585e-01
3.920000000000000000e+02 4.209545375406741896e-01
3.930000000000000000e+02 7.856823505163192944e-01
3.940000000000000000e+02 7.504066253006458354e-01
3.950000000000000000e+02 7.757846113443375158e-01
3.960000000000000000e+02 5.884995129033923078e-01
3.970000000000000000e+02 8.123810931071638874e-01
3.980000000000000000e+02 4.581980267912149629e-01
3.990000000000000000e+02 6.037837226837873272e-01
4.000000000000000000e+02 6.386320609294000583e-01
4.010000000000000000e+02 6.616623161584138657e-01
4.020000000000000000e+02 7.413642749488353889e-01
4.030000000000000000e+02 6.071553254872560368e-01
4.040000000000000000e+02 6.579815560877323444e-01
4.050000000000000000e+02 6.408390124638875252e-01
4.060000000000000000e+02 9.916270309024386442e-01
4.070000000000000000e+02 7.868585195326552872e-01
4.080000000000000000e+02 6.939505160277616991e-01
4.090000000000000000e+02 8.801368605792522226e-01
4.100000000000000000e+02 6.329099933356047147e-01
4.110000000000000000e+02 8.262886491417884560e-01
4.120000000000000000e+02 7.537187281250953275e-01
4.130000000000000000e+02 6.962485447439090702e-01
4.140000000000000000e+02 5.888400469720364017e-01
4.150000000000000000e+02 7.790834131911397176e-01
4.160000000000000000e+02 4.789981194511055973e-01
4.170000000000000000e+02 4.446912775842510879e-01
4.180000000000000000e+02 4.562982091666958895e-01
4.190000000000000000e+02 7.352406881592592480e-01
4.200000000000000000e+02 6.576167414039373327e-01
4.210000000000000000e+02 6.965022077123950162e-01
4.220000000000000000e+02 4.046059919297695373e-01
4.230000000000000000e+02 5.335176749564707332e-01
4.240000000000000000e+02 5.825617068306985225e-01
4.250000000000000000e+02 5.918610553368638394e-01
4.260000000000000000e+02 7.322444671274800365e-01
4.270000000000000000e+02 6.834473227262496398e-01
4.280000000000000000e+02 6.814962379113519431e-01
4.290000000000000000e+02 6.448967895054318333e-01
4.300000000000000000e+02 7.103655304448063257e-01
4.310000000000000000e+02 6.980601998008026943e-01
4.320000000000000000e+02 8.611339167185089183e-01
4.330000000000000000e+02 7.102822544425726470e-01
4.340000000000000000e+02 5.699146025702357399e-01
4.350000000000000000e+02 7.359963115304708481e-01
4.360000000000000000e+02 5.645669882893562530e-01
4.370000000000000000e+02 6.851332641020416725e-01
4.380000000000000000e+02 6.535661734773644538e-01
4.390000000000000000e+02 8.907925604346269566e-01
4.400000000000000000e+02 4.886994678731803043e-01
4.410000000000000000e+02 2.472934993281960536e-01
4.420000000000000000e+02 7.979572720936324304e-01
4.430000000000000000e+02 6.504478472433984360e-01
4.440000000000000000e+02 8.457478125149814341e-01
4.450000000000000000e+02 5.276980024874210473e-01
4.460000000000000000e+02 7.123851634562015089e-01
4.470000000000000000e+02 5.832162509113549831e-01
4.480000000000000000e+02 5.310809719270433993e-01
4.490000000000000000e+02 3.830231816717827309e-01
4.500000000000000000e+02 6.014717316800921587e-01
4.510000000000000000e+02 3.588352195564536995e-01
4.520000000000000000e+02 7.431021033110571938e-01
4.530000000000000000e+02 7.719636464719107360e-01
4.540000000000000000e+02 7.977261783089488745e-01
4.550000000000000000e+02 7.761882102611113998e-01
4.560000000000000000e+02 8.401769147634599033e-01
4.570000000000000000e+02 7.814615854831863384e-01
4.580000000000000000e+02 8.737925071236879448e-01
4.590000000000000000e+02 7.756404633678141147e-01
4.600000000000000000e+02 8.151381161119749530e-01
4.610000000000000000e+02 7.145679432720470903e-01
4.620000000000000000e+02 7.635651479098708450e-01
4.630000000000000000e+02 8.720739809387909602e-01
4.640000000000000000e+02 8.383116244909263326e-01
4.650000000000000000e+02 8.188044895320686356e-01
4.660000000000000000e+02 7.287912531013043260e-01
4.670000000000000000e+02 5.909810931608080464e-01
4.680000000000000000e+02 6.223714791524869172e-01
4.690000000000000000e+02 4.462319967076182614e-01
4.700000000000000000e+02 4.025372684520489019e-01
4.710000000000000000e+02 3.496588571965694170e-01
4.720000000000000000e+02 4.590072646774351339e-01
4.730000000000000000e+02 9.999984214452199982e-01
4.740000000000000000e+02 9.208055296540260670e-01
4.750000000000000000e+02 6.169712293574858286e-01
4.760000000000000000e+02 9.998900275805900906e-01
4.770000000000000000e+02 8.825414351599161211e-01
4.780000000000000000e+02 5.822284821918618514e-01
4.790000000000000000e+02 5.390231326222419961e-01
4.800000000000000000e+02 9.999959699074085773e-01
4.810000000000000000e+02 9.503724847137927645e-01
4.820000000000000000e+02 9.984652795991697527e-01
4.830000000000000000e+02 5.240658995062112968e-01
4.840000000000000000e+02 6.196954798400402531e-01
4.850000000000000000e+02 6.026747280061245382e-01
4.860000000000000000e+02 8.118508195108194991e-01
4.870000000000000000e+02 5.860378262847661945e-01
4.880000000000000000e+02 5.606347722262143840e-01
4.890000000000000000e+02 6.924195117056369808e-01
4.900000000000000000e+02 9.951847751614868454e-01
4.910000000000000000e+02 6.215020326226949887e-01
4.920000000000000000e+02 7.255171809196472310e-01
4.930000000000000000e+02 6.604691706597805023e-01
4.940000000000000000e+02 7.153166628777980485e-01
4.950000000000000000e+02 5.549436950529110790e-01
4.960000000000000000e+02 6.824388400018215339e-01
4.970000000000000000e+02 9.954107581377029668e-01
4.980000000000000000e+02 5.975146030634641559e-01
4.990000000000000000e+02 9.998712802529334809e-01
5.000000000000000000e+02 9.995203632450265774e-01
5.010000000000000000e+02 9.999193453363010020e-01
5.020000000000000000e+02 3.955565773993730549e-01
5.030000000000000000e+02 4.594475467950105418e-01
5.040000000000000000e+02 4.305878026187419660e-01
5.050000000000000000e+02 4.309191881120205125e-01
5.060000000000000000e+02 4.007069057896733288e-01
5.070000000000000000e+02 6.540681389029895376e-01
5.080000000000000000e+02 4.863555787552442666e-01
5.090000000000000000e+02 7.647391647909776990e-01
5.100000000000000000e+02 4.004720502943967531e-01
5.110000000000000000e+02 6.605411366258979733e-01
5.120000000000000000e+02 6.953129290921401529e-01
5.130000000000000000e+02 4.976480568737484678e-01
5.140000000000000000e+02 4.989554901047056901e-01
5.150000000000000000e+02 7.782472892608863768e-01
5.160000000000000000e+02 7.524924079179763359e-01
5.170000000000000000e+02 7.551818125396967396e-01
5.180000000000000000e+02 7.732093060165643461e-01
5.190000000000000000e+02 8.727304407879710180e-01
5.200000000000000000e+02 9.147055803760886228e-01
5.210000000000000000e+02 7.275898463279009132e-01
5.220000000000000000e+02 6.683871521055698706e-01
5.230000000000000000e+02 6.563476464748382311e-01
5.240000000000000000e+02 4.562025239239587693e-01
5.250000000000000000e+02 6.852766193225979796e-01
5.260000000000000000e+02 6.999167665839195474e-01
5.270000000000000000e+02 6.554258617833256251e-01
5.280000000000000000e+02 6.746625577956437692e-01
5.290000000000000000e+02 6.757595466077327417e-01
5.300000000000000000e+02 7.278611178994178754e-01
5.310000000000000000e+02 7.388077050074934871e-01
5.320000000000000000e+02 7.318334978818893388e-01
5.330000000000000000e+02 7.172091610506177162e-01
5.340000000000000000e+02 7.313704090416431880e-01
5.350000000000000000e+02 7.251587796211242942e-01
5.360000000000000000e+02 7.619131642431020701e-01
5.370000000000000000e+02 7.413331172466277597e-01
5.380000000000000000e+02 7.353534025549888220e-01
5.390000000000000000e+02 7.240351746454835036e-01
5.400000000000000000e+02 5.616580196171998551e-01
5.410000000000000000e+02 7.031576726213097928e-01
5.420000000000000000e+02 9.685204864021331739e-01
5.430000000000000000e+02 6.844786528646945589e-01
5.440000000000000000e+02 7.449947659373283848e-01
5.450000000000000000e+02 7.897468698918819197e-01
5.460000000000000000e+02 7.297828317582607527e-01
5.470000000000000000e+02 7.479775713384151370e-01
5.480000000000000000e+02 7.608910255879163254e-01
5.490000000000000000e+02 7.606109872013330220e-01
5.500000000000000000e+02 7.634750507771969064e-01
5.510000000000000000e+02 7.527621307373046911e-01
5.520000000000000000e+02 7.645384152382612708e-01
5.530000000000000000e+02 7.438280026763677277e-01
5.540000000000000000e+02 8.068125781416892739e-01
5.550000000000000000e+02 5.527937281727790531e-01
5.560000000000000000e+02 7.257643708623945367e-01
5.570000000000000000e+02 5.869124010354280774e-01
5.580000000000000000e+02 7.912401580214500907e-01
5.590000000000000000e+02 8.318016150295733935e-01
5.600000000000000000e+02 7.772933660745621198e-01
5.610000000000000000e+02 8.551606483086943156e-01
5.620000000000000000e+02 9.527269793301820222e-01
5.630000000000000000e+02 9.646530219912529125e-01
5.640000000000000000e+02 8.460007873773575104e-01
5.650000000000000000e+02 8.935963005870580789e-01
5.660000000000000000e+02 9.938750194311142261e-01
5.670000000000000000e+02 9.959248214364051499e-01
5.680000000000000000e+02 9.946070375517011009e-01
5.690000000000000000e+02 9.398498008102178503e-01
5.700000000000000000e+02 9.973226919174194016e-01
5.710000000000000000e+02 9.974746575951576322e-01
5.720000000000000000e+02 9.967259131073952227e-01
5.730000000000000000e+02 9.948008902668953324e-01
5.740000000000000000e+02 9.890022154748440153e-01
5.750000000000000000e+02 9.897760097831487247e-01
5.760000000000000000e+02 9.049655438736080582e-01
5.770000000000000000e+02 9.819236292168498359e-01
5.780000000000000000e+02 9.897500994801521346e-01
5.790000000000000000e+02 9.844715609848498916e-01
5.800000000000000000e+02 9.892204974591731759e-01
5.810000000000000000e+02 9.899425289630889857e-01
5.820000000000000000e+02 9.885316648185252797e-01
5.830000000000000000e+02 8.434929515421391022e-01
5.840000000000000000e+02 7.726840353608130929e-01
5.850000000000000000e+02 6.997817874252796333e-01
5.860000000000000000e+02 6.915300777852535496e-01
5.870000000000000000e+02 7.012125850319862463e-01
5.880000000000000000e+02 9.510205205749062696e-01
5.890000000000000000e+02 9.551445399721463225e-01
5.900000000000000000e+02 9.759084776828162999e-01
5.910000000000000000e+02 9.785572610684295514e-01
5.920000000000000000e+02 9.212494446865974185e-01
5.930000000000000000e+02 9.895671900738490789e-01
5.940000000000000000e+02 7.175024639964103779e-01
5.950000000000000000e+02 7.439918485879898347e-01
5.960000000000000000e+02 6.839786667823791744e-01
5.970000000000000000e+02 7.730307841598987872e-01
5.980000000000000000e+02 9.331165798902512076e-01
5.990000000000000000e+02 7.784577574729919514e-01
