0.000000000000000000e+00 2.433000466461931743e-01
1.000000000000000000e+00 4.757958213681156012e-01
2.000000000000000000e+00 5.987524811465007035e-01
3.000000000000000000e+00 7.171345622615611370e-01
4.000000000000000000e+00 6.158046676206958558e-01
5.000000000000000000e+00 3.812541336012192361e-01
6.000000000000000000e+00 4.268171082477311695e-01
7.000000000000000000e+00 5.144720740178052587e-01
8.000000000000000000e+00 3.382488033837742214e-01
9.000000000000000000e+00 2.343886489094781367e-01
1.000000000000000000e+01 2.337811022558632934e-01
1.100000000000000000e+01 3.317116768057666865e-01
1.200000000000000000e+01 2.954720216522733756e-01
1.300000000000000000e+01 2.233171577038972344e-01
1.400000000000000000e+01 7.017653322645596436e-02
1.500000000000000000e+01 3.921557209384040621e-01
1.600000000000000000e+01 1.578413057887093074e-01
1.700000000000000000e+01 7.105467242171178976e-02
1.800000000000000000e+01 1.610670236806417410e-01
1.900000000000000000e+01 9.703676437425334811e-02
2.000000000000000000e+01 5.336077234148978859e-02
2.100000000000000000e+01 5.047040946723879012e-02
2.200000000000000000e+01 4.981684248544212407e-02
2.300000000000000000e+01 4.981753518939881914e-02
2.400000000000000000e+01 4.983046491231236941e-02
2.500000000000000000e+01 4.984060764252170456e-02
2.600000000000000000e+01 4.981692539471568176e-02
2.700000000000000000e+01 4.990065531297163681e-02
2.800000000000000000e+01 4.981881299596509910e-02
2.900000000000000000e+01 4.995549290820404387e-02
3.000000000000000000e+01 4.998439958676545447e-02
3.100000000000000000e+01 4.983133027373358448e-02
3.200000000000000000e+01 4.982447600061142706e-02
3.300000000000000000e+01 4.981732637141689929e-02
3.400000000000000000e+01 4.980356532378472922e-02
3.500000000000000000e+01 4.981172525724351235e-02
3.600000000000000000e+01 5.027735734527761374e-02
3.700000000000000000e+01 4.983222543408995925e-02
3.800000000000000000e+01 4.982887454039557767e-02
3.900000000000000000e+01 4.982798122555801706e-02
4.000000000000000000e+01 4.982564884687767232e-02
4.100000000000000000e+01 4.981879959596651614e-02
4.200000000000000000e+01 5.000416619273332502e-02
4.300000000000000000e+01 5.004782360125694524e-02
4.400000000000000000e+01 5.006958274491902366e-02
4.500000000000000000e+01 5.000404750599580367e-02
4.600000000000000000e+01 4.981773330639767405e-02
4.700000000000000000e+01 5.001088726686592212e-02
4.800000000000000000e+01 5.017426802170655425e-02
4.900000000000000000e+01 5.002943451205889291e-02
5.000000000000000000e+01 5.022164431455380940e-02
5.100000000000000000e+01 5.058082401059394578e-02
5.200000000000000000e+01 5.099203986659025384e-02
5.300000000000000000e+01 5.981289956690673260e-02
5.400000000000000000e+01 5.124241520058025329e-02
5.500000000000000000e+01 5.227809460914653594e-02
5.600000000000000000e+01 5.615891363019141075e-02
5.700000000000000000e+01 5.568086034618317803e-02
5.800000000000000000e+01 5.333473029631105589e-02
5.900000000000000000e+01 5.939477913909488316e-02
6.000000000000000000e+01 6.170393127415861600e-02
6.100000000000000000e+01 6.878870067832705548e-02
6.200000000000000000e+01 5.602944140201029238e-02
6.300000000000000000e+01 5.115374657890699867e-02
6.400000000000000000e+01 5.094524648927507143e-02
6.500000000000000000e+01 4.979521690291308089e-02
6.600000000000000000e+01 1.017958230156566640e-01
6.700000000000000000e+01 4.978845326229929674e-02
6.800000000000000000e+01 8.413595838222916179e-02
6.900000000000000000e+01 4.986651821023278808e-02
7.000000000000000000e+01 5.061289792259534431e-02
7.100000000000000000e+01 4.978808410465717510e-02
7.200000000000000000e+01 4.981459267655310996e-02
7.300000000000000000e+01 4.981084062019362768e-02
7.400000000000000000e+01 4.987619518547014436e-02
7.500000000000000000e+01 4.978969286954199047e-02
7.600000000000000000e+01 4.985147933183561170e-02
7.700000000000000000e+01 4.981039029314267980e-02
7.800000000000000000e+01 4.993914815240754063e-02
7.900000000000000000e+01 5.044606129232149377e-02
8.000000000000000000e+01 5.083693600267417956e-02
8.100000000000000000e+01 1.380897807665169286e-01
8.200000000000000000e+01 4.988061335384845751e-01
8.300000000000000000e+01 5.472697031795978884e-01
8.400000000000000000e+01 4.624970444738865094e-01
8.500000000000000000e+01 5.219600968807935892e-01
8.600000000000000000e+01 2.639340327791869778e-01
8.700000000000000000e+01 2.003699638967558483e-01
8.800000000000000000e+01 1.301572100841703050e-01
8.900000000000000000e+01 2.282335843118998286e-01
9.000000000000000000e+01 2.711784368689233449e-01
9.100000000000000000e+01 1.444588455201034904e-01
9.200000000000000000e+01 1.451859816613539078e-01
9.300000000000000000e+01 1.879137043117709294e-01
9.400000000000000000e+01 2.238990904665306980e-01
9.500000000000000000e+01 1.182552022144261333e-01
9.600000000000000000e+01 1.223813589214464287e-01
9.700000000000000000e+01 1.346583741768780651e-01
9.800000000000000000e+01 7.702305286176620858e-02
9.900000000000000000e+01 1.253190051906436508e-01
1.000000000000000000e+02 5.289458084670982385e-02
1.010000000000000000e+02 8.299885643306222083e-02
1.020000000000000000e+02 5.725024269830777252e-02
1.030000000000000000e+02 9.343203525073431881e-02
1.040000000000000000e+02 2.351689794612628892e-01
1.050000000000000000e+02 1.559325641652954952e-01
1.060000000000000000e+02 3.176043462008237839e-01
1.070000000000000000e+02 1.377593861166050981e-01
1.080000000000000000e+02 1.354017921212466447e-01
1.090000000000000000e+02 6.181353138729480529e-02
1.100000000000000000e+02 1.440009319708800695e-01
1.110000000000000000e+02 1.022578225836821425e-01
1.120000000000000000e+02 1.463851013609596963e-01
1.130000000000000000e+02 1.885735749338681988e-01
1.140000000000000000e+02 2.236369824442324961e-01
1.150000000000000000e+02 3.380711752931719882e-01
1.160000000000000000e+02 6.535908733353470446e-01
1.170000000000000000e+02 5.277528433799744123e-01
1.180000000000000000e+02 5.317108762578395265e-01
1.190000000000000000e+02 5.252173849123622507e-01
1.200000000000000000e+02 5.249080719947815110e-01
1.210000000000000000e+02 5.248935493778009720e-01
1.220000000000000000e+02 5.248935392347432449e-01
1.230000000000000000e+02 5.304797388496199639e-01
1.240000000000000000e+02 5.386738317310809654e-01
1.250000000000000000e+02 6.988823090035182206e-01
1.260000000000000000e+02 5.250244788265445717e-01
1.270000000000000000e+02 7.623515420526431052e-01
1.280000000000000000e+02 5.250448670563281350e-01
1.290000000000000000e+02 5.256021802425384637e-01
1.300000000000000000e+02 6.439186593907028078e-01
1.310000000000000000e+02 7.059385166988113580e-01
1.320000000000000000e+02 5.306618649959564671e-01
1.330000000000000000e+02 4.643203713148832401e-01
1.340000000000000000e+02 1.929785827994346670e-01
1.350000000000000000e+02 3.491247866330738359e-01
1.360000000000000000e+02 3.779086188636551769e-01
1.370000000000000000e+02 4.071971297487616548e-01
1.380000000000000000e+02 3.018355871178209915e-01
1.390000000000000000e+02 2.396158247813582332e-01
1.400000000000000000e+02 1.668921515494584951e-01
1.410000000000000000e+02 2.788573519699275582e-01
1.420000000000000000e+02 3.272037331052124465e-01
1.430000000000000000e+02 3.959222180247307099e-01
1.440000000000000000e+02 5.166493593156338271e-01
1.450000000000000000e+02 5.248597955703735440e-01
1.460000000000000000e+02 5.194511098265648386e-01
1.470000000000000000e+02 3.486702682636678152e-01
1.480000000000000000e+02 5.074705832898617208e-01
1.490000000000000000e+02 1.474342168346047532e-01
1.500000000000000000e+02 1.212986723668873362e-01
1.510000000000000000e+02 4.902452098876237674e-01
1.520000000000000000e+02 1.904365375041961739e-01
1.530000000000000000e+02 1.745893262975317106e-01
1.540000000000000000e+02 2.443561500199138981e-01
1.550000000000000000e+02 2.171644993679492097e-01
1.560000000000000000e+02 2.244622263871133283e-01
1.570000000000000000e+02 2.155561780250123405e-01
1.580000000000000000e+02 2.042430752031505203e-01
1.590000000000000000e+02 1.975994862817429254e-01
1.600000000000000000e+02 1.840693645974461334e-01
1.610000000000000000e+02 2.105374043927062955e-01
1.620000000000000000e+02 4.170946745162314451e-01
1.630000000000000000e+02 3.505869763941804051e-01
1.640000000000000000e+02 3.976739213934966655e-01
1.650000000000000000e+02 2.392919878230283237e-01
1.660000000000000000e+02 2.692869123757669625e-01
1.670000000000000000e+02 5.756883998960256321e-02
1.680000000000000000e+02 5.227001821249723651e-02
1.690000000000000000e+02 1.929499641418048750e-01
1.700000000000000000e+02 2.183258631599268862e-01
1.710000000000000000e+02 1.827501891243732968e-01
1.720000000000000000e+02 2.297838186546240224e-01
1.730000000000000000e+02 1.600309042848618857e-01
1.740000000000000000e+02 1.085498662847637769e-01
1.750000000000000000e+02 6.170079868202034412e-02
1.760000000000000000e+02 1.037722137160503461e-01
1.770000000000000000e+02 1.604542710951396278e-01
1.780000000000000000e+02 3.326621429227730742e-01
1.790000000000000000e+02 8.060524978108056515e-02
1.800000000000000000e+02 2.073890648782253376e-01
1.810000000000000000e+02 4.935539228793902056e-01
1.820000000000000000e+02 4.399953425675630636e-01
1.830000000000000000e+02 2.938793997690081761e-01
1.840000000000000000e+02 2.693799733221530768e-01
1.850000000000000000e+02 2.405435599349439180e-01
1.860000000000000000e+02 3.282724097222090021e-01
1.870000000000000000e+02 2.657369023486971793e-01
1.880000000000000000e+02 8.432521381676196803e-01
1.890000000000000000e+02 8.240038055032491426e-01
1.900000000000000000e+02 7.662601703405380604e-01
1.910000000000000000e+02 6.986145230233669068e-01
1.920000000000000000e+02 7.217253783233463782e-01
1.930000000000000000e+02 7.371004467010497940e-01
1.940000000000000000e+02 8.949264831840991752e-01
1.950000000000000000e+02 9.012256360054016202e-01
1.960000000000000000e+02 9.314452266693115101e-01
1.970000000000000000e+02 8.010688862204551342e-01
1.980000000000000000e+02 7.796647107005119093e-01
1.990000000000000000e+02 8.970714757442473930e-01
2.000000000000000000e+02 9.090535470247268490e-01
2.010000000000000000e+02 9.080696467757225498e-01
2.020000000000000000e+02 8.621519585251807838e-01
2.030000000000000000e+02 8.221830256581306173e-01
2.040000000000000000e+02 5.346710206940770149e-01
2.050000000000000000e+02 7.665709539055823862e-01
2.060000000000000000e+02 8.332004049420356218e-01
2.070000000000000000e+02 9.472128459215164442e-01
2.080000000000000000e+02 8.587346674203872876e-01
2.090000000000000000e+02 8.932748740315437086e-01
2.100000000000000000e+02 9.646440826654434364e-01
2.110000000000000000e+02 9.239773619771003421e-01
2.120000000000000000e+02 9.262434382438660130e-01
2.130000000000000000e+02 9.334250249266624611e-01
2.140000000000000000e+02 9.013919088244438660e-01
2.150000000000000000e+02 9.565996608138084278e-01
2.160000000000000000e+02 9.145688728690147817e-01
2.170000000000000000e+02 9.762043996453285688e-01
2.180000000000000000e+02 9.571809011697769431e-01
2.190000000000000000e+02 9.732128726840019173e-01
2.200000000000000000e+02 9.718612343072891013e-01
2.210000000000000000e+02 9.780094534754752988e-01
2.220000000000000000e+02 9.405526580810547044e-01
2.230000000000000000e+02 9.201739071607589748e-01
2.240000000000000000e+02 8.004298875593158780e-01
2.250000000000000000e+02 8.593450037355955251e-01
2.260000000000000000e+02 9.966649376749991962e-01
2.270000000000000000e+02 9.959078224301338711e-01
2.280000000000000000e+02 9.996979859471321062e-01
2.290000000000000000e+02 9.974875976443290382e-01
2.300000000000000000e+02 9.885732827782630627e-01
2.310000000000000000e+02 9.667589657902717626e-01
2.320000000000000000e+02 9.797067778110504221e-01
2.330000000000000000e+02 9.853565396666527088e-01
2.340000000000000000e+02 9.858613974452018480e-01
2.350000000000000000e+02 9.515936458110809681e-01
2.360000000000000000e+02 9.897260261774063483e-01
2.370000000000000000e+02 9.969394599199294937e-01
2.380000000000000000e+02 9.873499932289123704e-01
2.390000000000000000e+02 9.932905339598655514e-01
2.400000000000000000e+02 9.927465672492981064e-01
2.410000000000000000e+02 9.934843757152557187e-01
2.420000000000000000e+02 9.891738318800926688e-01
2.430000000000000000e+02 9.820263771414756704e-01
2.440000000000000000e+02 9.982498542070389336e-01
2.450000000000000000e+02 9.951383807063102216e-01
2.460000000000000000e+02 9.834771800041198775e-01
2.470000000000000000e+02 9.900186438898950225e-01
2.480000000000000000e+02 9.977582764625548828e-01
2.490000000000000000e+02 9.949409869909286996e-01
2.500000000000000000e+02 9.957797250151634305e-01
2.510000000000000000e+02 9.987658032774925365e-01
2.520000000000000000e+02 9.965174817356351467e-01
2.530000000000000000e+02 9.987972704768180998e-01
2.540000000000000000e+02 9.956846212148666719e-01
2.550000000000000000e+02 9.983542574048042129e-01
2.560000000000000000e+02 9.999878103137016527e-01
2.570000000000000000e+02 9.999707282185554824e-01
2.580000000000000000e+02 9.987563220858574065e-01
2.590000000000000000e+02 9.964646462798119053e-01
2.600000000000000000e+02 9.999624966382980595e-01
2.610000000000000000e+02 9.999795672297477900e-01
2.620000000000000000e+02 9.999317035079002824e-01
2.630000000000000000e+02 9.949417999982833605e-01
2.640000000000000000e+02 9.998785734176636186e-01
2.650000000000000000e+02 9.997535762786865510e-01
2.660000000000000000e+02 9.988136857748031172e-01
2.670000000000000000e+02 9.980834802389144667e-01
2.680000000000000000e+02 9.983924034237862122e-01
2.690000000000000000e+02 9.999531896114349783e-01
2.700000000000000000e+02 9.999905378818512158e-01
2.710000000000000000e+02 9.977343009710312183e-01
2.720000000000000000e+02 9.993479925990104151e-01
2.730000000000000000e+02 9.757395408153534122e-01
2.740000000000000000e+02 9.999999961819088234e-01
2.750000000000000000e+02 9.999997663925581648e-01
2.760000000000000000e+02 9.984244095518234330e-01
2.770000000000000000e+02 9.996831959638839971e-01
2.780000000000000000e+02 9.999982122331857459e-01
2.790000000000000000e+02 9.991941584227873596e-01
2.800000000000000000e+02 9.447344796061515337e-01
2.810000000000000000e+02 9.968792347908019824e-01
2.820000000000000000e+02 9.995310189127921685e-01
2.830000000000000000e+02 9.991930009126662737e-01
2.840000000000000000e+02 9.997259510755538425e-01
2.850000000000000000e+02 9.988984262347221366e-01
2.860000000000000000e+02 9.998575993180275345e-01
2.870000000000000000e+02 9.997757701277733000e-01
2.880000000000000000e+02 9.995574559569359030e-01
2.890000000000000000e+02 9.999397184848785036e-01
2.900000000000000000e+02 9.995172816514968916e-01
2.910000000000000000e+02 9.999757511019706779e-01
2.920000000000000000e+02 9.999595745801925784e-01
2.930000000000000000e+02 9.997482418417930061e-01
2.940000000000000000e+02 9.998378645181655866e-01
2.950000000000000000e+02 9.975252252221107341e-01
2.960000000000000000e+02 9.996827561855315958e-01
2.970000000000000000e+02 9.992928954362869653e-01
2.980000000000000000e+02 9.999530218839645102e-01
2.990000000000000000e+02 9.992864063978195155e-01
3.000000000000000000e+02 9.609842502311459755e-01
3.010000000000000000e+02 9.997730327844619458e-01
3.020000000000000000e+02 9.999791164994239479e-01
3.030000000000000000e+02 9.991228330731392049e-01
3.040000000000000000e+02 9.973782566189766108e-01
3.050000000000000000e+02 9.986634737253189398e-01
3.060000000000000000e+02 9.979108394980430452e-01
3.070000000000000000e+02 9.965510572195053207e-01
3.080000000000000000e+02 9.932015143632888510e-01
3.090000000000000000e+02 9.995142673254012733e-01
3.100000000000000000e+02 9.994453691244125082e-01
3.110000000000000000e+02 9.981111297011375783e-01
3.120000000000000000e+02 9.964120191931724602e-01
3.130000000000000000e+02 9.954705016613006885e-01
3.140000000000000000e+02 9.647171709537506468e-01
3.150000000000000000e+02 9.945068857073784407e-01
3.160000000000000000e+02 9.962144788503647375e-01
3.170000000000000000e+02 9.994737099409103376e-01
3.180000000000000000e+02 9.904653822183608902e-01
3.190000000000000000e+02 9.961009666323661360e-01
3.200000000000000000e+02 9.983616235256195237e-01
3.210000000000000000e+02 9.978313728570937791e-01
3.220000000000000000e+02 9.915043570995331068e-01
3.230000000000000000e+02 9.950874733328819444e-01
3.240000000000000000e+02 9.918218629360199268e-01
3.250000000000000000e+02 9.809048307538033029e-01
3.260000000000000000e+02 9.964947007894515707e-01
3.270000000000000000e+02 9.939132889509201263e-01
3.280000000000000000e+02 9.973330408930778379e-01
3.290000000000000000e+02 9.960426952838897785e-01
3.300000000000000000e+02 9.972010152339935152e-01
3.310000000000000000e+02 9.959415622949600033e-01
3.320000000000000000e+02 9.995493699312210101e-01
3.330000000000000000e+02 9.995906724929809473e-01
3.340000000000000000e+02 9.978668161630630529e-01
3.350000000000000000e+02 9.923815253973007344e-01
3.360000000000000000e+02 9.973392218351364580e-01
3.370000000000000000e+02 9.981256431341171131e-01
3.380000000000000000e+02 9.981596453785895884e-01
3.390000000000000000e+02 9.988028004169463570e-01
3.400000000000000000e+02 9.994516394138336368e-01
3.410000000000000000e+02 9.984506566524505855e-01
3.420000000000000000e+02 9.993827261328697142e-01
3.430000000000000000e+02 9.999192861914634189e-01
3.440000000000000000e+02 9.933816086053848249e-01
3.450000000000000000e+02 9.994925321340560886e-01
3.460000000000000000e+02 9.982433361411094941e-01
3.470000000000000000e+02 9.999999982046793301e-01
3.480000000000000000e+02 9.933642177670090057e-01
3.490000000000000000e+02 9.864903734326362361e-01
3.500000000000000000e+02 9.998386847376823372e-01
3.510000000000000000e+02 9.980706002116203068e-01
3.520000000000000000e+02 9.984787213802337469e-01
3.530000000000000000e+02 9.997208374142646514e-01
3.540000000000000000e+02 9.983580676317215241e-01
3.550000000000000000e+02 9.992650178074836687e-01
3.560000000000000000e+02 9.636219314166477590e-01
3.570000000000000000e+02 9.999245688915252561e-01
3.580000000000000000e+02 9.997015641927718965e-01
3.590000000000000000e+02 9.999727293252944627e-01
3.600000000000000000e+02 9.968598018288612472e-01
3.610000000000000000e+02 9.960447530746460165e-01
3.620000000000000000e+02 9.957353754043578586e-01
3.630000000000000000e+02 9.999899350404739540e-01
3.640000000000000000e+02 9.996739614605903990e-01
3.650000000000000000e+02 9.969711325764656351e-01
3.660000000000000000e+02 9.970171788930892731e-01
3.670000000000000000e+02 9.973950589299201974e-01
3.680000000000000000e+02 9.994080464243888517e-01
3.690000000000000000e+02 9.879522869586944145e-01
3.700000000000000000e+02 9.993542025089263703e-01
3.710000000000000000e+02 9.982863108515739325e-01
3.720000000000000000e+02 9.942780008316040030e-01
3.730000000000000000e+02 9.944816590547561619e-01
3.740000000000000000e+02 9.930120255351067016e-01
3.750000000000000000e+02 9.973427151441573990e-01
3.760000000000000000e+02 9.980147858262061744e-01
3.770000000000000000e+02 9.944717661738395886e-01
3.780000000000000000e+02 9.996802445054053798e-01
3.790000000000000000e+02 9.914773030281066601e-01
3.800000000000000000e+02 9.949280526638031308e-01
3.810000000000000000e+02 9.936829706430435616e-01
3.820000000000000000e+02 9.988803194761276538e-01
3.830000000000000000e+02 9.933781399130821033e-01
3.840000000000000000e+02 9.879920225739479145e-01
3.850000000000000000e+02 9.911626266241073679e-01
3.860000000000000000e+02 9.927206274867057534e-01
3.870000000000000000e+02 9.963619999885559020e-01
3.880000000000000000e+02 9.993373287916182957e-01
3.890000000000000000e+02 9.999850429296494037e-01
3.900000000000000000e+02 9.999244319200515374e-01
3.910000000000000000e+02 9.999752545356750399e-01
3.920000000000000000e+02 9.996568943262100770e-01
3.930000000000000000e+02 9.994509934186935896e-01
3.940000000000000000e+02 9.900882518887519357e-01
3.950000000000000000e+02 9.929652571678161399e-01
3.960000000000000000e+02 9.988409366607665651e-01
3.970000000000000000e+02 9.833786031007766271e-01
3.980000000000000000e+02 9.994003368020057954e-01
3.990000000000000000e+02 9.949808420538902576e-01
4.000000000000000000e+02 9.994240015745162742e-01
4.010000000000000000e+02 9.998085185289382615e-01
4.020000000000000000e+02 9.950045120120049047e-01
4.030000000000000000e+02 8.881119160652161115e-01
4.040000000000000000e+02 9.950195204615592814e-01
4.050000000000000000e+02 9.999999326467513550e-01
4.060000000000000000e+02 1.000000000000000000e+00
4.070000000000000000e+02 9.998320252299308653e-01
4.080000000000000000e+02 9.999858595132827821e-01
4.090000000000000000e+02 9.999999860525131679e-01
4.100000000000000000e+02 9.999999829530715756e-01
4.110000000000000000e+02 9.998909277319908417e-01
4.120000000000000000e+02 9.976201377511024759e-01
4.130000000000000000e+02 9.965964649915695084e-01
4.140000000000000000e+02 9.924499413967132755e-01
4.150000000000000000e+02 9.903149148225783849e-01
4.160000000000000000e+02 9.926664049625396613e-01
4.170000000000000000e+02 9.941970875859260648e-01
4.180000000000000000e+02 9.999572832584381343e-01
4.190000000000000000e+02 9.999999980926513876e-01
4.200000000000000000e+02 9.999999965429305915e-01
4.210000000000000000e+02 9.999796401858329631e-01
4.220000000000000000e+02 9.999823125600815210e-01
4.230000000000000000e+02 9.999975423216820314e-01
4.240000000000000000e+02 9.999809236526489009e-01
4.250000000000000000e+02 9.999776882529258781e-01
4.260000000000000000e+02 9.999900124669075518e-01
4.270000000000000000e+02 9.999522316455841109e-01
4.280000000000000000e+02 9.999795868992805703e-01
4.290000000000000000e+02 9.999767212271690742e-01
4.300000000000000000e+02 9.999842143654823490e-01
4.310000000000000000e+02 9.999024190902709996e-01
4.320000000000000000e+02 9.997425745725632140e-01
4.330000000000000000e+02 9.999998943805694651e-01
4.340000000000000000e+02 9.997059690952301292e-01
4.350000000000000000e+02 9.999786819219589340e-01
4.360000000000000000e+02 9.991546099781990486e-01
4.370000000000000000e+02 9.999355965256691015e-01
4.380000000000000000e+02 9.871405300498008462e-01
4.390000000000000000e+02 9.999886853098869377e-01
4.400000000000000000e+02 9.998806841969489767e-01
4.410000000000000000e+02 9.960898665189743539e-01
4.420000000000000000e+02 9.974725309014320640e-01
4.430000000000000000e+02 9.992027182579040767e-01
4.440000000000000000e+02 9.999957820177077794e-01
4.450000000000000000e+02 9.982916026115417063e-01
4.460000000000000000e+02 9.999999469518661144e-01
4.470000000000000000e+02 9.997379577159881681e-01
4.480000000000000000e+02 9.966708943247795105e-01
4.490000000000000000e+02 9.971883118748664510e-01
4.500000000000000000e+02 9.991315878033637521e-01
4.510000000000000000e+02 9.997660445570946131e-01
4.520000000000000000e+02 9.999976012706756068e-01
4.530000000000000000e+02 9.995578908920288441e-01
4.540000000000000000e+02 9.970886746048926996e-01
4.550000000000000000e+02 9.965140237808227663e-01
4.560000000000000000e+02 9.999246858954429218e-01
4.570000000000000000e+02 9.999838391542434923e-01
4.580000000000000000e+02 9.999935142397881060e-01
4.590000000000000000e+02 9.999573654532432077e-01
4.600000000000000000e+02 9.998881905078887966e-01
4.610000000000000000e+02 9.999545286297798485e-01
4.620000000000000000e+02 9.999999383687973031e-01
4.630000000000000000e+02 9.999263060092925537e-01
4.640000000000000000e+02 9.999338048100471221e-01
4.650000000000000000e+02 9.997904044389724909e-01
4.660000000000000000e+02 9.999951854944229002e-01
4.670000000000000000e+02 9.999979184865951387e-01
4.680000000000000000e+02 9.998949678540229868e-01
4.690000000000000000e+02 9.999996620416641280e-01
4.700000000000000000e+02 1.000000000000000000e+00
4.710000000000000000e+02 1.000000000000000000e+00
4.720000000000000000e+02 9.999993953704834349e-01
4.730000000000000000e+02 9.999832776784897126e-01
4.740000000000000000e+02 9.999685258865356197e-01
4.750000000000000000e+02 9.999984112977982065e-01
4.760000000000000000e+02 9.999997121095657304e-01
4.770000000000000000e+02 9.999992936849594338e-01
4.780000000000000000e+02 9.999999985694885130e-01
4.790000000000000000e+02 9.999999388456344285e-01
4.800000000000000000e+02 9.999999997615813818e-01
4.810000000000000000e+02 9.999999918937683141e-01
4.820000000000000000e+02 1.000000000000000000e+00
4.830000000000000000e+02 1.000000000000000000e+00
4.840000000000000000e+02 9.999999917745590050e-01
4.850000000000000000e+02 9.999999029636382764e-01
4.860000000000000000e+02 9.999999948740005973e-01
4.870000000000000000e+02 9.999998658895492554e-01
4.880000000000000000e+02 9.999999934434891102e-01
4.890000000000000000e+02 9.999994866847992103e-01
4.900000000000000000e+02 9.999995906949042945e-01
4.910000000000000000e+02 9.999991391897201654e-01
4.920000000000000000e+02 1.000000000000000000e+00
4.930000000000000000e+02 9.999999982118606967e-01
4.940000000000000000e+02 9.999999895095824654e-01
4.950000000000000000e+02 9.999996865987778039e-01
4.960000000000000000e+02 9.999998732805251977e-01
4.970000000000000000e+02 9.999998416900635068e-01
4.980000000000000000e+02 1.000000000000000000e+00
4.990000000000000000e+02 9.999999998807906909e-01
5.000000000000000000e+02 9.999999874830245439e-01
5.010000000000000000e+02 9.999999494552612722e-01
5.020000000000000000e+02 1.000000000000000000e+00
5.030000000000000000e+02 1.000000000000000000e+00
5.040000000000000000e+02 1.000000000000000000e+00
5.050000000000000000e+02 9.999999878406524711e-01
5.060000000000000000e+02 1.000000000000000000e+00
5.070000000000000000e+02 9.999999998807906909e-01
5.080000000000000000e+02 1.000000000000000000e+00
5.090000000000000000e+02 1.000000000000000000e+00
5.100000000000000000e+02 9.999999332427979004e-01
5.110000000000000000e+02 9.999999995231628747e-01
5.120000000000000000e+02 9.999999980926513876e-01
5.130000000000000000e+02 9.999999953508377226e-01
5.140000000000000000e+02 9.999999903440475180e-01
5.150000000000000000e+02 9.999999951124191044e-01
5.160000000000000000e+02 9.999999985694885130e-01
5.170000000000000000e+02 9.999999952316284135e-01
5.180000000000000000e+02 9.999999480247497852e-01
5.190000000000000000e+02 9.999999990463256383e-01
5.200000000000000000e+02 1.000000000000000000e+00
5.210000000000000000e+02 1.000000000000000000e+00
5.220000000000000000e+02 9.999999996423721838e-01
5.230000000000000000e+02 9.999999855756759315e-01
5.240000000000000000e+02 9.999999998807906909e-01
5.250000000000000000e+02 9.999999898672103926e-01
5.260000000000000000e+02 9.999999992847442565e-01
5.270000000000000000e+02 1.000000000000000000e+00
5.280000000000000000e+02 9.999999940395355447e-01
5.290000000000000000e+02 1.000000000000000000e+00
5.300000000000000000e+02 9.999999949932097953e-01
5.310000000000000000e+02 9.999999765157699949e-01
5.320000000000000000e+02 9.999998656511306372e-01
5.330000000000000000e+02 1.000000000000000000e+00
5.340000000000000000e+02 9.999999963045119733e-01
5.350000000000000000e+02 9.999999974966049532e-01
5.360000000000000000e+02 9.999999918937683141e-01
5.370000000000000000e+02 1.000000000000000000e+00
5.380000000000000000e+02 9.999999978542327694e-01
5.390000000000000000e+02 9.999999971389770259e-01
5.400000000000000000e+02 9.999999969005585188e-01
5.410000000000000000e+02 9.999999905824661361e-01
5.420000000000000000e+02 9.999999989271164402e-01
5.430000000000000000e+02 9.999999949932097953e-01
5.440000000000000000e+02 9.999999973773956441e-01
5.450000000000000000e+02 9.999999989271164402e-01
5.460000000000000000e+02 9.999999909400939524e-01
5.470000000000000000e+02 1.000000000000000000e+00
5.480000000000000000e+02 9.999999946355819791e-01
5.490000000000000000e+02 9.999999963045119733e-01
5.500000000000000000e+02 9.999999867677689114e-01
5.510000000000000000e+02 9.999999990463256383e-01
5.520000000000000000e+02 1.000000000000000000e+00
5.530000000000000000e+02 1.000000000000000000e+00
5.540000000000000000e+02 9.999999998807906909e-01
5.550000000000000000e+02 1.000000000000000000e+00
5.560000000000000000e+02 9.999999997615813818e-01
5.570000000000000000e+02 9.999999997615813818e-01
5.580000000000000000e+02 1.000000000000000000e+00
5.590000000000000000e+02 1.000000000000000000e+00
5.600000000000000000e+02 1.000000000000000000e+00
5.610000000000000000e+02 1.000000000000000000e+00
5.620000000000000000e+02 9.999999988079071311e-01
5.630000000000000000e+02 9.999999996423721838e-01
5.640000000000000000e+02 1.000000000000000000e+00
5.650000000000000000e+02 9.999999982118606967e-01
5.660000000000000000e+02 1.000000000000000000e+00
5.670000000000000000e+02 1.000000000000000000e+00
5.680000000000000000e+02 9.999999996423721838e-01
5.690000000000000000e+02 9.999999920129776232e-01
5.700000000000000000e+02 9.999999983310698948e-01
5.710000000000000000e+02 9.999999998807906909e-01
5.720000000000000000e+02 9.999999958276748480e-01
5.730000000000000000e+02 9.999999964237212824e-01
5.740000000000000000e+02 1.000000000000000000e+00
5.750000000000000000e+02 9.999999939203262356e-01
5.760000000000000000e+02 9.999961915612221031e-01
5.770000000000000000e+02 7.615216310620307461e-01
5.780000000000000000e+02 7.130912932157515982e-01
5.790000000000000000e+02 7.546802171468734999e-01
5.800000000000000000e+02 7.446846685409546085e-01
5.810000000000000000e+02 9.999441525936126896e-01
5.820000000000000000e+02 9.953127218484878469e-01
5.830000000000000000e+02 9.991654422283172687e-01
5.840000000000000000e+02 9.994943768978118426e-01
5.850000000000000000e+02 6.980289537310599979e-01
5.860000000000000000e+02 6.947278442978859214e-01
5.870000000000000000e+02 7.261959582567214522e-01
5.880000000000000000e+02 7.115516164898871843e-01
5.890000000000000000e+02 7.363762546181679136e-01
5.900000000000000000e+02 6.989150373935699712e-01
5.910000000000000000e+02 7.195814493894576724e-01
5.920000000000000000e+02 7.273709015846252512e-01
5.930000000000000000e+02 7.519519150257110152e-01
5.940000000000000000e+02 7.800721811652183701e-01
5.950000000000000000e+02 7.085890399813652429e-01
5.960000000000000000e+02 7.977196040451526304e-01
5.970000000000000000e+02 7.138699635863303694e-01
5.980000000000000000e+02 7.149230365753174166e-01
5.990000000000000000e+02 7.040095500648021476e-01
