0.000000000000000000e+00 -4.880957447678131444e+01
1.000000000000000000e+00 -4.543346618886859574e+02
2.000000000000000000e+00 -1.050435030909846773e+03
3.000000000000000000e+00 -5.501476337458079797e+02
4.000000000000000000e+00 -1.142416392758788106e+03
5.000000000000000000e+00 -5.715014297070166549e+02
6.000000000000000000e+00 -2.941061355649336519e+02
7.000000000000000000e+00 -1.807463046690873512e+02
8.000000000000000000e+00 -2.632378902356120420e+02
9.000000000000000000e+00 -3.092625941892817991e+02
1.000000000000000000e+01 -1.539481179102737087e+02
1.100000000000000000e+01 -3.472757443714507986e+02
1.200000000000000000e+01 2.006318066820810486e+00
1.300000000000000000e+01 -3.614327170970242378e+02
1.400000000000000000e+01 -3.922374377563301096e+02
1.500000000000000000e+01 -4.385204566883170969e+02
1.600000000000000000e+01 -3.087716065992530048e+02
1.700000000000000000e+01 -2.447343591340509761e+01
1.800000000000000000e+01 -2.185509887145447010e+02
1.900000000000000000e+01 -2.659019082523391830e+01
2.000000000000000000e+01 -7.534693753805305505e+01
2.100000000000000000e+01 1.990850130653370798e+01
2.200000000000000000e+01 -3.412483106435398099e+02
2.300000000000000000e+01 -3.819900718355161189e+02
2.400000000000000000e+01 -3.148126262344728730e+02
2.500000000000000000e+01 -2.880066307086684674e+02
2.600000000000000000e+01 -2.296169116273889017e+02
2.700000000000000000e+01 -1.425900899437750127e+02
2.800000000000000000e+01 -2.622014255147463473e+02
2.900000000000000000e+01 -1.574811866340012330e+02
3.000000000000000000e+01 -6.812929929782605143e+01
3.100000000000000000e+01 -2.690021926098457925e+02
3.200000000000000000e+01 -2.721271791524432615e+02
3.300000000000000000e+01 -2.458970561802711927e+02
3.400000000000000000e+01 -2.764957446479542682e+02
3.500000000000000000e+01 -3.256172153381894532e+02
3.600000000000000000e+01 -4.602133497741850476e+01
3.700000000000000000e+01 -2.568429709300040713e+02
3.800000000000000000e+01 -2.624538514943802738e+02
3.900000000000000000e+01 -2.089872530681512899e+02
4.000000000000000000e+01 -1.698251078855706453e+02
4.100000000000000000e+01 -2.198561876955039338e+02
4.200000000000000000e+01 -7.714977318649293636e+01
4.300000000000000000e+01 -6.906251425463224791e+01
4.400000000000000000e+01 -9.962095230355670594e+01
4.500000000000000000e+01 -5.969969645445957696e+01
4.600000000000000000e+01 -1.360466684727879283e+02
4.700000000000000000e+01 -9.639504904951736819e+01
4.800000000000000000e+01 -9.393449256497679301e+01
4.900000000000000000e+01 -1.446560312848185959e+02
5.000000000000000000e+01 -7.138467457923584902e+01
5.100000000000000000e+01 -3.292617021646718456e+01
5.200000000000000000e+01 -9.306265968029980229e+01
5.300000000000000000e+01 -1.279718548631879713e+02
5.400000000000000000e+01 -1.308082275688150276e+02
5.500000000000000000e+01 -4.937700850453367707e+01
5.600000000000000000e+01 -6.001390883512821262e+01
5.700000000000000000e+01 -4.870756956615419142e+01
5.800000000000000000e+01 -9.337626110702923654e+01
5.900000000000000000e+01 -5.464500781853226385e+01
6.000000000000000000e+01 -7.329311381885366927e+01
6.100000000000000000e+01 -5.672922605199052271e+01
6.200000000000000000e+01 -5.369368282563797834e+00
6.300000000000000000e+01 -6.004008336290613101e+01
6.400000000000000000e+01 2.180184609594768403e+02
6.500000000000000000e+01 -3.281504099742676885e+02
6.600000000000000000e+01 -1.599578914562497971e+02
6.700000000000000000e+01 -1.066515686922110575e+02
6.800000000000000000e+01 -2.229665576133216405e+02
6.900000000000000000e+01 -1.968272434202965826e+02
7.000000000000000000e+01 -1.329505397647219809e+02
7.100000000000000000e+01 -1.099435600440968130e+02
7.200000000000000000e+01 -1.213691208984031960e+02
7.300000000000000000e+01 -2.359765986117201066e+02
7.400000000000000000e+01 -2.229366590535173316e+02
7.500000000000000000e+01 -1.648429670206950846e+02
7.600000000000000000e+01 -2.903665156560199989e+02
7.700000000000000000e+01 -2.262793229724744037e+02
7.800000000000000000e+01 -3.026762163718100282e+02
7.900000000000000000e+01 -2.385324461948997339e+02
8.000000000000000000e+01 -1.602999433299785323e+02
8.100000000000000000e+01 -2.464641512796315936e+01
8.200000000000000000e+01 -1.274291276998566644e+02
8.300000000000000000e+01 -1.188709811179850639e+01
8.400000000000000000e+01 -1.811806180559982948e+01
8.500000000000000000e+01 -6.636716795596862539e+01
8.600000000000000000e+01 -6.124750728296338309e+01
8.700000000000000000e+01 -3.214241531699857433e+02
8.800000000000000000e+01 -1.679482930221749371e+02
8.900000000000000000e+01 -2.160242579132875846e+02
9.000000000000000000e+01 -1.661793018954955983e+02
9.100000000000000000e+01 -1.660974821550390175e+02
9.200000000000000000e+01 -1.565389036931233022e+02
9.300000000000000000e+01 -1.697261614859257293e+02
9.400000000000000000e+01 -1.662402156464914356e+02
9.500000000000000000e+01 -1.903364492204463545e+02
9.600000000000000000e+01 -2.914853956461647613e+02
9.700000000000000000e+01 -2.186644530498726908e+02
9.800000000000000000e+01 -2.111704666702329973e+02
9.900000000000000000e+01 -2.586674387082618409e+02
1.000000000000000000e+02 -2.099305721379694205e+02
1.010000000000000000e+02 -2.850854999728363737e+02
1.020000000000000000e+02 -1.712822388687836792e+02
1.030000000000000000e+02 -2.129523298314332465e+02
1.040000000000000000e+02 -1.618837693850048254e+02
1.050000000000000000e+02 -1.901155205889673994e+02
1.060000000000000000e+02 -1.664568445791140334e+02
1.070000000000000000e+02 -1.721383923103620077e+02
1.080000000000000000e+02 -2.007960543950908914e+02
1.090000000000000000e+02 -1.716041483193978365e+02
1.100000000000000000e+02 -1.310972273119348870e+02
1.110000000000000000e+02 -1.785475906472947827e+02
1.120000000000000000e+02 -1.381312334335247272e+02
1.130000000000000000e+02 -1.414408154753307088e+02
1.140000000000000000e+02 -1.563176071639431370e+02
1.150000000000000000e+02 -1.474869372444067324e+02
1.160000000000000000e+02 -8.690946218418085323e+01
1.170000000000000000e+02 -7.518708618720136627e+00
1.180000000000000000e+02 -1.464099909568365092e+02
1.190000000000000000e+02 -2.230078383267141362e+02
1.200000000000000000e+02 -4.594938192914221275e+01
1.210000000000000000e+02 -2.522271029960967041e+02
1.220000000000000000e+02 -2.007508386995406795e+02
1.230000000000000000e+02 4.897965216844028191e+00
1.240000000000000000e+02 -6.845762657586919886e+01
1.250000000000000000e+02 2.959454183378525727e+01
1.260000000000000000e+02 -2.663669109662473602e+02
1.270000000000000000e+02 -5.924809584740131641e+00
1.280000000000000000e+02 -1.511791689362282511e+02
1.290000000000000000e+02 -1.242649918500893023e+02
1.300000000000000000e+02 8.720921012610887146e-01
1.310000000000000000e+02 -1.534595768439251628e+01
1.320000000000000000e+02 -1.685164338847550880e+02
1.330000000000000000e+02 -1.613094678778217883e+02
1.340000000000000000e+02 -1.976230483936520272e+02
1.350000000000000000e+02 -2.664031573357164007e+02
1.360000000000000000e+02 -2.595392694044442692e+02
1.370000000000000000e+02 -1.128433908335632481e+02
1.380000000000000000e+02 -5.669300768872753338e+01
1.390000000000000000e+02 -4.506281580450987434e+01
1.400000000000000000e+02 -1.792077866153751131e+01
1.410000000000000000e+02 -2.050418647574671027e+01
1.420000000000000000e+02 -7.330473510705962426e+00
1.430000000000000000e+02 -2.231262881067804216e+01
1.440000000000000000e+02 -1.582646302660310198e+02
1.450000000000000000e+02 -1.354230184103267050e+02
1.460000000000000000e+02 -9.923594522309491595e+01
1.470000000000000000e+02 -5.202060909414363010e+01
1.480000000000000000e+02 -8.385347706822990688e+01
1.490000000000000000e+02 -3.273313603014685924e+01
1.500000000000000000e+02 -4.601567360738953028e+01
1.510000000000000000e+02 -7.650481167295849616e+01
1.520000000000000000e+02 -3.501588005352495969e+01
1.530000000000000000e+02 -1.359126538097340813e+02
1.540000000000000000e+02 -1.261749117288414901e+01
1.550000000000000000e+02 -6.889935740714891210e+01
1.560000000000000000e+02 -1.493561499080953183e+02
1.570000000000000000e+02 -1.618442374387460916e+02
1.580000000000000000e+02 1.104568902480668235e+01
1.590000000000000000e+02 -7.391255557709629898e+01
1.600000000000000000e+02 -8.208279150592348117e+01
1.610000000000000000e+02 -1.752213230910376751e+02
1.620000000000000000e+02 -4.022177904965861330e+02
1.630000000000000000e+02 -2.927762790188610893e+02
1.640000000000000000e+02 -1.959270626217614222e+02
1.650000000000000000e+02 -2.077859699267640963e+02
1.660000000000000000e+02 -2.368097588658083623e+02
1.670000000000000000e+02 -6.097112427591724071e+01
1.680000000000000000e+02 -7.112247322389906401e+01
1.690000000000000000e+02 -2.046596846866619899e+02
1.700000000000000000e+02 -1.916791081577478053e+02
1.710000000000000000e+02 -9.555127047327270873e+01
1.720000000000000000e+02 -8.850475255040780098e+01
1.730000000000000000e+02 -1.369987151461829171e+02
1.740000000000000000e+02 -1.321426367782103739e+02
1.750000000000000000e+02 1.182526587048931930e+02
1.760000000000000000e+02 -1.525442283426739607e+02
1.770000000000000000e+02 -1.325021422405634723e+02
1.780000000000000000e+02 -1.407794088161093100e+02
1.790000000000000000e+02 -2.317468169524737505e+02
1.800000000000000000e+02 -1.740950404700551530e+02
1.810000000000000000e+02 -8.174352337099772114e+01
1.820000000000000000e+02 -1.633896849700958853e+02
1.830000000000000000e+02 -1.070241972921659368e+02
1.840000000000000000e+02 -9.850364351327935708e+01
1.850000000000000000e+02 -8.072047411045710419e+01
1.860000000000000000e+02 -8.558536766584647637e+01
1.870000000000000000e+02 -1.340489524410365050e+02
1.880000000000000000e+02 -7.744075584291033465e+01
1.890000000000000000e+02 -9.745671062624165870e+01
1.900000000000000000e+02 -1.055090339890259798e+02
1.910000000000000000e+02 -1.476948599458526417e+02
1.920000000000000000e+02 -7.476114380479667432e+01
1.930000000000000000e+02 -7.778039958639712381e+01
1.940000000000000000e+02 -3.451676694081548646e+01
1.950000000000000000e+02 -1.100423275284472879e+02
1.960000000000000000e+02 -6.039340515695793954e+01
1.970000000000000000e+02 -6.499019677991235255e+01
1.980000000000000000e+02 -3.606904267217585414e+01
1.990000000000000000e+02 -9.370893926741547375e+01
2.000000000000000000e+02 -7.511700310701219507e+01
2.010000000000000000e+02 -1.223999532520956848e+02
2.020000000000000000e+02 -6.995907206929017264e+01
2.030000000000000000e+02 -6.291984808930349971e+01
2.040000000000000000e+02 -1.935184450584969795e+01
2.050000000000000000e+02 -6.776539772410946227e+01
2.060000000000000000e+02 -5.712709030931367238e+01
2.070000000000000000e+02 -3.635315188261995445e+01
2.080000000000000000e+02 -5.663968328121174522e+01
2.090000000000000000e+02 -5.617214623657648787e+01
2.100000000000000000e+02 -4.072066776593602810e+01
2.110000000000000000e+02 -7.694553539897233918e+01
2.120000000000000000e+02 -2.495850332904331026e+01
2.130000000000000000e+02 -6.868228657175410490e+01
2.140000000000000000e+02 -2.302574908559686762e+01
2.150000000000000000e+02 -7.562818285469532498e+01
2.160000000000000000e+02 -7.935565138062537471e+01
2.170000000000000000e+02 -5.894320047505330962e+01
2.180000000000000000e+02 -5.560408486147417051e+01
2.190000000000000000e+02 -3.772250842301498608e+01
2.200000000000000000e+02 -6.173100200637879453e+01
2.210000000000000000e+02 -1.536727748755388490e+01
2.220000000000000000e+02 -1.848217626773127620e+01
2.230000000000000000e+02 -2.480808254297626547e+01
2.240000000000000000e+02 -1.970653126639190873e+02
2.250000000000000000e+02 -2.138161473774653700e+02
2.260000000000000000e+02 -5.492897793390780947e+01
2.270000000000000000e+02 -1.868260173881588715e+00
2.280000000000000000e+02 -1.449364205666998728e+01
2.290000000000000000e+02 -8.834377111865413212e+01
2.300000000000000000e+02 -9.526559422353152229e+01
2.310000000000000000e+02 -1.645439347420116150e+01
2.320000000000000000e+02 -1.055554551198271014e+02
2.330000000000000000e+02 -3.967118305167343806e+01
2.340000000000000000e+02 -8.510901598948068170e+01
2.350000000000000000e+02 -8.167646072565301552e+01
2.360000000000000000e+02 -9.860267654235091328e+00
2.370000000000000000e+02 -6.195129133487154860e+01
2.380000000000000000e+02 7.526127642591753375e-01
2.390000000000000000e+02 -3.233348293647787841e+01
2.400000000000000000e+02 -4.089369052711536767e+01
2.410000000000000000e+02 -8.022344507360294585e+01
2.420000000000000000e+02 -1.404095522786803052e+01
2.430000000000000000e+02 -1.813503552187582102e+01
2.440000000000000000e+02 -6.215228724515429093e+01
2.450000000000000000e+02 -3.266889148267633658e+01
2.460000000000000000e+02 3.470750398638344336e+00
2.470000000000000000e+02 -3.175165417651142263e+01
2.480000000000000000e+02 -4.260688943530143291e+01
2.490000000000000000e+02 -1.377356040044748120e+01
2.500000000000000000e+02 -6.958104313788400930e+01
2.510000000000000000e+02 -8.233314900769397582e+01
2.520000000000000000e+02 -1.332583803417424235e+02
2.530000000000000000e+02 -7.841483391280772253e+01
2.540000000000000000e+02 -5.851001643908462313e+01
2.550000000000000000e+02 -4.228439793467713059e+01
2.560000000000000000e+02 -5.025789846874084255e+00
2.570000000000000000e+02 -3.350718710092478858e+01
2.580000000000000000e+02 -4.205713800111033152e+01
2.590000000000000000e+02 -3.774379293759761111e+00
2.600000000000000000e+02 -2.178003878855538034e+01
2.610000000000000000e+02 -9.728436624914309050e+00
2.620000000000000000e+02 -2.903160694923885643e+01
2.630000000000000000e+02 -2.253921186219411954e+00
2.640000000000000000e+02 -3.070198617253540974e+01
2.650000000000000000e+02 -1.399018583188944653e+01
2.660000000000000000e+02 -5.629984310429870220e+01
2.670000000000000000e+02 7.257168157446425738e+00
2.680000000000000000e+02 -2.325080296351813658e+01
2.690000000000000000e+02 -3.978638888532422868e+01
2.700000000000000000e+02 -2.030071630544851402e+01
2.710000000000000000e+02 -4.435867876220287087e+01
2.720000000000000000e+02 -2.208612340904942783e+01
2.730000000000000000e+02 -3.314494350032320824e+01
2.740000000000000000e+02 -9.933623936173826507e+01
2.750000000000000000e+02 -1.341392978775378992e+02
2.760000000000000000e+02 -2.064166947085014954e+02
2.770000000000000000e+02 -2.083933595196039050e+02
2.780000000000000000e+02 -7.351009815099553180e+01
2.790000000000000000e+02 -1.692559350237591218e+02
2.800000000000000000e+02 -8.208096235576350352e+01
2.810000000000000000e+02 -1.514418497859579027e+01
2.820000000000000000e+02 -6.116864058048613373e+01
2.830000000000000000e+02 -4.965071224194872457e+01
2.840000000000000000e+02 -6.965036087005404397e+01
2.850000000000000000e+02 -4.291419435376338498e+01
2.860000000000000000e+02 -2.741828632783800757e+01
2.870000000000000000e+02 -9.941600986071456703e+00
2.880000000000000000e+02 -6.824627105274313976e+01
2.890000000000000000e+02 -2.413848970483588374e+01
2.900000000000000000e+02 -2.176353942108666928e+01
2.910000000000000000e+02 -4.915343247811648553e+01
2.920000000000000000e+02 1.139924933586159206e+00
2.930000000000000000e+02 -1.859714439481011183e+01
2.940000000000000000e+02 -7.022019700805270759e+01
2.950000000000000000e+02 8.552321964561453882e+00
2.960000000000000000e+02 -1.016517986322989664e+01
2.970000000000000000e+02 -3.887220845640649713e+01
2.980000000000000000e+02 -5.547511879062827944e+01
2.990000000000000000e+02 -3.453870902173415747e+00
3.000000000000000000e+02 -2.569901543975724394e+02
3.010000000000000000e+02 -2.542980437473427457e+01
3.020000000000000000e+02 -8.177758428475144115e+01
3.030000000000000000e+02 -5.217732978966761692e+01
3.040000000000000000e+02 -3.619492198458868160e+01
3.050000000000000000e+02 -2.332572684291476151e+01
3.060000000000000000e+02 -2.520071808846585881e+01
3.070000000000000000e+02 -2.175927359130622740e+00
3.080000000000000000e+02 -4.177787767778990258e+01
3.090000000000000000e+02 2.040375180314957504e+01
3.100000000000000000e+02 -7.817681994832889814e+01
3.110000000000000000e+02 -3.408526920821768158e+01
3.120000000000000000e+02 -4.856803265897294608e+01
3.130000000000000000e+02 -2.815797181854740927e+01
3.140000000000000000e+02 -1.055918511522461785e+02
3.150000000000000000e+02 -3.664092706536429489e+01
3.160000000000000000e+02 -2.059910091235428453e+01
3.170000000000000000e+02 -5.605893146839881780e+01
3.180000000000000000e+02 -4.892062579340186801e+01
3.190000000000000000e+02 -2.621788270966352030e+01
3.200000000000000000e+02 -5.944017908424097385e+01
3.210000000000000000e+02 -3.715123909562015569e+01
3.220000000000000000e+02 -4.787026570879978493e+01
3.230000000000000000e+02 -5.372609704586704282e+01
3.240000000000000000e+02 -1.671575153095976063e+01
3.250000000000000000e+02 -5.369483572339707678e+01
3.260000000000000000e+02 -5.589677048332897158e+01
3.270000000000000000e+02 -3.708588752628021012e+01
3.280000000000000000e+02 -5.857514437170836885e+01
3.290000000000000000e+02 -8.725391739477646524e+01
3.300000000000000000e+02 -4.179300969440165403e+01
3.310000000000000000e+02 -3.846236208874714180e+01
3.320000000000000000e+02 -4.914946825780197059e+01
3.330000000000000000e+02 -4.084141823209670008e+01
3.340000000000000000e+02 -5.795309171196873876e+01
3.350000000000000000e+02 -2.189257986840142678e+01
3.360000000000000000e+02 5.594944210773020288e+00
3.370000000000000000e+02 -4.977208069390162137e+01
3.380000000000000000e+02 -1.481869086506821986e+01
3.390000000000000000e+02 9.506511975138867143e-01
3.400000000000000000e+02 -3.202455271339004383e+01
3.410000000000000000e+02 -4.197223186774711934e+01
3.420000000000000000e+02 -2.566695295269981258e+01
3.430000000000000000e+02 -2.584945118567410560e+01
3.440000000000000000e+02 -9.816122609096281337e+01
3.450000000000000000e+02 -1.517696867873302722e+02
3.460000000000000000e+02 -2.038284801345213282e+01
3.470000000000000000e+02 -2.143357404699350752e+02
3.480000000000000000e+02 -1.489359248837565133e+02
3.490000000000000000e+02 -1.002135379802805915e+02
3.500000000000000000e+02 -3.043937373225582377e+01
3.510000000000000000e+02 -5.856017442598957956e+01
3.520000000000000000e+02 -3.658299374124444370e+01
3.530000000000000000e+02 -9.461756116356681900e+00
3.540000000000000000e+02 1.294944010975481596e+01
3.550000000000000000e+02 -2.144571579719939791e+01
3.560000000000000000e+02 4.943735799520754881e+01
3.570000000000000000e+02 -3.389719254696159823e+01
3.580000000000000000e+02 -4.799004084683432581e+01
3.590000000000000000e+02 -5.673689519315843910e+01
3.600000000000000000e+02 -1.812164579602566050e+01
3.610000000000000000e+02 -6.176954714366323707e+00
3.620000000000000000e+02 1.325018228668816356e+01
3.630000000000000000e+02 -2.906605919963555440e+00
3.640000000000000000e+02 -5.866551155367716319e+01
3.650000000000000000e+02 -1.507149881602929220e+01
3.660000000000000000e+02 -3.291042271983173784e+00
3.670000000000000000e+02 -1.820458514504580183e+00
3.680000000000000000e+02 -4.722470961178483151e+01
3.690000000000000000e+02 -4.833822095083301917e+01
3.700000000000000000e+02 -3.739207575206116019e+01
3.710000000000000000e+02 -2.074428383516685681e+00
3.720000000000000000e+02 1.596664256668683635e+01
3.730000000000000000e+02 -4.534381175425730959e+01
3.740000000000000000e+02 -1.613736054779185025e+01
3.750000000000000000e+02 -4.940742625616088191e+01
3.760000000000000000e+02 -1.342466951468523639e+01
3.770000000000000000e+02 -9.609469571088489204e+00
3.780000000000000000e+02 -6.313428896531935663e+01
3.790000000000000000e+02 -5.360395411700466184e+01
3.800000000000000000e+02 -9.118627786907691757e+01
3.810000000000000000e+02 -1.498131464356688980e+01
3.820000000000000000e+02 -3.791891564260362202e+01
3.830000000000000000e+02 -5.070117689479955914e+01
3.840000000000000000e+02 -7.538764108081055326e+01
3.850000000000000000e+02 -3.588143850473226593e+01
3.860000000000000000e+02 -8.084200691599953359e+00
3.870000000000000000e+02 -2.103381848074082683e+01
3.880000000000000000e+02 -3.062256086286443235e+01
3.890000000000000000e+02 -4.515166401817008079e+01
3.900000000000000000e+02 -6.185590974001805620e+01
3.910000000000000000e+02 -6.432843228503186594e+01
3.920000000000000000e+02 -6.302355256489441615e+01
3.930000000000000000e+02 -4.846379820432347429e+01
3.940000000000000000e+02 -3.253216525930953651e+01
3.950000000000000000e+02 -1.283444231099076127e+01
3.960000000000000000e+02 -4.019055581366721697e+01
3.970000000000000000e+02 -1.474289789223582758e+01
3.980000000000000000e+02 -5.494495658215383571e+01
3.990000000000000000e+02 4.140599493593742686e+00
4.000000000000000000e+02 -2.174899303864991751e+01
4.010000000000000000e+02 -8.606381561150406867e+01
4.020000000000000000e+02 -4.947794497144077042e+01
4.030000000000000000e+02 -7.152691240096942238e+01
4.040000000000000000e+02 -3.055362874766575843e+01
4.050000000000000000e+02 -1.201290383891674765e+02
4.060000000000000000e+02 -1.162054145295205245e+02
4.070000000000000000e+02 -1.548268049819375491e+01
4.080000000000000000e+02 -1.223460077054808082e+01
4.090000000000000000e+02 -4.217256020974754449e+01
4.100000000000000000e+02 -7.520873052841380968e+01
4.110000000000000000e+02 -1.214548007612177827e+01
4.120000000000000000e+02 -3.382841575308451354e+01
4.130000000000000000e+02 -5.671144789889656579e+01
4.140000000000000000e+02 -6.938575668114147277e+01
4.150000000000000000e+02 -7.384824473108463394e+01
4.160000000000000000e+02 -5.717815740900094568e+01
4.170000000000000000e+02 -6.244857272428505013e+01
4.180000000000000000e+02 -9.815996915391212951e+01
4.190000000000000000e+02 -4.521933766034642588e+01
4.200000000000000000e+02 -5.913976323808749669e+01
4.210000000000000000e+02 -4.388956780503445287e+01
4.220000000000000000e+02 -4.882652563851154781e+01
4.230000000000000000e+02 -8.504829766116496614e+01
4.240000000000000000e+02 -2.897112368315087849e+01
4.250000000000000000e+02 -2.367849314754971601e+01
4.260000000000000000e+02 -2.468426422383556940e+01
4.270000000000000000e+02 2.732913627643890919e+01
4.280000000000000000e+02 -3.832028789734853547e+01
4.290000000000000000e+02 -4.869124052886579790e-01
4.300000000000000000e+02 -3.870362998343729544e+01
4.310000000000000000e+02 -4.214218879997382317e+00
4.320000000000000000e+02 -3.706418025266505367e+01
4.330000000000000000e+02 -1.239674447408065205e+01
4.340000000000000000e+02 -4.295510963192626264e+01
4.350000000000000000e+02 -1.339300281247384206e+01
4.360000000000000000e+02 -1.921396397653624177e+01
4.370000000000000000e+02 -9.761628571103670993e+00
4.380000000000000000e+02 9.634517257897282860e+00
4.390000000000000000e+02 -4.066568867009644350e+01
4.400000000000000000e+02 -1.515404549896093300e-01
4.410000000000000000e+02 -1.025725450153346330e+01
4.420000000000000000e+02 3.491488923250652476e+01
4.430000000000000000e+02 1.442922056163163447e+01
4.440000000000000000e+02 -2.376318883947740090e+01
4.450000000000000000e+02 -6.729493850524704612e+00
4.460000000000000000e+02 -2.418898525723986381e+01
4.470000000000000000e+02 -5.081372179206388040e+01
4.480000000000000000e+02 8.635678848603953739e+00
4.490000000000000000e+02 -1.931862428089342387e+01
4.500000000000000000e+02 7.877758806295787508e+00
4.510000000000000000e+02 -1.488858537519738512e+01
4.520000000000000000e+02 -6.764737935769881361e+00
4.530000000000000000e+02 -1.376376749944575906e+01
4.540000000000000000e+02 -1.313490494943646247e+01
4.550000000000000000e+02 1.891644585973067549e+01
4.560000000000000000e+02 3.943778764147813121e+01
4.570000000000000000e+02 3.297334233454198227e+01
4.580000000000000000e+02 5.643971445598040759e+00
4.590000000000000000e+02 -4.889479793819945996e+01
4.600000000000000000e+02 -8.514236353412975689e+00
4.610000000000000000e+02 -2.132328707154662339e+01
4.620000000000000000e+02 -3.311091032394018185e+01
4.630000000000000000e+02 -2.006798793043792273e+01
4.640000000000000000e+02 -2.659984166917936044e+00
4.650000000000000000e+02 3.412020640899080348e+01
4.660000000000000000e+02 5.356809329117976404e+01
4.670000000000000000e+02 8.687517722283443433e+00
4.680000000000000000e+02 2.898572012266852127e+01
4.690000000000000000e+02 -1.356815091854574185e+01
4.700000000000000000e+02 -8.254557787028488747e+00
4.710000000000000000e+02 6.496988142868434579e+01
4.720000000000000000e+02 1.380461611199496872e+02
4.730000000000000000e+02 5.736269835029761310e+01
4.740000000000000000e+02 6.999300511581932938e+01
4.750000000000000000e+02 9.061797684378929318e+01
4.760000000000000000e+02 6.010625134254932078e+01
4.770000000000000000e+02 8.201493935249021661e+01
4.780000000000000000e+02 1.043712110774163477e+02
4.790000000000000000e+02 1.330483366352033272e+02
4.800000000000000000e+02 6.522021040613130083e+01
4.810000000000000000e+02 5.257782914318445933e+01
4.820000000000000000e+02 6.367795737741578677e+01
4.830000000000000000e+02 6.668232840310059828e+01
4.840000000000000000e+02 1.249961529478427167e+02
4.850000000000000000e+02 1.059683315851596603e+02
4.860000000000000000e+02 1.165717674925621026e+02
4.870000000000000000e+02 1.329702042563673672e+02
4.880000000000000000e+02 1.000621481650033502e+02
4.890000000000000000e+02 1.092215798356552909e+02
4.900000000000000000e+02 1.210503187933006188e+02
4.910000000000000000e+02 9.827038274411215468e+01
4.920000000000000000e+02 6.672391781386578202e+01
4.930000000000000000e+02 7.860510495947158915e+01
4.940000000000000000e+02 1.152748774211828362e+02
4.950000000000000000e+02 1.130315593114447665e+02
4.960000000000000000e+02 6.408508721698325417e+01
4.970000000000000000e+02 5.851104923082557008e+01
4.980000000000000000e+02 1.120541918610411045e+02
4.990000000000000000e+02 1.491052914571074837e+02
5.000000000000000000e+02 1.072032360858496816e+02
5.010000000000000000e+02 1.050204541265852498e+02
5.020000000000000000e+02 8.111753880825737895e+01
5.030000000000000000e+02 -4.399344595972263505e+01
5.040000000000000000e+02 1.018553993578082384e+02
5.050000000000000000e+02 1.220694589650443191e+02
5.060000000000000000e+02 1.590669698869056070e+01
5.070000000000000000e+02 4.730644944756419079e+01
5.080000000000000000e+02 2.945581546627120240e+00
5.090000000000000000e+02 9.177213655367481238e+01
5.100000000000000000e+02 -2.245583893129239073e+01
5.110000000000000000e+02 2.560085298092596062e+01
5.120000000000000000e+02 6.659328695924159547e+01
5.130000000000000000e+02 9.154561198588629622e+01
5.140000000000000000e+02 1.010941570109129373e+02
5.150000000000000000e+02 1.234257395663995993e+02
5.160000000000000000e+02 8.329222462652235492e+01
5.170000000000000000e+02 9.588961384292277046e+01
5.180000000000000000e+02 1.178242900914868017e+02
5.190000000000000000e+02 1.012963333785599502e+02
5.200000000000000000e+02 2.863594131325751846e+01
5.210000000000000000e+02 4.381472624702965390e+01
5.220000000000000000e+02 1.478625334262063404e+02
5.230000000000000000e+02 1.204368140814052452e+02
5.240000000000000000e+02 1.259117315898002545e+02
5.250000000000000000e+02 1.208715047995163729e+02
5.260000000000000000e+02 1.052501780436379732e+02
5.270000000000000000e+02 1.150868449385680776e+02
5.280000000000000000e+02 8.372749540209811414e+01
5.290000000000000000e+02 1.252473340677669427e+02
5.300000000000000000e+02 9.247457645223100542e+01
5.310000000000000000e+02 9.206065046649423778e+01
5.320000000000000000e+02 8.684626444719120286e+01
5.330000000000000000e+02 9.930235295187947031e+01
5.340000000000000000e+02 -4.146049481946310955e+00
5.350000000000000000e+02 7.508507095815534171e+01
5.360000000000000000e+02 6.089735304333791532e+01
5.370000000000000000e+02 1.014074837674578049e+02
5.380000000000000000e+02 1.025052697911641246e+02
5.390000000000000000e+02 8.104402378456185829e+01
5.400000000000000000e+02 1.083240655083841943e+02
5.410000000000000000e+02 1.181721153832734501e+02
5.420000000000000000e+02 9.070007863065060860e+01
5.430000000000000000e+02 6.238837627671995278e+01
5.440000000000000000e+02 9.018155428429011522e+01
5.450000000000000000e+02 9.796106123593693482e+00
5.460000000000000000e+02 9.218702867216663321e+01
5.470000000000000000e+02 7.274894430538364531e+01
5.480000000000000000e+02 6.155727872799776179e+01
5.490000000000000000e+02 6.754219672514619788e+01
5.500000000000000000e+02 6.107611845485376278e+01
5.510000000000000000e+02 7.159331836790495629e+01
5.520000000000000000e+02 -1.858835163116502542e+01
5.530000000000000000e+02 6.022741197433682458e+01
5.540000000000000000e+02 1.093250696968683968e+02
5.550000000000000000e+02 7.641022215792416716e+01
5.560000000000000000e+02 9.014296245051188805e+01
5.570000000000000000e+02 1.382743206647953684e+02
5.580000000000000000e+02 1.218730639315539293e+02
5.590000000000000000e+02 1.847837391861489209e+01
5.600000000000000000e+02 5.208431171868884491e+01
5.610000000000000000e+02 8.428331701242792917e+01
5.620000000000000000e+02 1.372928517836031119e+02
5.630000000000000000e+02 7.895338711628836847e+01
5.640000000000000000e+02 4.912364630274770860e+01
5.650000000000000000e+02 1.053365986805241334e+02
5.660000000000000000e+02 5.332358255542641956e+01
5.670000000000000000e+02 -1.339168052819280774e+01
5.680000000000000000e+02 1.185523163778269975e+02
5.690000000000000000e+02 1.231463981015627382e+02
5.700000000000000000e+02 5.660959078646456533e+01
5.710000000000000000e+02 1.363299382490257550e+01
5.720000000000000000e+02 9.856878292992333002e+01
5.730000000000000000e+02 7.267028596046712607e+01
5.740000000000000000e+02 -2.097146826437258227e+01
5.750000000000000000e+02 8.441872147190326814e+01
5.760000000000000000e+02 9.752943957704046340e+01
5.770000000000000000e+02 1.230972874493590581e+02
5.780000000000000000e+02 1.084282716287071082e+02
5.790000000000000000e+02 1.157489202724374024e+02
5.800000000000000000e+02 1.172564503530792592e+02
5.810000000000000000e+02 -9.026869562974098926e+01
5.820000000000000000e+02 -4.878462169539672999e+01
5.830000000000000000e+02 -6.697245192861497287e+01
5.840000000000000000e+02 -3.449178844075015604e+01
5.850000000000000000e+02 1.267925847442200507e+02
5.860000000000000000e+02 1.277090498657471045e+02
5.870000000000000000e+02 1.339973885357564711e+02
5.880000000000000000e+02 7.481072938741066025e+01
5.890000000000000000e+02 9.896654026175052365e+01
5.900000000000000000e+02 1.058342758391942908e+02
5.910000000000000000e+02 1.298932498618358693e+02
5.920000000000000000e+02 1.604606153278317606e+02
5.930000000000000000e+02 9.947199798776911450e+01
5.940000000000000000e+02 8.602509477149352790e+01
5.950000000000000000e+02 1.201026225056591556e+02
5.960000000000000000e+02 2.381057947290641152e+01
5.970000000000000000e+02 1.531805589976862336e+02
5.980000000000000000e+02 1.331648952393695993e+02
5.990000000000000000e+02 1.454769136922827784e+02
