0.000000000000000000e+00 2.966152776679593095e-01
1.000000000000000000e+00 3.736313814112287579e-01
2.000000000000000000e+00 5.169132969795017241e-01
3.000000000000000000e+00 6.526685122429854991e-01
4.000000000000000000e+00 5.997198562094029350e-01
5.000000000000000000e+00 5.877100972130018253e-01
6.000000000000000000e+00 2.872003665840139330e-01
7.000000000000000000e+00 1.472470030231877725e-01
8.000000000000000000e+00 4.484899455224568010e-01
9.000000000000000000e+00 4.842900862651212113e-01
1.000000000000000000e+01 2.850262659187076664e-01
1.100000000000000000e+01 7.172425675909130383e-02
1.200000000000000000e+01 6.628414957473675873e-02
1.300000000000000000e+01 7.021524096968807804e-02
1.400000000000000000e+01 5.227780501390325713e-02
1.500000000000000000e+01 4.999312682419407294e-02
1.600000000000000000e+01 6.440278513926184223e-02
1.700000000000000000e+01 5.118152380866163031e-02
1.800000000000000000e+01 5.116384637905804084e-02
1.900000000000000000e+01 1.384500978369410940e-01
2.000000000000000000e+01 2.036217205103271199e-01
2.100000000000000000e+01 5.640865042166137017e-02
2.200000000000000000e+01 5.367390560492810853e-02
2.300000000000000000e+01 4.019270240639646885e-01
2.400000000000000000e+01 5.009879289911343264e-02
2.500000000000000000e+01 1.060510796209997442e-01
2.600000000000000000e+01 1.416507795279128012e-01
2.700000000000000000e+01 5.048869258086932654e-02
2.800000000000000000e+01 8.919920687648383306e-02
2.900000000000000000e+01 1.266630247065966830e-01
3.000000000000000000e+01 1.182882742043709634e-01
3.100000000000000000e+01 2.645161930413451046e-01
3.200000000000000000e+01 6.423122678899158278e-02
3.300000000000000000e+01 6.324882366747226481e-01
3.400000000000000000e+01 7.324659458674718238e-01
3.500000000000000000e+01 6.931975466567416588e-02
3.600000000000000000e+01 5.399085792402426032e-01
3.700000000000000000e+01 5.367245327698470098e-02
3.800000000000000000e+01 6.450831927087185003e-01
3.900000000000000000e+01 5.238722418976384798e-01
4.000000000000000000e+01 5.010343247006848744e-02
4.100000000000000000e+01 7.580433695631869084e-02
4.200000000000000000e+01 3.059427072269929049e-01
4.300000000000000000e+01 3.868662497730224192e-01
4.400000000000000000e+01 1.197123073556638773e-01
4.500000000000000000e+01 6.945846578772203461e-01
4.600000000000000000e+01 4.999816410142828016e-02
4.700000000000000000e+01 5.000275715369068008e-02
4.800000000000000000e+01 5.291535304859280864e-02
4.900000000000000000e+01 4.667750997140127089e-01
5.000000000000000000e+01 5.076506511299602731e-02
5.100000000000000000e+01 4.985368846366736856e-02
5.200000000000000000e+01 5.448258373718918302e-01
5.300000000000000000e+01 3.681604450231227288e-01
5.400000000000000000e+01 4.985621698416661807e-02
5.500000000000000000e+01 9.181006842878013108e-02
5.600000000000000000e+01 4.978856022159258710e-02
5.700000000000000000e+01 6.216362910480958265e-02
5.800000000000000000e+01 5.729103175088249428e-02
5.900000000000000000e+01 4.982347459052548222e-02
6.000000000000000000e+01 5.017303084305714533e-02
6.100000000000000000e+01 4.978971341408269108e-02
6.200000000000000000e+01 6.956832337751985007e-02
6.300000000000000000e+01 5.208748030956707881e-02
6.400000000000000000e+01 7.491758914421434157e-02
6.500000000000000000e+01 6.836020845978979521e-02
6.600000000000000000e+01 1.500148457382713407e-01
6.700000000000000000e+01 6.276883046269755850e-02
6.800000000000000000e+01 8.545733065277870411e-02
6.900000000000000000e+01 3.369030571502575344e-01
7.000000000000000000e+01 2.361115061901509771e-01
7.100000000000000000e+01 4.998989357426762703e-02
7.200000000000000000e+01 5.049263700097799540e-02
7.300000000000000000e+01 5.184592054411769207e-02
7.400000000000000000e+01 5.041358107700943947e-02
7.500000000000000000e+01 8.234899171814322183e-02
7.600000000000000000e+01 4.751163413934409441e-01
7.700000000000000000e+01 4.062501763850450698e-01
7.800000000000000000e+01 5.253616538271307923e-02
7.900000000000000000e+01 3.096051520183682459e-01
8.000000000000000000e+01 4.987497176602483095e-02
8.100000000000000000e+01 7.273888465389609370e-02
8.200000000000000000e+01 4.978842033445834980e-02
8.300000000000000000e+01 4.980504136532545173e-02
8.400000000000000000e+01 5.128322789072990717e-02
8.500000000000000000e+01 4.984562263637781071e-02
8.600000000000000000e+01 4.986277832835912804e-02
8.700000000000000000e+01 1.131407947093248378e-01
8.800000000000000000e+01 1.798490251031449605e-01
8.900000000000000000e+01 2.073266963921824857e-01
9.000000000000000000e+01 8.428401417145248153e-02
9.100000000000000000e+01 7.275216355919837674e-02
9.200000000000000000e+01 5.015080262932100630e-02
9.300000000000000000e+01 2.740911472439765961e-01
9.400000000000000000e+01 5.878218798460691646e-02
9.500000000000000000e+01 1.526171576865017476e-01
9.600000000000000000e+01 4.984000109963947212e-02
9.700000000000000000e+01 4.978878458961844694e-02
9.800000000000000000e+01 4.980059293285012123e-02
9.900000000000000000e+01 7.618036699667572742e-02
1.000000000000000000e+02 6.324260601401329729e-02
1.010000000000000000e+02 4.978708561509847391e-02
1.020000000000000000e+02 4.978830048814415765e-02
1.030000000000000000e+02 4.978747370466590078e-02
1.040000000000000000e+02 4.978751505166292141e-02
1.050000000000000000e+02 4.978709507733583561e-02
1.060000000000000000e+02 4.978868709132075465e-02
1.070000000000000000e+02 4.979147437587380653e-02
1.080000000000000000e+02 4.979019837826490630e-02
1.090000000000000000e+02 4.979169367253780121e-02
1.100000000000000000e+02 4.979659847542643875e-02
1.110000000000000000e+02 5.212209373712539673e-02
1.120000000000000000e+02 4.992289086869845099e-02
1.130000000000000000e+02 4.979691087638819097e-02
1.140000000000000000e+02 4.978823212161660045e-02
1.150000000000000000e+02 4.978985084965825009e-02
1.160000000000000000e+02 1.629734099084554633e-01
1.170000000000000000e+02 4.980971454828977268e-02
1.180000000000000000e+02 1.775522299777000934e-01
1.190000000000000000e+02 1.242010235687754788e-01
1.200000000000000000e+02 2.491774221110825693e-01
1.210000000000000000e+02 6.090313359722494824e-02
1.220000000000000000e+02 4.978715828433633028e-02
1.230000000000000000e+02 5.378517607972026215e-02
1.240000000000000000e+02 4.978712324053049393e-02
1.250000000000000000e+02 4.978707764881203091e-02
1.260000000000000000e+02 4.979659646454424188e-02
1.270000000000000000e+02 2.758822983489671032e-01
1.280000000000000000e+02 5.181895521365933455e-01
1.290000000000000000e+02 5.248935286487851348e-01
1.300000000000000000e+02 5.248937728041309647e-01
1.310000000000000000e+02 5.248935222625732422e-01
1.320000000000000000e+02 5.248933429936416539e-01
1.330000000000000000e+02 5.248935234312918086e-01
1.340000000000000000e+02 5.248990713205552439e-01
1.350000000000000000e+02 5.368109937343332749e-01
1.360000000000000000e+02 9.256031032204627973e-01
1.370000000000000000e+02 8.274307941496372720e-01
1.380000000000000000e+02 8.269908935935409433e-01
1.390000000000000000e+02 9.628850434422493443e-01
1.400000000000000000e+02 9.480443952637304106e-01
1.410000000000000000e+02 8.918818327784537869e-01
1.420000000000000000e+02 9.999960160055080260e-01
1.430000000000000000e+02 7.360187423825264030e-01
1.440000000000000000e+02 7.553998083472251990e-01
1.450000000000000000e+02 7.272754322886466616e-01
1.460000000000000000e+02 7.598287152051925730e-01
1.470000000000000000e+02 7.598397494554519627e-01
1.480000000000000000e+02 8.024221020936965765e-01
1.490000000000000000e+02 7.199137114286422445e-01
1.500000000000000000e+02 7.890270130038261609e-01
1.510000000000000000e+02 7.263322918117046667e-01
1.520000000000000000e+02 7.370855962336063660e-01
1.530000000000000000e+02 7.680563310384750375e-01
1.540000000000000000e+02 7.521737267971039254e-01
1.550000000000000000e+02 8.275634803771972914e-01
1.560000000000000000e+02 8.174911818206310743e-01
1.570000000000000000e+02 7.911866219937800926e-01
1.580000000000000000e+02 7.291406498551368243e-01
1.590000000000000000e+02 7.604428035318850920e-01
1.600000000000000000e+02 8.034346076250076241e-01
1.610000000000000000e+02 8.004017544388770666e-01
1.620000000000000000e+02 8.252255079746246835e-01
1.630000000000000000e+02 8.604071912765502983e-01
1.640000000000000000e+02 8.641260647401213246e-01
1.650000000000000000e+02 8.931533763930201708e-01
1.660000000000000000e+02 8.575052764303982000e-01
1.670000000000000000e+02 9.203148154616356269e-01
1.680000000000000000e+02 8.538749135434627879e-01
1.690000000000000000e+02 8.087411729097366830e-01
1.700000000000000000e+02 8.764733750224112940e-01
1.710000000000000000e+02 9.233444803357124808e-01
1.720000000000000000e+02 9.292021517045795376e-01
1.730000000000000000e+02 8.829735198616981418e-01
1.740000000000000000e+02 9.936092834472656232e-01
1.750000000000000000e+02 9.988795889019965735e-01
1.760000000000000000e+02 9.420817270129918652e-01
1.770000000000000000e+02 9.923197507296851461e-01
1.780000000000000000e+02 9.998910759504024970e-01
1.790000000000000000e+02 9.135968157052993810e-01
1.800000000000000000e+02 7.873744628429413250e-01
1.810000000000000000e+02 9.781649131774902139e-01
1.820000000000000000e+02 9.803939282596111360e-01
1.830000000000000000e+02 9.843260620236397029e-01
1.840000000000000000e+02 9.419316704869270529e-01
1.850000000000000000e+02 9.897955362200736573e-01
1.860000000000000000e+02 9.557059053182601627e-01
1.870000000000000000e+02 9.371109134405851693e-01
1.880000000000000000e+02 9.703869973261332049e-01
1.890000000000000000e+02 8.601600228272048287e-01
1.900000000000000000e+02 9.480992589592933673e-01
1.910000000000000000e+02 9.610954518914223144e-01
1.920000000000000000e+02 9.654173890948295478e-01
1.930000000000000000e+02 9.758776942193507775e-01
1.940000000000000000e+02 9.999807641506195388e-01
1.950000000000000000e+02 8.941133069396018929e-01
1.960000000000000000e+02 9.940237571597099198e-01
1.970000000000000000e+02 9.874543186426162356e-01
1.980000000000000000e+02 5.891985819935798840e-01
1.990000000000000000e+02 9.893445940017699947e-01
2.000000000000000000e+02 6.303124563395976487e-01
2.010000000000000000e+02 6.678082792013884106e-01
2.020000000000000000e+02 7.412032729648053708e-01
2.030000000000000000e+02 7.098457536101341336e-01
2.040000000000000000e+02 6.011277232132852255e-01
2.050000000000000000e+02 7.096448211148381757e-01
2.060000000000000000e+02 7.074965832829475110e-01
2.070000000000000000e+02 6.144390548857912027e-01
2.080000000000000000e+02 7.032098051682114104e-01
2.090000000000000000e+02 5.250450927168130999e-01
2.100000000000000000e+02 7.429826218783855962e-01
2.110000000000000000e+02 8.728863781094551300e-01
2.120000000000000000e+02 7.148211358077823929e-01
2.130000000000000000e+02 6.962933504432440301e-01
2.140000000000000000e+02 9.752913532001945551e-01
2.150000000000000000e+02 8.891954817771912101e-01
2.160000000000000000e+02 9.830699902366507592e-01
2.170000000000000000e+02 9.748239900469779506e-01
2.180000000000000000e+02 8.256619360297918764e-01
2.190000000000000000e+02 7.214783458709717046e-01
2.200000000000000000e+02 6.674843406975269344e-01
2.210000000000000000e+02 9.531090773344039757e-01
2.220000000000000000e+02 9.448092260360717587e-01
2.230000000000000000e+02 8.933171717846979387e-01
2.240000000000000000e+02 8.130699773629506133e-01
2.250000000000000000e+02 8.852273786191013905e-01
2.260000000000000000e+02 9.664298622012138518e-01
2.270000000000000000e+02 7.047973969876766276e-01
2.280000000000000000e+02 7.555609591603279496e-01
2.290000000000000000e+02 9.804160538911819156e-01
2.300000000000000000e+02 8.197872047424316078e-01
2.310000000000000000e+02 7.080363791584968203e-01
2.320000000000000000e+02 9.569798785820062825e-01
2.330000000000000000e+02 8.897177938818932041e-01
2.340000000000000000e+02 9.348528192639350420e-01
2.350000000000000000e+02 8.003429098725318713e-01
2.360000000000000000e+02 7.665983253121375629e-01
2.370000000000000000e+02 6.945043519735336623e-01
2.380000000000000000e+02 7.318309443593025154e-01
2.390000000000000000e+02 7.000082153677940067e-01
2.400000000000000000e+02 7.347446568012238055e-01
2.410000000000000000e+02 9.802861807942390149e-01
2.420000000000000000e+02 9.023272674083709921e-01
2.430000000000000000e+02 7.660629771351814554e-01
2.440000000000000000e+02 8.023539344072342372e-01
2.450000000000000000e+02 7.625459585785865357e-01
2.460000000000000000e+02 7.806942316293716821e-01
2.470000000000000000e+02 7.639838362932205307e-01
2.480000000000000000e+02 7.068560049533844092e-01
2.490000000000000000e+02 9.127905361260040262e-01
2.500000000000000000e+02 9.970585833787918295e-01
2.510000000000000000e+02 8.227242077589035363e-01
2.520000000000000000e+02 7.352661713957786560e-01
2.530000000000000000e+02 7.668809759616851407e-01
2.540000000000000000e+02 8.533951644301414063e-01
2.550000000000000000e+02 9.610567491054534672e-01
2.560000000000000000e+02 8.838797972798347891e-01
2.570000000000000000e+02 7.049000296592712322e-01
2.580000000000000000e+02 7.214990821480751215e-01
2.590000000000000000e+02 6.779059309959412083e-01
2.600000000000000000e+02 8.033814131692051941e-01
2.610000000000000000e+02 9.935280998945236197e-01
2.620000000000000000e+02 9.918301694000823954e-01
2.630000000000000000e+02 9.112428756247104022e-01
2.640000000000000000e+02 7.138648803830146550e-01
2.650000000000000000e+02 8.156934362351894174e-01
2.660000000000000000e+02 7.436828723400831231e-01
2.670000000000000000e+02 6.880315533727408006e-01
2.680000000000000000e+02 7.001644610911608169e-01
2.690000000000000000e+02 7.424116776883602498e-01
2.700000000000000000e+02 7.296701559424400019e-01
2.710000000000000000e+02 7.806526200622320166e-01
2.720000000000000000e+02 8.680185636281967376e-01
2.730000000000000000e+02 8.053847216963767597e-01
2.740000000000000000e+02 7.834199814200401013e-01
2.750000000000000000e+02 9.350630251260904080e-01
2.760000000000000000e+02 9.281266366993939920e-01
2.770000000000000000e+02 7.282816531658172776e-01
2.780000000000000000e+02 9.781352551653981209e-01
2.790000000000000000e+02 7.624431504022091133e-01
2.800000000000000000e+02 9.107687555013164182e-01
2.810000000000000000e+02 9.696895772809380754e-01
2.820000000000000000e+02 9.034238594063257466e-01
2.830000000000000000e+02 7.923350620138294165e-01
2.840000000000000000e+02 9.304561418618342294e-01
2.850000000000000000e+02 9.615749123259487163e-01
2.860000000000000000e+02 9.089474052190780196e-01
2.870000000000000000e+02 8.413328013286508478e-01
2.880000000000000000e+02 9.604353194928351156e-01
2.890000000000000000e+02 9.760152342890905386e-01
2.900000000000000000e+02 9.822489940203152914e-01
2.910000000000000000e+02 9.755676752504180982e-01
2.920000000000000000e+02 9.646500453694175636e-01
2.930000000000000000e+02 9.398257725886882685e-01
2.940000000000000000e+02 8.815306383702490312e-01
2.950000000000000000e+02 9.530451586322178370e-01
2.960000000000000000e+02 9.309823728550625788e-01
2.970000000000000000e+02 9.435423617964392440e-01
2.980000000000000000e+02 5.993267837464809622e-01
2.990000000000000000e+02 8.770412346720695140e-01
3.000000000000000000e+02 8.601274778842925572e-01
3.010000000000000000e+02 7.051709746138765667e-01
3.020000000000000000e+02 5.324572936557233627e-01
3.030000000000000000e+02 4.152015822790562916e-01
3.040000000000000000e+02 4.650290652737021357e-01
3.050000000000000000e+02 3.857417107000947198e-01
3.060000000000000000e+02 7.253498801179809607e-01
3.070000000000000000e+02 3.798570191264152296e-01
3.080000000000000000e+02 4.888438853695988850e-01
3.090000000000000000e+02 5.987134466171264435e-01
3.100000000000000000e+02 9.106774048209190786e-01
3.110000000000000000e+02 6.809082469493150658e-01
3.120000000000000000e+02 7.662443671822547486e-01
3.130000000000000000e+02 7.136217336356639462e-01
3.140000000000000000e+02 7.108749851584434953e-01
3.150000000000000000e+02 8.457842318862676123e-01
3.160000000000000000e+02 8.754409697800874524e-01
3.170000000000000000e+02 8.140554262995719492e-01
3.180000000000000000e+02 8.821642586290836530e-01
3.190000000000000000e+02 7.017860959172248503e-01
3.200000000000000000e+02 7.711181806474923794e-01
3.210000000000000000e+02 7.229538108408450903e-01
3.220000000000000000e+02 7.566353578865527840e-01
3.230000000000000000e+02 7.117416560649871826e-01
3.240000000000000000e+02 7.622732103094458367e-01
3.250000000000000000e+02 7.051491686925291935e-01
3.260000000000000000e+02 7.281786756217479839e-01
3.270000000000000000e+02 8.654893327951431736e-01
3.280000000000000000e+02 6.922124206423759807e-01
3.290000000000000000e+02 9.439170298874378640e-01
3.300000000000000000e+02 6.991648266613483820e-01
3.310000000000000000e+02 7.992664993405341756e-01
3.320000000000000000e+02 7.027133260518312330e-01
3.330000000000000000e+02 8.087470942959189557e-01
3.340000000000000000e+02 7.464897218048572869e-01
3.350000000000000000e+02 7.412301237583160951e-01
3.360000000000000000e+02 7.551667769253254114e-01
3.370000000000000000e+02 6.930186764299869351e-01
3.380000000000000000e+02 7.614500355124473874e-01
3.390000000000000000e+02 6.474599636495113053e-01
3.400000000000000000e+02 7.228207791745662192e-01
3.410000000000000000e+02 7.088895317912101701e-01
3.420000000000000000e+02 7.414620919823646794e-01
3.430000000000000000e+02 6.759752834141254940e-01
3.440000000000000000e+02 6.540044620856643176e-01
3.450000000000000000e+02 7.443157288432121765e-01
3.460000000000000000e+02 7.155769334807992044e-01
3.470000000000000000e+02 6.509851244539022197e-01
3.480000000000000000e+02 6.579610085189342428e-01
3.490000000000000000e+02 6.969628415703773561e-01
3.500000000000000000e+02 6.475939452946185559e-01
3.510000000000000000e+02 6.388519592732191388e-01
3.520000000000000000e+02 9.929031840960185207e-01
3.530000000000000000e+02 9.948991083499020283e-01
3.540000000000000000e+02 9.883833411335944952e-01
3.550000000000000000e+02 7.025658583641052335e-01
3.560000000000000000e+02 6.918546008467674202e-01
3.570000000000000000e+02 6.883388574719428998e-01
3.580000000000000000e+02 7.153351666033267442e-01
3.590000000000000000e+02 9.980585012473214279e-01
3.600000000000000000e+02 6.576727051369943844e-01
3.610000000000000000e+02 7.004681740552186620e-01
3.620000000000000000e+02 6.909526440799236280e-01
3.630000000000000000e+02 9.998808271083675647e-01
3.640000000000000000e+02 3.753971110658081423e-01
3.650000000000000000e+02 6.825946985483170026e-01
3.660000000000000000e+02 7.105930825471877821e-01
3.670000000000000000e+02 5.527656834040369782e-01
3.680000000000000000e+02 4.429008191111570292e-01
3.690000000000000000e+02 6.947273590564727597e-01
3.700000000000000000e+02 7.063745108544826623e-01
3.710000000000000000e+02 7.815636659264564301e-01
3.720000000000000000e+02 8.436802308182272947e-01
3.730000000000000000e+02 7.260784595012664822e-01
3.740000000000000000e+02 6.996699035763740415e-01
3.750000000000000000e+02 6.793333440124988964e-01
3.760000000000000000e+02 6.418212309479713884e-01
3.770000000000000000e+02 6.452288933992386122e-01
3.780000000000000000e+02 9.340434567681674682e-01
3.790000000000000000e+02 9.765616649931126991e-01
3.800000000000000000e+02 6.408398127555847701e-01
3.810000000000000000e+02 9.394849792999380167e-01
3.820000000000000000e+02 9.809285241957993451e-01
3.830000000000000000e+02 9.854227019859863601e-01
3.840000000000000000e+02 9.770175690452257422e-01
3.850000000000000000e+02 9.823741891035219220e-01
3.860000000000000000e+02 9.877560598940788861e-01
3.870000000000000000e+02 9.780805192210457744e-01
3.880000000000000000e+02 9.318807877992328903e-01
3.890000000000000000e+02 9.620797419548035023e-01
3.900000000000000000e+02 9.668480824297807086e-01
3.910000000000000000e+02 9.774140908604576072e-01
3.920000000000000000e+02 6.780437968373298485e-01
3.930000000000000000e+02 6.880682857036590772e-01
3.940000000000000000e+02 8.082017359733582040e-01
3.950000000000000000e+02 9.148904770752633864e-01
3.960000000000000000e+02 7.846828368306160151e-01
3.970000000000000000e+02 8.156106274127959965e-01
3.980000000000000000e+02 6.698537137508392414e-01
3.990000000000000000e+02 6.651611889835439273e-01
4.000000000000000000e+02 6.486291862726211166e-01
4.010000000000000000e+02 6.719876034551311994e-01
4.020000000000000000e+02 7.439013951420784254e-01
4.030000000000000000e+02 7.061855787683221086e-01
4.040000000000000000e+02 6.385151079818682796e-01
4.050000000000000000e+02 6.798043602705001742e-01
4.060000000000000000e+02 3.286077428571879677e-01
4.070000000000000000e+02 6.162454103827476048e-01
4.080000000000000000e+02 6.559341336488724306e-01
4.090000000000000000e+02 5.948032923638820746e-01
4.100000000000000000e+02 3.985003553777933250e-01
4.110000000000000000e+02 8.525056898699584496e-01
4.120000000000000000e+02 3.182821285724639626e-01
4.130000000000000000e+02 6.768978928315911858e-01
4.140000000000000000e+02 6.491908855981879389e-01
4.150000000000000000e+02 7.586769274082677539e-01
4.160000000000000000e+02 7.258694840491342060e-01
4.170000000000000000e+02 4.282965740859508430e-01
4.180000000000000000e+02 6.234946471452712524e-01
4.190000000000000000e+02 9.535614025155338958e-01
4.200000000000000000e+02 8.869056530663224081e-01
4.210000000000000000e+02 8.196345722079276808e-01
4.220000000000000000e+02 5.678302492559342829e-01
4.230000000000000000e+02 7.337914034128188989e-01
4.240000000000000000e+02 5.291876550888855446e-01
4.250000000000000000e+02 4.786824681758880540e-01
4.260000000000000000e+02 4.431301289234657048e-01
4.270000000000000000e+02 5.884578273892402400e-01
4.280000000000000000e+02 8.978741673002047508e-01
4.290000000000000000e+02 7.043212595792847086e-01
4.300000000000000000e+02 7.159113372495106153e-01
4.310000000000000000e+02 5.161578708291053585e-01
4.320000000000000000e+02 5.143864628970622466e-01
4.330000000000000000e+02 5.615517276055213003e-01
4.340000000000000000e+02 5.990087512241705214e-01
4.350000000000000000e+02 5.255692707541926856e-01
4.360000000000000000e+02 5.793121834682948279e-01
4.370000000000000000e+02 4.239212039344026905e-01
4.380000000000000000e+02 4.996664950955811979e-01
4.390000000000000000e+02 6.426463833059927744e-01
4.400000000000000000e+02 6.812162605562696038e-01
4.410000000000000000e+02 2.861163069903850387e-01
4.420000000000000000e+02 8.312998056667924018e-01
4.430000000000000000e+02 6.037601122823287314e-01
4.440000000000000000e+02 6.035895334074856677e-01
4.450000000000000000e+02 4.637516754344105929e-01
4.460000000000000000e+02 3.885274832472205286e-01
4.470000000000000000e+02 6.436534508867980398e-01
4.480000000000000000e+02 6.714094568540652785e-01
4.490000000000000000e+02 5.085817927457392251e-01
4.500000000000000000e+02 5.535927789240349117e-01
4.510000000000000000e+02 6.498109421804547647e-01
4.520000000000000000e+02 6.581685442961752175e-01
4.530000000000000000e+02 7.799545856416225664e-01
4.540000000000000000e+02 6.560451795309781842e-01
4.550000000000000000e+02 6.561133244633674533e-01
4.560000000000000000e+02 7.242650784701109012e-01
4.570000000000000000e+02 6.528919028639793565e-01
4.580000000000000000e+02 7.197803016412218646e-01
4.590000000000000000e+02 6.541901874393224459e-01
4.600000000000000000e+02 5.163428250347714688e-01
4.610000000000000000e+02 7.180622462565972031e-01
4.620000000000000000e+02 7.764083415232598817e-01
4.630000000000000000e+02 6.819529241025448218e-01
4.640000000000000000e+02 7.811804456934332563e-01
4.650000000000000000e+02 6.762818336486816628e-01
4.660000000000000000e+02 6.512171315327286436e-01
4.670000000000000000e+02 6.825709201022982509e-01
4.680000000000000000e+02 4.915636106180911735e-01
4.690000000000000000e+02 6.470193798840045973e-01
4.700000000000000000e+02 6.743809033110738094e-01
4.710000000000000000e+02 6.133721403479576173e-01
4.720000000000000000e+02 7.627900787256658433e-01
4.730000000000000000e+02 9.475272174477576970e-01
4.740000000000000000e+02 8.400562354326248649e-01
4.750000000000000000e+02 5.653480602502822805e-01
4.760000000000000000e+02 4.391245746463537380e-01
4.770000000000000000e+02 6.008481797724962714e-01
4.780000000000000000e+02 6.778198956251144658e-01
4.790000000000000000e+02 4.874430833011865749e-01
4.800000000000000000e+02 6.418139774799347386e-01
4.810000000000000000e+02 6.703396884202956763e-01
4.820000000000000000e+02 6.527630390524864490e-01
4.830000000000000000e+02 7.025137549936771864e-01
4.840000000000000000e+02 5.431308659017085594e-01
4.850000000000000000e+02 8.106983702758262522e-01
4.860000000000000000e+02 6.188928344845772145e-01
4.870000000000000000e+02 7.930107504129410012e-01
4.880000000000000000e+02 5.843883617073297732e-01
4.890000000000000000e+02 6.874599876478314497e-01
4.900000000000000000e+02 6.517325084283948078e-01
4.910000000000000000e+02 6.332493831962346942e-01
4.920000000000000000e+02 3.840304181501269509e-01
4.930000000000000000e+02 4.348198419809341519e-01
4.940000000000000000e+02 4.094234092123806290e-01
4.950000000000000000e+02 4.755754614993930041e-01
4.960000000000000000e+02 5.429496421877827439e-01
4.970000000000000000e+02 4.390213959217071360e-01
4.980000000000000000e+02 5.142682835310697920e-01
4.990000000000000000e+02 3.907466071248054673e-01
5.000000000000000000e+02 4.934358971355402024e-01
5.010000000000000000e+02 4.657761134058236996e-01
5.020000000000000000e+02 4.140557820647954856e-01
5.030000000000000000e+02 6.179729122022338261e-01
5.040000000000000000e+02 4.343779895603656627e-01
5.050000000000000000e+02 4.937216650396585305e-01
5.060000000000000000e+02 4.085430072993039841e-01
5.070000000000000000e+02 4.998215870112180936e-01
5.080000000000000000e+02 5.008287223428488089e-01
5.090000000000000000e+02 4.992453817427158214e-01
5.100000000000000000e+02 6.177782885879278263e-01
5.110000000000000000e+02 6.525414436459541223e-01
5.120000000000000000e+02 4.256777822896838370e-01
5.130000000000000000e+02 6.559061063081026433e-01
5.140000000000000000e+02 2.458056902026601598e-01
5.150000000000000000e+02 9.834386155009269270e-01
5.160000000000000000e+02 6.687164686918258827e-01
5.170000000000000000e+02 7.093123126924038013e-01
5.180000000000000000e+02 5.646504130214452521e-01
5.190000000000000000e+02 6.781742170453071150e-01
5.200000000000000000e+02 9.401035563945769891e-01
5.210000000000000000e+02 9.387388567924499494e-01
5.220000000000000000e+02 9.205279924869537167e-01
5.230000000000000000e+02 6.248817614614963212e-01
5.240000000000000000e+02 8.008632015734911125e-01
5.250000000000000000e+02 9.789246501326560601e-01
5.260000000000000000e+02 9.165121227800846482e-01
5.270000000000000000e+02 9.214724738299846507e-01
5.280000000000000000e+02 4.255830894014047128e-01
5.290000000000000000e+02 5.123023549882481653e-01
5.300000000000000000e+02 6.070488080854566926e-01
5.310000000000000000e+02 2.772687842175364237e-01
5.320000000000000000e+02 5.851811008155345384e-01
5.330000000000000000e+02 6.224330401159823278e-01
5.340000000000000000e+02 5.597425430528819579e-01
5.350000000000000000e+02 6.781933923512697415e-01
5.360000000000000000e+02 5.252108025960624538e-01
5.370000000000000000e+02 6.062572065517306541e-01
5.380000000000000000e+02 6.720558606460690365e-01
5.390000000000000000e+02 3.590225403644144442e-01
5.400000000000000000e+02 6.715828440040350067e-01
5.410000000000000000e+02 5.173403348773717436e-01
5.420000000000000000e+02 7.603514041709765747e-01
5.430000000000000000e+02 3.349057563348394329e-01
5.440000000000000000e+02 5.662872118800879040e-01
5.450000000000000000e+02 7.431169278919697030e-01
5.460000000000000000e+02 5.266734282448888305e-01
5.470000000000000000e+02 6.509864473305642107e-01
5.480000000000000000e+02 9.603902385993436930e-01
5.490000000000000000e+02 9.837008275919489897e-01
5.500000000000000000e+02 8.764924292380993354e-01
5.510000000000000000e+02 8.754265327402885877e-01
5.520000000000000000e+02 8.988179948594835489e-01
5.530000000000000000e+02 7.808693412952124602e-01
5.540000000000000000e+02 8.497311738431453376e-01
5.550000000000000000e+02 9.022150594294071624e-01
5.560000000000000000e+02 8.195876344889402310e-01
5.570000000000000000e+02 7.389844330921768734e-01
5.580000000000000000e+02 6.760598522499203789e-01
5.590000000000000000e+02 6.010299873836338902e-01
5.600000000000000000e+02 6.929754824042320127e-01
5.610000000000000000e+02 5.218838643655181464e-01
5.620000000000000000e+02 5.764818798478056339e-01
5.630000000000000000e+02 7.838765373826026561e-01
5.640000000000000000e+02 9.594818689823150226e-01
5.650000000000000000e+02 5.669594509899615886e-01
5.660000000000000000e+02 9.924283576607704216e-01
5.670000000000000000e+02 9.948757951259612486e-01
5.680000000000000000e+02 6.390203802362084406e-01
5.690000000000000000e+02 6.011029407829046045e-01
5.700000000000000000e+02 5.737729707658291156e-01
5.710000000000000000e+02 9.938356547547666509e-01
5.720000000000000000e+02 9.685669711354789602e-01
5.730000000000000000e+02 5.880749362409114500e-01
5.740000000000000000e+02 9.193112850189208984e-01
5.750000000000000000e+02 5.757582758963107894e-01
5.760000000000000000e+02 8.414090529408143615e-01
5.770000000000000000e+02 9.106668319666024747e-01
5.780000000000000000e+02 8.409625391705312092e-01
5.790000000000000000e+02 5.041214022636413272e-01
5.800000000000000000e+02 5.732920806482434406e-01
5.810000000000000000e+02 6.364790430963039869e-01
5.820000000000000000e+02 6.508457038104533687e-01
5.830000000000000000e+02 6.969423418343067000e-01
5.840000000000000000e+02 6.808390295319258767e-01
5.850000000000000000e+02 6.811947311609983791e-01
5.860000000000000000e+02 7.397555853575468188e-01
5.870000000000000000e+02 6.760666742473840918e-01
5.880000000000000000e+02 8.545186353102326438e-01
5.890000000000000000e+02 6.724799042344092870e-01
5.900000000000000000e+02 7.133934157788753838e-01
5.910000000000000000e+02 6.452159602046012576e-01
5.920000000000000000e+02 7.067211518436670170e-01
5.930000000000000000e+02 7.347040237486361924e-01
5.940000000000000000e+02 7.628741954714060025e-01
5.950000000000000000e+02 7.292316408157348828e-01
5.960000000000000000e+02 7.214602916538714883e-01
5.970000000000000000e+02 6.825161199569702575e-01
5.980000000000000000e+02 7.332668501138687178e-01
5.990000000000000000e+02 6.889510070830583421e-01
