0.000000000000000000e+00 -2.584030780819391566e+02
1.000000000000000000e+00 -1.618321566877576970e+03
2.000000000000000000e+00 -2.335394909507482168e+02
3.000000000000000000e+00 -2.349813411488731845e+02
4.000000000000000000e+00 -2.914828827241018985e+02
5.000000000000000000e+00 -6.162396752609508894e+02
6.000000000000000000e+00 -3.483552133443336629e+02
7.000000000000000000e+00 -1.741427951003856265e+02
8.000000000000000000e+00 -3.405289771694978072e+02
9.000000000000000000e+00 2.078291633888077286e+02
1.000000000000000000e+01 -2.517943187545079127e+02
1.100000000000000000e+01 -1.178975458247087715e+02
1.200000000000000000e+01 -3.265869375873731997e+02
1.300000000000000000e+01 -2.721985949910308591e+02
1.400000000000000000e+01 -3.989201043733963274e+02
1.500000000000000000e+01 -3.143136678082048547e+02
1.600000000000000000e+01 -1.875828480953454118e+02
1.700000000000000000e+01 -2.445947217993601441e+02
1.800000000000000000e+01 -1.774498135517613377e+02
1.900000000000000000e+01 -1.391846381125458834e+02
2.000000000000000000e+01 -4.803583877959260207e+01
2.100000000000000000e+01 -8.721139869588779447e+01
2.200000000000000000e+01 -1.192171714717127315e+02
2.300000000000000000e+01 -8.332405758938686802e+01
2.400000000000000000e+01 -3.252195577835990434e+02
2.500000000000000000e+01 -1.502480241005381743e+02
2.600000000000000000e+01 -2.725368966473912451e+02
2.700000000000000000e+01 -3.062980151907918298e+02
2.800000000000000000e+01 -7.695124096848047657e+01
2.900000000000000000e+01 -1.251520866114702386e+02
3.000000000000000000e+01 -9.627138420876725888e+01
3.100000000000000000e+01 -1.272263015440671978e+02
3.200000000000000000e+01 -3.692825238952762561e+02
3.300000000000000000e+01 -1.902327924372013968e+02
3.400000000000000000e+01 -1.390072138479590649e+02
3.500000000000000000e+01 -2.868388266979454784e+02
3.600000000000000000e+01 -1.720783288177680674e+02
3.700000000000000000e+01 -2.355834906567878591e+02
3.800000000000000000e+01 -1.294043797506977285e+02
3.900000000000000000e+01 -1.242637581546118781e+02
4.000000000000000000e+01 -1.877528293380830746e+02
4.100000000000000000e+01 -1.606639986429469786e+02
4.200000000000000000e+01 -1.847829507220815231e+02
4.300000000000000000e+01 -8.805053515190689950e+01
4.400000000000000000e+01 -1.268999680621170967e+02
4.500000000000000000e+01 -8.509068016702153159e+01
4.600000000000000000e+01 -2.030652434723052977e+02
4.700000000000000000e+01 -1.868486123102961756e+02
4.800000000000000000e+01 -6.715873758402094040e+01
4.900000000000000000e+01 -1.262641595835801098e+02
5.000000000000000000e+01 -1.859772605519330853e+02
5.100000000000000000e+01 -1.267663495640120459e+02
5.200000000000000000e+01 -1.004446189638615294e+02
5.300000000000000000e+01 -1.254942516731744746e+02
5.400000000000000000e+01 -1.358413649032889623e+02
5.500000000000000000e+01 -1.121943863021203640e+02
5.600000000000000000e+01 -2.600557164058036506e+02
5.700000000000000000e+01 -1.258936282599144789e+02
5.800000000000000000e+01 -1.165354056371149341e+02
5.900000000000000000e+01 -1.992569849794124366e+02
6.000000000000000000e+01 1.160864248015836040e+02
6.100000000000000000e+01 -1.424419993579885215e+02
6.200000000000000000e+01 -1.061140958736147688e+01
6.300000000000000000e+01 1.190054192437855960e+02
6.400000000000000000e+01 -5.907164228049371957e+01
6.500000000000000000e+01 -4.768670705722960435e+01
6.600000000000000000e+01 3.492260150623451409e+01
6.700000000000000000e+01 1.528678735291285591e+02
6.800000000000000000e+01 -1.083169627315564156e+02
6.900000000000000000e+01 1.275620579017323735e+02
7.000000000000000000e+01 9.552437074980680620e+01
7.100000000000000000e+01 -3.751039751021919955e+01
7.200000000000000000e+01 -1.676102054194747737e+01
7.300000000000000000e+01 -3.437494416697917643e+01
7.400000000000000000e+01 -6.320344032828130310e+01
7.500000000000000000e+01 -2.415699581268177809e+01
7.600000000000000000e+01 1.925702362343657370e+01
7.700000000000000000e+01 -1.510781416490348761e+01
7.800000000000000000e+01 -7.842769512277409483e+00
7.900000000000000000e+01 -1.001128990592960406e+02
8.000000000000000000e+01 -2.810635430164740711e+01
8.100000000000000000e+01 2.374403294504227269e+00
8.200000000000000000e+01 -1.431513006965431956e+01
8.300000000000000000e+01 -3.457529513319293102e+01
8.400000000000000000e+01 -2.171057343003464624e+01
8.500000000000000000e+01 -3.470644240692221416e+01
8.600000000000000000e+01 -6.161018828961665150e+01
8.700000000000000000e+01 -3.793167456979299601e+01
8.800000000000000000e+01 -1.759468135684202821e+02
8.900000000000000000e+01 -1.162645740832422661e+02
9.000000000000000000e+01 -2.002183026084068160e+02
9.100000000000000000e+01 -1.739938636313887628e+02
9.200000000000000000e+01 -1.456047338879532163e+02
9.300000000000000000e+01 4.687646929126690054e+01
9.400000000000000000e+01 -1.766924350284646152e+02
9.500000000000000000e+01 -6.566350736071578353e+01
9.600000000000000000e+01 -2.012730570099420220e+02
9.700000000000000000e+01 -6.072539868574590827e+01
9.800000000000000000e+01 -4.400533812245200949e+01
9.900000000000000000e+01 -4.051535652817626243e+01
1.000000000000000000e+02 -1.157443677520088841e+02
1.010000000000000000e+02 -8.046803934357433263e+01
1.020000000000000000e+02 -6.432557358282969062e+01
1.030000000000000000e+02 -6.570346620554765593e+01
1.040000000000000000e+02 -5.311411968390309823e+01
1.050000000000000000e+02 -9.542906056716203977e+01
1.060000000000000000e+02 -5.713892141457726837e+01
1.070000000000000000e+02 -6.667018522595651575e+01
1.080000000000000000e+02 -6.219089796068141140e+01
1.090000000000000000e+02 -1.231140677447968983e+02
1.100000000000000000e+02 -7.210351528590426540e+01
1.110000000000000000e+02 -1.206740631385904834e+02
1.120000000000000000e+02 -1.264614078124142367e+02
1.130000000000000000e+02 -8.265014355945470470e+01
1.140000000000000000e+02 -1.732463073680996501e+01
1.150000000000000000e+02 -1.864725874690273599e+01
1.160000000000000000e+02 -1.281767730130329710e+02
1.170000000000000000e+02 -2.093653301019229218e+01
1.180000000000000000e+02 -1.359163876086490745e+02
1.190000000000000000e+02 -1.606197581022656209e+02
1.200000000000000000e+02 -1.520077133742306614e+02
1.210000000000000000e+02 -1.647477572881174410e+02
1.220000000000000000e+02 -9.439722147136951946e+01
1.230000000000000000e+02 -3.646084856513414252e+01
1.240000000000000000e+02 -4.235035144062186419e+01
1.250000000000000000e+02 8.368139378518347371e+01
1.260000000000000000e+02 -5.100291969939765977e+02
1.270000000000000000e+02 -3.752422772016391264e+02
1.280000000000000000e+02 -4.552342924733437144e+02
1.290000000000000000e+02 -3.556518711490289206e+02
1.300000000000000000e+02 -2.948964183601364084e+02
1.310000000000000000e+02 -3.375719049992806049e+02
1.320000000000000000e+02 -1.275191483243827690e+02
1.330000000000000000e+02 -2.338968568314783170e+02
1.340000000000000000e+02 -1.304004403310345026e+02
1.350000000000000000e+02 -2.007769406342701188e+02
1.360000000000000000e+02 2.831262743825435990e+01
1.370000000000000000e+02 -8.359777729097147869e+01
1.380000000000000000e+02 1.114440293764012324e+01
1.390000000000000000e+02 1.009090590562096281e+02
1.400000000000000000e+02 -1.238869005291240910e+01
1.410000000000000000e+02 -2.958717245422824504e+01
1.420000000000000000e+02 -9.925819541077916597e+01
1.430000000000000000e+02 -5.233532298358893797e+01
1.440000000000000000e+02 -1.060079201387137715e+02
1.450000000000000000e+02 -1.198328740537239270e+02
1.460000000000000000e+02 -5.768656953392084574e+01
1.470000000000000000e+02 -8.999145369019363727e+01
1.480000000000000000e+02 -4.926920021620163936e+01
1.490000000000000000e+02 -4.856923936277007670e+01
1.500000000000000000e+02 -9.484971053456608558e+01
1.510000000000000000e+02 -9.016479437115177120e+01
1.520000000000000000e+02 -9.030981713788837340e+01
1.530000000000000000e+02 -9.778564808999493607e+01
1.540000000000000000e+02 5.800779380854858225e+00
1.550000000000000000e+02 1.439450251695623129e+00
1.560000000000000000e+02 2.208628263502509270e+01
1.570000000000000000e+02 -2.619170820387628851e+01
1.580000000000000000e+02 1.905246478844359714e+00
1.590000000000000000e+02 -3.752867530145708486e+01
1.600000000000000000e+02 -3.519054513732224621e+01
1.610000000000000000e+02 -4.260154031732590596e+01
1.620000000000000000e+02 -5.380827493481266544e+01
1.630000000000000000e+02 -5.164785844214614485e+01
1.640000000000000000e+02 1.561679589032540960e+01
1.650000000000000000e+02 -6.049701161369306845e+01
1.660000000000000000e+02 1.955734037193128572e+01
1.670000000000000000e+02 2.118035584356719525e+01
1.680000000000000000e+02 7.076406828786335979e+00
1.690000000000000000e+02 1.015720299110162728e+02
1.700000000000000000e+02 3.686117198452870980e+01
1.710000000000000000e+02 8.654399339719462603e+01
1.720000000000000000e+02 2.707673170148071407e+01
1.730000000000000000e+02 1.216578465094603132e+02
1.740000000000000000e+02 3.436183696310500579e+00
1.750000000000000000e+02 -8.134675507387940741e+01
1.760000000000000000e+02 -1.071250419294736211e+01
1.770000000000000000e+02 -2.028426329895582967e+02
1.780000000000000000e+02 -1.254535495934580354e+02
1.790000000000000000e+02 3.710522479096518822e+01
1.800000000000000000e+02 4.593077210431804502e+01
1.810000000000000000e+02 8.388708347011566957e+01
1.820000000000000000e+02 3.000902226426783059e+01
1.830000000000000000e+02 -7.033499225141949296e+01
1.840000000000000000e+02 1.061923162770779250e+01
1.850000000000000000e+02 1.083180837300069470e+02
1.860000000000000000e+02 7.855085535187753010e+01
1.870000000000000000e+02 6.773314779506093508e+00
1.880000000000000000e+02 -8.569271236033131345e-01
1.890000000000000000e+02 1.691233241795842730e+02
1.900000000000000000e+02 1.212754429416067268e+02
1.910000000000000000e+02 8.577494969794568647e+01
1.920000000000000000e+02 1.083143834263320855e+02
1.930000000000000000e+02 -2.497018380898174783e+01
1.940000000000000000e+02 -1.461556816269112602e+01
1.950000000000000000e+02 -4.348204707499509425e+01
1.960000000000000000e+02 -5.109620464300536469e+01
1.970000000000000000e+02 -8.683814220246519255e+01
1.980000000000000000e+02 1.218467223213956316e+02
1.990000000000000000e+02 -4.675550592573859632e+01
2.000000000000000000e+02 1.414190172813354991e+02
2.010000000000000000e+02 1.048660547377165813e+02
2.020000000000000000e+02 7.929340439897953274e+01
2.030000000000000000e+02 1.261763449569561146e+02
2.040000000000000000e+02 1.105541330374629752e+02
2.050000000000000000e+02 1.245011432862369958e+02
2.060000000000000000e+02 1.189487927835178738e+02
2.070000000000000000e+02 1.626941478832463304e+02
2.080000000000000000e+02 1.233203553969918289e+02
2.090000000000000000e+02 6.548517362815867671e+01
2.100000000000000000e+02 6.723948592161674753e+01
2.110000000000000000e+02 -5.032756056613794726e+01
2.120000000000000000e+02 6.094567414980270570e+01
2.130000000000000000e+02 7.546128798898898538e+01
2.140000000000000000e+02 -1.585610387038471174e+02
2.150000000000000000e+02 6.819052894504069151e+00
2.160000000000000000e+02 -2.121997259986785878e+02
2.170000000000000000e+02 -3.791183927982464752e+01
2.180000000000000000e+02 -1.081500119521781897e+02
2.190000000000000000e+02 1.138133792773892594e+02
2.200000000000000000e+02 1.258187240655265526e+02
2.210000000000000000e+02 -3.054759906179730677e+01
2.220000000000000000e+02 -2.946141167718965548e+01
2.230000000000000000e+02 -9.789469268908824517e+01
2.240000000000000000e+02 -1.194307567825189835e+02
2.250000000000000000e+02 4.762581930818436149e+01
2.260000000000000000e+02 -2.343972783350282896e+01
2.270000000000000000e+02 1.507813435178020143e+02
2.280000000000000000e+02 6.835480858236761037e+01
2.290000000000000000e+02 -4.096731795825632361e+01
2.300000000000000000e+02 -4.702199967737967512e+01
2.310000000000000000e+02 1.140085920880367780e+02
2.320000000000000000e+02 -1.395763103096411157e+02
2.330000000000000000e+02 -8.919875110690661302e+01
2.340000000000000000e+02 -8.830082598965201157e+01
2.350000000000000000e+02 5.911484592460722887e+00
2.360000000000000000e+02 1.100128002591716267e+02
2.370000000000000000e+02 1.415459967016962537e+02
2.380000000000000000e+02 8.308865305325821282e+01
2.390000000000000000e+02 8.265363288861539104e+01
2.400000000000000000e+02 4.165205172610914985e+01
2.410000000000000000e+02 -7.534694806720189320e+01
2.420000000000000000e+02 -1.169365336964660997e+02
2.430000000000000000e+02 5.957162682382260499e+01
2.440000000000000000e+02 1.111414339509025773e+01
2.450000000000000000e+02 9.310419619906230082e+01
2.460000000000000000e+02 4.756388150692379924e+01
2.470000000000000000e+02 1.183029339187799707e+02
2.480000000000000000e+02 1.372602899485589489e+02
2.490000000000000000e+02 -1.516591884152794023e+02
2.500000000000000000e+02 -6.507694233660839700e+01
2.510000000000000000e+02 3.572498485396236845e+01
2.520000000000000000e+02 6.689826454122247412e+01
2.530000000000000000e+02 5.017929402182975451e+01
2.540000000000000000e+02 -1.148325073972155934e+02
2.550000000000000000e+02 -9.844249763193246849e+01
2.560000000000000000e+02 5.400049332287107262e+01
2.570000000000000000e+02 1.142840395076046605e+02
2.580000000000000000e+02 1.020646700369570539e+02
2.590000000000000000e+02 1.219707372817270397e+02
2.600000000000000000e+02 1.263890320923602246e+02
2.610000000000000000e+02 -3.485861542183823047e+01
2.620000000000000000e+02 2.959040619406789574e+01
2.630000000000000000e+02 3.492096962510294134e+01
2.640000000000000000e+02 9.316196663014908097e+01
2.650000000000000000e+02 -5.891865742854832177e+01
2.660000000000000000e+02 -3.889980607927108025e+01
2.670000000000000000e+02 -3.888460442417947149e+01
2.680000000000000000e+02 -1.738167101692404870e+01
2.690000000000000000e+02 -1.493339596520798729e+01
2.700000000000000000e+02 -2.373790295392149474e+01
2.710000000000000000e+02 -4.304351360451512676e+01
2.720000000000000000e+02 -3.771357292860934507e+01
2.730000000000000000e+02 -1.981101772701621044e+01
2.740000000000000000e+02 -1.917335336528743284e+01
2.750000000000000000e+02 -1.954965414467228868e+01
2.760000000000000000e+02 6.739611844021439424e+00
2.770000000000000000e+02 1.100843244791568054e+02
2.780000000000000000e+02 -1.513308912959490726e+01
2.790000000000000000e+02 1.579333135424381283e+02
2.800000000000000000e+02 2.724253830198661319e+01
2.810000000000000000e+02 -3.302565171311570680e+00
2.820000000000000000e+02 -5.502275435854358676e+01
2.830000000000000000e+02 -8.798969738185995482e+01
2.840000000000000000e+02 2.766986492763722083e+01
2.850000000000000000e+02 -9.092922124850619525e+01
2.860000000000000000e+02 -1.368827581031474949e+02
2.870000000000000000e+02 -1.319324127717756028e+02
2.880000000000000000e+02 -4.025685351504285592e+01
2.890000000000000000e+02 -8.666288600558630151e+00
2.900000000000000000e+02 -5.825334225276331068e+01
2.910000000000000000e+02 -8.074242872204152377e+01
2.920000000000000000e+02 -1.284749261285680859e+02
2.930000000000000000e+02 -1.368420950635669726e+02
2.940000000000000000e+02 3.063177278675320281e+01
2.950000000000000000e+02 -7.927233839467452015e+01
2.960000000000000000e+02 -8.835353697797712869e+01
2.970000000000000000e+02 -1.119542186938230515e+02
2.980000000000000000e+02 -9.956063181382398852e+01
2.990000000000000000e+02 -8.840785540678669463e+01
3.000000000000000000e+02 -6.548094658255293155e+01
3.010000000000000000e+02 2.067036255083939409e+02
3.020000000000000000e+02 2.647894918750095083e+00
3.030000000000000000e+02 9.392138561382317619e+00
3.040000000000000000e+02 1.197773727868330269e+02
3.050000000000000000e+02 1.137712698874198196e+02
3.060000000000000000e+02 1.024037391483376069e+02
3.070000000000000000e+02 1.150288649820703881e+02
3.080000000000000000e+02 1.056598189930400622e+02
3.090000000000000000e+02 1.363640554083258962e+02
3.100000000000000000e+02 -2.660701100954816667e+01
3.110000000000000000e+02 1.150799084775340191e+02
3.120000000000000000e+02 5.987394122119573581e+01
3.130000000000000000e+02 7.931067377909421623e+01
3.140000000000000000e+02 9.423559948318207091e+01
3.150000000000000000e+02 -3.082330647876527330e+00
3.160000000000000000e+02 7.855154575044352327e+01
3.170000000000000000e+02 -4.817010516751300742e+01
3.180000000000000000e+02 -5.136686787291422007e+01
3.190000000000000000e+02 6.635130179385754445e+01
3.200000000000000000e+02 8.566107521159040061e+01
3.210000000000000000e+02 1.058631941315397569e+02
3.220000000000000000e+02 1.444548315964628671e+02
3.230000000000000000e+02 1.325305152288269994e+02
3.240000000000000000e+02 1.014349976032458471e+02
3.250000000000000000e+02 1.181757763652664437e+02
3.260000000000000000e+02 1.012470863633732279e+02
3.270000000000000000e+02 7.274607427039327945e+01
3.280000000000000000e+02 1.711570758149131848e+02
3.290000000000000000e+02 8.208318334566172325e+00
3.300000000000000000e+02 1.670361055385323255e+02
3.310000000000000000e+02 5.424785372200126687e+01
3.320000000000000000e+02 1.104745151605030316e+02
3.330000000000000000e+02 9.688507749844994521e+01
3.340000000000000000e+02 1.194236777309886008e+02
3.350000000000000000e+02 1.448756538674519163e+02
3.360000000000000000e+02 1.214705514551660315e+02
3.370000000000000000e+02 1.436226354516121830e+02
3.380000000000000000e+02 1.027653571906554788e+02
3.390000000000000000e+02 1.542886503925845147e+02
3.400000000000000000e+02 1.348578036437129128e+02
3.410000000000000000e+02 1.390243041120396015e+02
3.420000000000000000e+02 1.126259669210024583e+02
3.430000000000000000e+02 1.445985282449529734e+02
3.440000000000000000e+02 1.502237533544197561e+02
3.450000000000000000e+02 8.986315221035005152e+01
3.460000000000000000e+02 8.086690371418127654e+01
3.470000000000000000e+02 1.410167186025828130e+02
3.480000000000000000e+02 1.273410141403949325e+02
3.490000000000000000e+02 1.030004331359735090e+02
3.500000000000000000e+02 1.114547389589843931e+02
3.510000000000000000e+02 1.379510595712997656e+02
3.520000000000000000e+02 -8.406600181643675285e+01
3.530000000000000000e+02 -8.356509837920994244e+01
3.540000000000000000e+02 -3.582266625130785087e+01
3.550000000000000000e+02 1.103293080501033216e+02
3.560000000000000000e+02 9.421871533047850278e+01
3.570000000000000000e+02 1.209992620140139792e+02
3.580000000000000000e+02 1.251847966056917159e+02
3.590000000000000000e+02 -1.567337876755073012e+02
3.600000000000000000e+02 2.021881672449111988e+02
3.610000000000000000e+02 9.631514207286171825e+01
3.620000000000000000e+02 1.402860257291272035e+02
3.630000000000000000e+02 -1.037690347889992495e+02
3.640000000000000000e+02 1.814857509973909373e+02
3.650000000000000000e+02 1.200464444760042397e+02
3.660000000000000000e+02 1.339782308446443437e+02
3.670000000000000000e+02 2.013868409343313886e+02
3.680000000000000000e+02 2.300387254588314079e+02
3.690000000000000000e+02 1.080387125261773349e+02
3.700000000000000000e+02 1.040796518411911649e+02
3.710000000000000000e+02 -3.318315011033756434e+01
3.720000000000000000e+02 1.583110810955552381e+02
3.730000000000000000e+02 1.227354587837936464e+02
3.740000000000000000e+02 1.359402694410761114e+02
3.750000000000000000e+02 1.338362027565035532e+02
3.760000000000000000e+02 1.821711230549952347e+02
3.770000000000000000e+02 1.617214024591561952e+02
3.780000000000000000e+02 4.137544662681358432e+01
3.790000000000000000e+02 1.251167005431767620e+01
3.800000000000000000e+02 1.495602406642913991e+02
3.810000000000000000e+02 3.718221221207392091e+01
3.820000000000000000e+02 -8.666632009164743522e+00
3.830000000000000000e+02 3.032296897230651211e+01
3.840000000000000000e+02 4.107263555263349986e+01
3.850000000000000000e+02 -1.086957392315792532e+02
3.860000000000000000e+02 -3.377432234746352435e+01
3.870000000000000000e+02 -6.037030154987795783e+01
3.880000000000000000e+02 3.097898312884038319e+01
3.890000000000000000e+02 7.019280947121075087e+00
3.900000000000000000e+02 -1.058928650508616442e+01
3.910000000000000000e+02 -3.032803312592332645e+01
3.920000000000000000e+02 1.498347409179301621e+02
3.930000000000000000e+02 1.305912387584934322e+02
3.940000000000000000e+02 1.143783104075694723e+02
3.950000000000000000e+02 -4.661294534420745350e+01
3.960000000000000000e+02 1.187866706356894184e+02
3.970000000000000000e+02 4.059961106511629225e+01
3.980000000000000000e+02 9.129309003718260840e+01
3.990000000000000000e+02 -1.093991183198540256e+02
4.000000000000000000e+02 8.968242847309849708e+01
4.010000000000000000e+02 1.525595277352225594e+02
4.020000000000000000e+02 8.351550938141035374e+01
4.030000000000000000e+02 -3.169629773167130793e+02
4.040000000000000000e+02 1.362831835811147982e+02
4.050000000000000000e+02 1.443713764357979130e+02
4.060000000000000000e+02 6.296829245692840971e+01
4.070000000000000000e+02 1.050784794085385556e+02
4.080000000000000000e+02 1.430739865127795269e+02
4.090000000000000000e+02 1.420470873067029345e+02
4.100000000000000000e+02 1.512835506877055991e+02
4.110000000000000000e+02 -5.262889151974972179e+01
4.120000000000000000e+02 2.268902073684505467e+02
4.130000000000000000e+02 2.842304093905142963e+02
4.140000000000000000e+02 2.050687275214353633e+02
4.150000000000000000e+02 2.303263849420350198e+02
4.160000000000000000e+02 2.514479814476729302e+02
4.170000000000000000e+02 8.085507794198768750e+01
4.180000000000000000e+02 -5.988262984644434539e+01
4.190000000000000000e+02 -4.730426004761165615e+01
4.200000000000000000e+02 -5.523392624508405646e+01
4.210000000000000000e+02 -2.665192520792486874e+01
4.220000000000000000e+02 2.397231524478916356e+02
4.230000000000000000e+02 2.033033229343503479e+01
4.240000000000000000e+02 2.526203890540011514e+02
4.250000000000000000e+02 1.522400483144801058e+02
4.260000000000000000e+02 2.499863025001884296e+02
4.270000000000000000e+02 1.054471830636723837e+02
4.280000000000000000e+02 2.184457345663014110e+02
4.290000000000000000e+02 2.237258754709092159e+02
4.300000000000000000e+02 2.032803261811811240e+02
4.310000000000000000e+02 1.102109315819885325e+02
4.320000000000000000e+02 1.035598319431181835e+02
4.330000000000000000e+02 2.372169285320450172e+02
4.340000000000000000e+02 1.669029883398304150e+02
4.350000000000000000e+02 2.516486590423957352e+02
4.360000000000000000e+02 2.286221876088512204e+02
4.370000000000000000e+02 2.111537738527659087e+02
4.380000000000000000e+02 2.658959875210225619e+02
4.390000000000000000e+02 2.758952491478280535e+02
4.400000000000000000e+02 2.584459985806740292e+02
4.410000000000000000e+02 1.696208214650550303e+02
4.420000000000000000e+02 2.562620297091004886e+02
4.430000000000000000e+02 2.167286003166493060e+02
4.440000000000000000e+02 2.564828766659036887e+02
4.450000000000000000e+02 1.044615759447001295e+02
4.460000000000000000e+02 1.150328542741685993e+02
4.470000000000000000e+02 2.014247133500455220e+02
4.480000000000000000e+02 2.477590926368634996e+02
4.490000000000000000e+02 1.058858492811131242e+02
4.500000000000000000e+02 2.349095979773120462e+02
4.510000000000000000e+02 6.406955996703345591e+01
4.520000000000000000e+02 1.068643161947878610e+02
4.530000000000000000e+02 3.029760474608045939e+01
4.540000000000000000e+02 8.537534761362996960e+01
4.550000000000000000e+02 1.061897415179599733e+02
4.560000000000000000e+02 6.700795725387652624e+01
4.570000000000000000e+02 1.088825727315462615e+02
4.580000000000000000e+02 2.012753577137569323e+02
4.590000000000000000e+02 1.303846567841401338e+02
4.600000000000000000e+02 1.945563771158692248e+02
4.610000000000000000e+02 2.078435381190470252e+02
4.620000000000000000e+02 1.082111812605003109e+02
4.630000000000000000e+02 1.318743742173923295e+02
4.640000000000000000e+02 1.038455605232447141e+02
4.650000000000000000e+02 1.473863826372274843e+02
4.660000000000000000e+02 1.113459303064543633e+02
4.670000000000000000e+02 1.772729298669439686e+02
4.680000000000000000e+02 2.549358526986151503e+02
4.690000000000000000e+02 1.500754818945641489e+02
4.700000000000000000e+02 1.097725521853259636e+02
4.710000000000000000e+02 6.317814330624837282e+01
4.720000000000000000e+02 9.764423472733032838e+01
4.730000000000000000e+02 3.860827979888496131e+00
4.740000000000000000e+02 -1.408932392675389877e+01
4.750000000000000000e+02 1.457461997403877660e+02
4.760000000000000000e+02 9.856658472978185159e+01
4.770000000000000000e+02 9.852554093150970971e+01
4.780000000000000000e+02 -4.866212984961553900e+01
4.790000000000000000e+02 1.461635319849281416e+02
4.800000000000000000e+02 1.357492744544618972e+02
4.810000000000000000e+02 1.337729722316701100e+02
4.820000000000000000e+02 1.206687287779348736e+02
4.830000000000000000e+02 1.509876430908170448e+02
4.840000000000000000e+02 1.496671267821830043e+02
4.850000000000000000e+02 -1.774328170114974341e+02
4.860000000000000000e+02 1.368606700592771119e+02
4.870000000000000000e+02 2.569942365396826744e-01
4.880000000000000000e+02 1.727577423770272844e+02
4.890000000000000000e+02 1.513535547502003453e+02
4.900000000000000000e+02 3.747837452141332193e+01
4.910000000000000000e+02 1.159822353018195855e+02
4.920000000000000000e+02 1.458322841698719117e+02
4.930000000000000000e+02 1.304745933640691078e+02
4.940000000000000000e+02 1.622965914058458452e+02
4.950000000000000000e+02 1.070499319920301957e+02
4.960000000000000000e+02 2.387712358857503716e+02
4.970000000000000000e+02 1.333707915653702969e+02
4.980000000000000000e+02 1.364458959726721332e+02
4.990000000000000000e+02 1.327922690819761158e+02
5.000000000000000000e+02 -4.849707253451228439e+01
5.010000000000000000e+02 1.238846806881395395e+02
5.020000000000000000e+02 1.720802775781509695e+02
5.030000000000000000e+02 1.975628063039642370e+02
5.040000000000000000e+02 1.381767390398305793e+02
5.050000000000000000e+02 1.590236084422853935e+02
5.060000000000000000e+02 1.313606295796318477e+02
5.070000000000000000e+02 1.444773652454612147e+02
5.080000000000000000e+02 1.576084301944631250e+02
5.090000000000000000e+02 1.492276576072645184e+02
5.100000000000000000e+02 9.289718345890426576e+01
5.110000000000000000e+02 1.241216470812762793e+02
5.120000000000000000e+02 1.028005141185306144e+02
5.130000000000000000e+02 1.333589625904131708e+02
5.140000000000000000e+02 -1.707678950057722034e+02
5.150000000000000000e+02 -7.104942391694933690e+00
5.160000000000000000e+02 1.000758903455374309e+02
5.170000000000000000e+02 1.195674380224105278e+02
5.180000000000000000e+02 5.665395431819185035e+01
5.190000000000000000e+02 1.035792790435467765e+02
5.200000000000000000e+02 -3.981130653974800993e+01
5.210000000000000000e+02 1.720554985434714723e+01
5.220000000000000000e+02 -4.095925165298315562e+01
5.230000000000000000e+02 1.092498592735018690e+02
5.240000000000000000e+02 6.256044195443563893e+01
5.250000000000000000e+02 -1.424981938873090392e+01
5.260000000000000000e+02 -9.099591325876431824e+00
5.270000000000000000e+02 7.377323904789051312e+01
5.280000000000000000e+02 2.241119093093257106e+02
5.290000000000000000e+02 1.922667558435043134e+02
5.300000000000000000e+02 -4.167618282957135989e+00
5.310000000000000000e+02 -1.755120158859072319e+02
5.320000000000000000e+02 5.831864184889250424e+01
5.330000000000000000e+02 -7.815753857219062795e+00
5.340000000000000000e+02 1.094455403963663400e+02
5.350000000000000000e+02 1.090082515219679067e+02
5.360000000000000000e+02 2.963560415867029008e+01
5.370000000000000000e+02 1.513112120607591748e+02
5.380000000000000000e+02 8.002873498223942761e+01
5.390000000000000000e+02 -1.508425310838289590e+02
5.400000000000000000e+02 2.704465735520535574e+01
5.410000000000000000e+02 -2.275618837081926813e+02
5.420000000000000000e+02 -2.516248209094891308e+01
5.430000000000000000e+02 2.377642286036118833e+02
5.440000000000000000e+02 -1.411050451897973517e+02
5.450000000000000000e+02 -8.082225900062064738e+01
5.460000000000000000e+02 1.029832812957885011e+02
5.470000000000000000e+02 9.217004601219142046e+01
5.480000000000000000e+02 -3.109166759298688021e+00
5.490000000000000000e+02 -9.871995170114885809e+00
5.500000000000000000e+02 -6.975097506102522971e+01
5.510000000000000000e+02 -5.161445353709042649e+01
5.520000000000000000e+02 -8.676843005590224323e+01
5.530000000000000000e+02 -4.057557555264076399e+01
5.540000000000000000e+02 -1.900872596078408705e+01
5.550000000000000000e+02 1.332828838406646099e+01
5.560000000000000000e+02 4.909473010020381167e+01
5.570000000000000000e+02 8.888160843659215971e+01
5.580000000000000000e+02 -2.476127565982071843e+01
5.590000000000000000e+02 9.949917619169490024e+01
5.600000000000000000e+02 8.991177965675787220e+01
5.610000000000000000e+02 -2.172246912923582585e+01
5.620000000000000000e+02 -8.162251339844195286e+01
5.630000000000000000e+02 -1.026117235028137742e+02
5.640000000000000000e+02 -1.162384139683559425e+02
5.650000000000000000e+02 1.112610748588212743e+02
5.660000000000000000e+02 -1.089118384134876152e+02
5.670000000000000000e+02 -1.229270046936043315e+02
5.680000000000000000e+02 3.038034191941167084e+00
5.690000000000000000e+02 9.610552935310786893e+01
5.700000000000000000e+02 1.164123455279908796e+02
5.710000000000000000e+02 -1.446520735198280931e+02
5.720000000000000000e+02 -1.757466353083318040e+02
5.730000000000000000e+02 1.450953601025190949e+02
5.740000000000000000e+02 -5.983417013304897125e+01
5.750000000000000000e+02 1.289227636560908365e+02
5.760000000000000000e+02 3.932152941770965526e-01
5.770000000000000000e+02 1.874769725048335545e+01
5.780000000000000000e+02 -1.218666885249933785e+01
5.790000000000000000e+02 1.433684022553259467e+02
5.800000000000000000e+02 1.468305340692587606e+02
5.810000000000000000e+02 1.243886941804193640e+02
5.820000000000000000e+02 1.154933203067661083e+02
5.830000000000000000e+02 1.182532462121188814e+02
5.840000000000000000e+02 1.370614705211671662e+02
5.850000000000000000e+02 1.164129630709995809e+02
5.860000000000000000e+02 3.368890495390354545e+01
5.870000000000000000e+02 1.296997308913784366e+02
5.880000000000000000e+02 -6.726077161084006661e+01
5.890000000000000000e+02 1.314732431101751047e+02
5.900000000000000000e+02 1.108240671315510184e+02
5.910000000000000000e+02 9.549116027625458969e+01
5.920000000000000000e+02 1.381343187069876990e+02
5.930000000000000000e+02 1.494792641136072859e+02
5.940000000000000000e+02 4.435663958580563815e+01
5.950000000000000000e+02 9.770448425354662447e+01
5.960000000000000000e+02 1.362918883360177631e+02
5.970000000000000000e+02 1.079364464856394079e+02
5.980000000000000000e+02 1.200379279780409689e+02
5.990000000000000000e+02 1.457873540451057011e+02
