0.000000000000000000e+00 -4.198212360823634270e+01
1.000000000000000000e+00 -2.568377847485750181e+02
2.000000000000000000e+00 -6.859159349177933791e+02
3.000000000000000000e+00 -1.193137143532508162e+03
4.000000000000000000e+00 -4.393947912915931511e+02
5.000000000000000000e+00 -2.678327439883962029e+02
6.000000000000000000e+00 -3.140420944399019163e+02
7.000000000000000000e+00 -2.410392486424242406e+02
8.000000000000000000e+00 -2.577953603393293065e+02
9.000000000000000000e+00 -2.573443676889177709e+02
1.000000000000000000e+01 -1.374134640057772572e+02
1.100000000000000000e+01 -1.049534182094969310e+02
1.200000000000000000e+01 4.013774010009214521e+01
1.300000000000000000e+01 -1.003986552894721740e+02
1.400000000000000000e+01 -1.987724621953296378e+02
1.500000000000000000e+01 -4.412661090996384416e+01
1.600000000000000000e+01 -2.043945949468550225e+02
1.700000000000000000e+01 -1.316205999697704101e+02
1.800000000000000000e+01 -1.914354368311223311e+02
1.900000000000000000e+01 -1.804426671365266657e+02
2.000000000000000000e+01 -3.084095313634131230e+02
2.100000000000000000e+01 -1.847459269816091023e+02
2.200000000000000000e+01 -2.246224591136370350e+02
2.300000000000000000e+01 -1.167929604645997301e+02
2.400000000000000000e+01 -1.619661439015965598e+01
2.500000000000000000e+01 -1.645533428381738474e+02
2.600000000000000000e+01 -3.516428724799754946e+01
2.700000000000000000e+01 1.665760535283657191e+02
2.800000000000000000e+01 -1.164920914563225551e+02
2.900000000000000000e+01 -2.080712974946916063e+02
3.000000000000000000e+01 -1.013193939896888054e+02
3.100000000000000000e+01 -1.782622053825332671e+02
3.200000000000000000e+01 -1.549771110474462148e+02
3.300000000000000000e+01 -1.832732349365609821e+02
3.400000000000000000e+01 -7.323867705427835517e+01
3.500000000000000000e+01 -2.224631755123829464e+02
3.600000000000000000e+01 -2.512867002254740783e+02
3.700000000000000000e+01 -7.301103432900089274e+01
3.800000000000000000e+01 -7.327865448733768972e+01
3.900000000000000000e+01 -1.355504288605705732e+01
4.000000000000000000e+01 5.016233029443901703e-01
4.100000000000000000e+01 -2.083451712934978417e+01
4.200000000000000000e+01 -6.857227339619412021e+01
4.300000000000000000e+01 -1.476309768283366282e+02
4.400000000000000000e+01 -2.285023345142381004e+02
4.500000000000000000e+01 -1.507853040184309350e+02
4.600000000000000000e+01 -1.732130438374821892e+02
4.700000000000000000e+01 -9.517009625549727048e+01
4.800000000000000000e+01 -8.399329580308578613e+01
4.900000000000000000e+01 -7.023368032759478297e+01
5.000000000000000000e+01 -1.070174045310055959e+02
5.100000000000000000e+01 -3.083209545426627685e+01
5.200000000000000000e+01 -1.249503134268729667e+02
5.300000000000000000e+01 -9.839241660638334963e+01
5.400000000000000000e+01 -7.055966153528787288e+01
5.500000000000000000e+01 -4.684577291885638317e+01
5.600000000000000000e+01 -1.695660098297377374e+02
5.700000000000000000e+01 -6.559823937607171729e+01
5.800000000000000000e+01 1.239557029679106037e+01
5.900000000000000000e+01 -3.192330844577879745e+01
6.000000000000000000e+01 -8.647376346297168936e+01
6.100000000000000000e+01 -7.053135342360181426e+01
6.200000000000000000e+01 -2.914992124284080788e+01
6.300000000000000000e+01 -4.972301542166463406e+01
6.400000000000000000e+01 -2.330023830887899905e+01
6.500000000000000000e+01 -3.640302292264553330e+01
6.600000000000000000e+01 -3.645793930725258036e+01
6.700000000000000000e+01 9.780741913108327523e+00
6.800000000000000000e+01 -9.325827131976181761e+01
6.900000000000000000e+01 -2.079883064359287914e+02
7.000000000000000000e+01 -1.494282431660771522e+02
7.100000000000000000e+01 -1.542922535449123416e+02
7.200000000000000000e+01 -7.222727453493757821e+01
7.300000000000000000e+01 -5.951844598544854392e+01
7.400000000000000000e+01 -2.518701739738748984e+02
7.500000000000000000e+01 -1.630643850795530909e+02
7.600000000000000000e+01 -2.176850855403284015e+02
7.700000000000000000e+01 -1.839622371211004861e+02
7.800000000000000000e+01 -1.184327869791477923e+02
7.900000000000000000e+01 -1.840435527564980021e+02
8.000000000000000000e+01 -1.087924504652002895e+02
8.100000000000000000e+01 -4.742393350666515062e+01
8.200000000000000000e+01 -1.426133579277656054e+02
8.300000000000000000e+01 -1.296683588296745882e+02
8.400000000000000000e+01 -5.770009171308977614e+01
8.500000000000000000e+01 -6.707857294190290531e+01
8.600000000000000000e+01 -2.410501111745427494e+01
8.700000000000000000e+01 2.168563175975789079e+02
8.800000000000000000e+01 4.810028962549702669e+01
8.900000000000000000e+01 -9.284624507648501890e+01
9.000000000000000000e+01 1.243786784393991951e+02
9.100000000000000000e+01 2.142931220780715762e+02
9.200000000000000000e+01 -5.407017880065640725e+01
9.300000000000000000e+01 -1.863381416086583613e+02
9.400000000000000000e+01 -6.879229839969723059e+01
9.500000000000000000e+01 -5.079089157614929917e+01
9.600000000000000000e+01 -7.365746303189978050e+01
9.700000000000000000e+01 -2.580565027677135959e+01
9.800000000000000000e+01 2.195813703412036944e+02
9.900000000000000000e+01 -2.091006831634510377e+01
1.000000000000000000e+02 -1.192795404278353288e+02
1.010000000000000000e+02 -1.286590718159342259e+02
1.020000000000000000e+02 -1.874193422675496095e+02
1.030000000000000000e+02 -2.258793507960652960e+02
1.040000000000000000e+02 -9.865535168680806066e+01
1.050000000000000000e+02 -9.741458808528760471e+01
1.060000000000000000e+02 -1.413740935484507588e+02
1.070000000000000000e+02 1.368909400276340875e+02
1.080000000000000000e+02 -5.810541088861335624e+01
1.090000000000000000e+02 -1.530543219918564262e+02
1.100000000000000000e+02 -7.299832173240889688e+01
1.110000000000000000e+02 -6.412443355985676874e+01
1.120000000000000000e+02 -4.390968308111175133e+01
1.130000000000000000e+02 -1.439459738803562345e+02
1.140000000000000000e+02 -1.578088337756536674e+01
1.150000000000000000e+02 -4.056192926703098323e+01
1.160000000000000000e+02 -2.999373490358935967e+01
1.170000000000000000e+02 -4.775935701147289159e+00
1.180000000000000000e+02 -5.083675385981561590e+01
1.190000000000000000e+02 -2.578678852589109738e+01
1.200000000000000000e+02 -5.698811430941482570e+01
1.210000000000000000e+02 -1.813420500520024348e+01
1.220000000000000000e+02 -5.928192247836153683e+01
1.230000000000000000e+02 -6.925246552837421632e+01
1.240000000000000000e+02 -1.301969901780785221e+01
1.250000000000000000e+02 -8.302815543624812733e+01
1.260000000000000000e+02 -1.827617510333220352e+01
1.270000000000000000e+02 -3.401833538903711940e+01
1.280000000000000000e+02 -4.164306231437103989e+00
1.290000000000000000e+02 2.265271001826997477e+00
1.300000000000000000e+02 -2.412266837393044483e+01
1.310000000000000000e+02 3.071553814477174349e+00
1.320000000000000000e+02 -1.445981112817358039e+01
1.330000000000000000e+02 -1.662914589233068696e+01
1.340000000000000000e+02 -6.581457202172900622e+01
1.350000000000000000e+02 -3.967515044751236530e+01
1.360000000000000000e+02 -3.345586527013502831e+01
1.370000000000000000e+02 -4.499060713429729930e+01
1.380000000000000000e+02 4.382968361546019764e+00
1.390000000000000000e+02 -1.100542376068495685e+02
1.400000000000000000e+02 -6.245842383319987334e+01
1.410000000000000000e+02 -5.700904873125951156e+01
1.420000000000000000e+02 1.499468042741056095e+01
1.430000000000000000e+02 -7.551589068951639661e+01
1.440000000000000000e+02 -6.139077190344067958e+01
1.450000000000000000e+02 -1.649288581589366132e+01
1.460000000000000000e+02 1.173424158437218523e+01
1.470000000000000000e+02 -5.733150649083968631e+01
1.480000000000000000e+02 -1.193447501286760968e+02
1.490000000000000000e+02 -1.357148090565556515e+02
1.500000000000000000e+02 -7.555213567221673543e+01
1.510000000000000000e+02 -2.884321729928745981e+01
1.520000000000000000e+02 -3.241263621043021459e+01
1.530000000000000000e+02 -3.435009253030548138e+01
1.540000000000000000e+02 -7.286129236504467599e+01
1.550000000000000000e+02 -3.470393540167373203e+01
1.560000000000000000e+02 2.384064267862782138e+00
1.570000000000000000e+02 -3.138085376186018394e+01
1.580000000000000000e+02 -6.999011071121614691e+01
1.590000000000000000e+02 -8.658850646415667995e+01
1.600000000000000000e+02 -1.152792987651701218e+01
1.610000000000000000e+02 -3.437497544109626801e+01
1.620000000000000000e+02 -6.590150955246043907e+01
1.630000000000000000e+02 -4.022118272851930243e+00
1.640000000000000000e+02 1.125695487715282894e+02
1.650000000000000000e+02 -9.581111351192456382e+00
1.660000000000000000e+02 -4.628893389750933807e+01
1.670000000000000000e+02 -6.893999403126566961e+01
1.680000000000000000e+02 -2.887323763758004702e+01
1.690000000000000000e+02 -1.656364048708274028e+00
1.700000000000000000e+02 -2.614511992016279152e+01
1.710000000000000000e+02 2.245858796611635455e+00
1.720000000000000000e+02 -2.475687373152124948e+00
1.730000000000000000e+02 -6.491838817464564038e+00
1.740000000000000000e+02 -4.304417829544779295e+01
1.750000000000000000e+02 -3.343445877011932765e+01
1.760000000000000000e+02 -1.098210083193936093e+01
1.770000000000000000e+02 -2.430967510309842261e+00
1.780000000000000000e+02 -5.035701854550239887e+00
1.790000000000000000e+02 2.562769534548085630e+02
1.800000000000000000e+02 1.362613337777538902e+02
1.810000000000000000e+02 2.640166683373679462e+02
1.820000000000000000e+02 2.502239044826296777e+02
1.830000000000000000e+02 9.657892656848403590e+00
1.840000000000000000e+02 -6.405741353089155155e+01
1.850000000000000000e+02 1.631325373618498134e+02
1.860000000000000000e+02 -6.453239077424892400e+01
1.870000000000000000e+02 1.492461021259960035e+02
1.880000000000000000e+02 8.994261203365823576e+00
1.890000000000000000e+02 1.418328438526992308e-01
1.900000000000000000e+02 -1.258814439706875632e+01
1.910000000000000000e+02 -4.037233877178288566e+01
1.920000000000000000e+02 1.751986575883013018e+02
1.930000000000000000e+02 -2.776053342455861994e+01
1.940000000000000000e+02 -4.496580931844754048e+00
1.950000000000000000e+02 -4.925242122669540379e+01
1.960000000000000000e+02 -4.945266064041395282e+01
1.970000000000000000e+02 -1.304387412075536368e+01
1.980000000000000000e+02 -1.149775588678028804e+01
1.990000000000000000e+02 1.078065322828480106e+02
2.000000000000000000e+02 2.692335570557062852e+02
2.010000000000000000e+02 1.934288923150631376e+02
2.020000000000000000e+02 1.240847153520370227e+02
2.030000000000000000e+02 1.993835410446054652e+02
2.040000000000000000e+02 1.462596415122728821e+01
2.050000000000000000e+02 2.180454017952222898e+02
2.060000000000000000e+02 8.226218174831805641e+01
2.070000000000000000e+02 1.148698154203010660e+02
2.080000000000000000e+02 1.057428772871707423e+02
2.090000000000000000e+02 1.033690317215258005e+02
2.100000000000000000e+02 1.256716692481090547e+02
2.110000000000000000e+02 1.155522791615065472e+02
2.120000000000000000e+02 1.154800788099815065e+02
2.130000000000000000e+02 7.605559839336730477e+01
2.140000000000000000e+02 2.416430651000306113e+02
2.150000000000000000e+02 -2.006460868590126267e+01
2.160000000000000000e+02 2.289061825302752311e+02
2.170000000000000000e+02 1.034715030284151709e+02
2.180000000000000000e+02 -8.618132551508814743e+01
2.190000000000000000e+02 3.356494635663740667e+01
2.200000000000000000e+02 6.690417062942117354e+01
2.210000000000000000e+02 -1.314368923132735922e+01
2.220000000000000000e+02 -4.192020319537043349e+01
2.230000000000000000e+02 6.934656981170780909e+01
2.240000000000000000e+02 2.179149137749173519e+02
2.250000000000000000e+02 9.864229842582908248e+01
2.260000000000000000e+02 -9.252101575177005088e+01
2.270000000000000000e+02 -6.057095298045685183e+01
2.280000000000000000e+02 1.591418187249158933e+01
2.290000000000000000e+02 1.352002408489994423e+02
2.300000000000000000e+02 1.338826641363473300e+02
2.310000000000000000e+02 1.020657373847284077e+02
2.320000000000000000e+02 1.058083160280581581e+02
2.330000000000000000e+02 -4.684539022776099415e+01
2.340000000000000000e+02 1.162859058504361940e+02
2.350000000000000000e+02 -4.780740703125456292e+01
2.360000000000000000e+02 1.149392738772682350e+02
2.370000000000000000e+02 1.117322856462163827e+02
2.380000000000000000e+02 5.490851164101621151e+01
2.390000000000000000e+02 8.339965820506850491e+01
2.400000000000000000e+02 7.611406266235768214e+01
2.410000000000000000e+02 1.029300505825171257e+02
2.420000000000000000e+02 1.070622188224122482e+02
2.430000000000000000e+02 1.079107166699568836e+02
2.440000000000000000e+02 8.019841300972171894e+01
2.450000000000000000e+02 1.142189221316791361e+02
2.460000000000000000e+02 1.081637837890036735e+02
2.470000000000000000e+02 1.264536571897885295e+02
2.480000000000000000e+02 1.293049048121918645e+02
2.490000000000000000e+02 1.518809024333696129e+02
2.500000000000000000e+02 1.439517739082148182e+02
2.510000000000000000e+02 1.040003917213575590e+02
2.520000000000000000e+02 1.109512296693686864e+02
2.530000000000000000e+02 1.155668720352785215e+02
2.540000000000000000e+02 1.263891065052883818e+02
2.550000000000000000e+02 9.329047893034434935e+01
2.560000000000000000e+02 1.055407791430178861e+02
2.570000000000000000e+02 1.492790195331759548e+02
2.580000000000000000e+02 1.617889439043944151e+02
2.590000000000000000e+02 9.876727587998307456e+01
2.600000000000000000e+02 1.359706509368455727e+02
2.610000000000000000e+02 1.377439742294623386e+02
2.620000000000000000e+02 1.343981754119176060e+02
2.630000000000000000e+02 1.494720254202601950e+02
2.640000000000000000e+02 2.136399639761031608e+02
2.650000000000000000e+02 4.281162000609884899e+01
2.660000000000000000e+02 1.477604470583075624e+02
2.670000000000000000e+02 2.070627996713967605e+02
2.680000000000000000e+02 6.170205487419011092e+00
2.690000000000000000e+02 9.402964745134445934e+01
2.700000000000000000e+02 1.139861227344575951e+02
2.710000000000000000e+02 8.554816932163072352e+01
2.720000000000000000e+02 -2.020939012702984172e+01
2.730000000000000000e+02 6.419601673366888406e+01
2.740000000000000000e+02 6.356378600971950021e+01
2.750000000000000000e+02 3.583809517707317127e+01
2.760000000000000000e+02 5.692023650426999382e+01
2.770000000000000000e+02 1.007060449831817408e+02
2.780000000000000000e+02 6.428351570186607944e+01
2.790000000000000000e+02 1.397775276686489576e+02
2.800000000000000000e+02 7.669481078233519611e+01
2.810000000000000000e+02 1.090050300323003682e+02
2.820000000000000000e+02 9.121836119542743404e+01
2.830000000000000000e+02 1.376765295631810773e+02
2.840000000000000000e+02 -3.631878608457734714e+01
2.850000000000000000e+02 1.332936219469612809e+02
2.860000000000000000e+02 1.105641328972690900e+02
2.870000000000000000e+02 8.798706724224764741e+01
2.880000000000000000e+02 1.062116121257660950e+02
2.890000000000000000e+02 1.523007549636288331e+02
2.900000000000000000e+02 9.428505160810439634e+01
2.910000000000000000e+02 1.228338750745004830e+02
2.920000000000000000e+02 1.280213581263357696e+02
2.930000000000000000e+02 1.369351453498659055e+02
2.940000000000000000e+02 6.363870653801797062e+01
2.950000000000000000e+02 1.467774973279266533e+02
2.960000000000000000e+02 1.689384819724564011e+02
2.970000000000000000e+02 6.167079060144249780e+01
2.980000000000000000e+02 1.041587278703790105e+02
2.990000000000000000e+02 1.457957559619616745e+02
3.000000000000000000e+02 3.221487497260275745e+01
3.010000000000000000e+02 1.235890802683601351e+02
3.020000000000000000e+02 6.171151729355492677e+01
3.030000000000000000e+02 1.981407933284824594e+02
3.040000000000000000e+02 9.755580845536080403e+01
3.050000000000000000e+02 6.741895033555343275e+01
3.060000000000000000e+02 -9.715715593034984465e+01
3.070000000000000000e+02 1.150636560306767677e+02
3.080000000000000000e+02 1.484331326303533842e+02
3.090000000000000000e+02 1.204627934103790352e+02
3.100000000000000000e+02 1.032357264633737088e+02
3.110000000000000000e+02 9.463270721378961525e+01
3.120000000000000000e+02 1.462461451044569571e+02
3.130000000000000000e+02 -7.113011923242781620e+01
3.140000000000000000e+02 1.556939919805323314e+02
3.150000000000000000e+02 9.448666795489228321e+01
3.160000000000000000e+02 1.347489924790368150e+02
3.170000000000000000e+02 1.548539100849247347e+02
3.180000000000000000e+02 1.139370090652602556e+02
3.190000000000000000e+02 1.506064388591378815e+02
3.200000000000000000e+02 1.018246768919524925e+02
3.210000000000000000e+02 1.485826838266762309e+02
3.220000000000000000e+02 1.366711083962365478e+02
3.230000000000000000e+02 1.203924729773574711e+02
3.240000000000000000e+02 1.028668210590929135e+02
3.250000000000000000e+02 1.240287974492562313e+02
3.260000000000000000e+02 1.075075452301288692e+02
3.270000000000000000e+02 -9.950295092780878292e+01
3.280000000000000000e+02 1.675444274003550618e+02
3.290000000000000000e+02 3.662588790833181918e+01
3.300000000000000000e+02 1.076437032748149392e+02
3.310000000000000000e+02 1.516771615355666825e+02
3.320000000000000000e+02 4.968219804389884331e+01
3.330000000000000000e+02 1.483276016840502791e+02
3.340000000000000000e+02 -9.276749193908023017e+01
3.350000000000000000e+02 1.098851384305405503e+02
3.360000000000000000e+02 1.285748160597592573e+02
3.370000000000000000e+02 1.078826961814847181e+02
3.380000000000000000e+02 1.169326841008969211e+02
3.390000000000000000e+02 8.540828582994704732e+01
3.400000000000000000e+02 6.250546859229046959e+01
3.410000000000000000e+02 1.272421056273692983e+02
3.420000000000000000e+02 1.354347222831651152e+02
3.430000000000000000e+02 1.246152877955732095e+02
3.440000000000000000e+02 7.386205932479325043e+01
3.450000000000000000e+02 8.279390160228837203e+01
3.460000000000000000e+02 1.329821449060301575e+02
3.470000000000000000e+02 1.697798167942620466e+02
3.480000000000000000e+02 8.147145683211620337e+01
3.490000000000000000e+02 1.735296803437671187e+01
3.500000000000000000e+02 1.077632458530634665e+02
3.510000000000000000e+02 1.345276603965104414e+02
3.520000000000000000e+02 1.273207350450162352e+02
3.530000000000000000e+02 1.346097781844056556e+02
3.540000000000000000e+02 1.187091126790733853e+02
3.550000000000000000e+02 1.498307143640320476e+02
3.560000000000000000e+02 1.446980994899793700e+02
3.570000000000000000e+02 1.337840264531680816e+02
3.580000000000000000e+02 1.471448391728134482e+02
3.590000000000000000e+02 1.388915036761328565e+02
3.600000000000000000e+02 1.411569818678529487e+02
3.610000000000000000e+02 1.539639319090431968e+02
3.620000000000000000e+02 6.749476327520977748e+01
3.630000000000000000e+02 1.027257763707947475e+02
3.640000000000000000e+02 9.872325104359300951e+01
3.650000000000000000e+02 -1.550305385989657907e+02
3.660000000000000000e+02 1.263315290992530606e+02
3.670000000000000000e+02 1.318078016186113928e+02
3.680000000000000000e+02 1.291770331096489883e+02
3.690000000000000000e+02 1.074783149648450404e+02
3.700000000000000000e+02 1.346751234602983232e+02
3.710000000000000000e+02 1.775658936083863182e+02
3.720000000000000000e+02 5.265464380917282483e+01
3.730000000000000000e+02 9.836689755621256381e+01
3.740000000000000000e+02 1.448853337491984803e+02
3.750000000000000000e+02 1.257798104963255810e+02
3.760000000000000000e+02 3.187011764597891261e+00
3.770000000000000000e+02 1.322515520438022065e+02
3.780000000000000000e+02 -2.660429629287745001e+01
3.790000000000000000e+02 1.337959854482523383e+02
3.800000000000000000e+02 6.743686187063019588e+01
3.810000000000000000e+02 1.347825630207561858e+02
3.820000000000000000e+02 1.004522753249210467e+02
3.830000000000000000e+02 1.594296099203382369e+02
3.840000000000000000e+02 1.121455608869525093e+02
3.850000000000000000e+02 1.457468267282930299e+02
3.860000000000000000e+02 -1.047881540047061293e+02
3.870000000000000000e+02 1.356799469667755602e+02
3.880000000000000000e+02 8.028271520237034053e+01
3.890000000000000000e+02 1.190886509251995591e+02
3.900000000000000000e+02 1.156658402324617327e+02
3.910000000000000000e+02 1.510334905013472167e+02
3.920000000000000000e+02 1.513994561942641894e+02
3.930000000000000000e+02 1.419750686563706665e+02
3.940000000000000000e+02 1.200902260489260271e+02
3.950000000000000000e+02 1.405214189708372317e+02
3.960000000000000000e+02 1.446362269494025270e+02
3.970000000000000000e+02 1.620619203973569427e+02
3.980000000000000000e+02 1.182839569745337371e+02
3.990000000000000000e+02 1.480374301115621449e+02
4.000000000000000000e+02 1.048800503267127908e+02
4.010000000000000000e+02 1.350593054306546037e+02
4.020000000000000000e+02 1.188140582485913939e+02
4.030000000000000000e+02 1.284426001363173384e+02
4.040000000000000000e+02 1.234677976497431615e+02
4.050000000000000000e+02 1.142476742029822532e+02
4.060000000000000000e+02 9.050575693260933008e+01
4.070000000000000000e+02 1.403623887116025060e+02
4.080000000000000000e+02 1.321453306106353693e+02
4.090000000000000000e+02 7.445731910283109301e+01
4.100000000000000000e+02 1.120235393898472154e+02
4.110000000000000000e+02 1.312883557670899393e+02
4.120000000000000000e+02 -8.718407889118466869e+01
4.130000000000000000e+02 9.863509958510434217e+01
4.140000000000000000e+02 1.135342111202253790e+02
4.150000000000000000e+02 6.190521994803805228e+01
4.160000000000000000e+02 1.174910451874941089e+02
4.170000000000000000e+02 7.029806792775224267e+01
4.180000000000000000e+02 1.554342294364516874e+02
4.190000000000000000e+02 3.257161107786050991e+01
4.200000000000000000e+02 1.485049088350333761e+02
4.210000000000000000e+02 1.343733051017502476e+02
4.220000000000000000e+02 1.784901050731970145e+02
4.230000000000000000e+02 -1.102419093324862160e+02
4.240000000000000000e+02 1.383332116557518248e+02
4.250000000000000000e+02 1.618566846237601737e+02
4.260000000000000000e+02 3.717720282643687568e+01
4.270000000000000000e+02 1.551537147033206736e+02
4.280000000000000000e+02 1.464798885792594945e+02
4.290000000000000000e+02 1.616628671972255233e+02
4.300000000000000000e+02 1.728261589103065319e+02
4.310000000000000000e+02 1.528565747014249609e+02
4.320000000000000000e+02 6.931517382554005735e+01
4.330000000000000000e+02 1.211900252487866538e+02
4.340000000000000000e+02 1.192159188569711290e+02
4.350000000000000000e+02 1.447341217448501141e+02
4.360000000000000000e+02 1.223663435145046918e+02
4.370000000000000000e+02 1.215827982505107201e+02
4.380000000000000000e+02 1.691739765217169804e+02
4.390000000000000000e+02 1.883762414446599394e+02
4.400000000000000000e+02 1.115180100913197521e+02
4.410000000000000000e+02 1.567023620094634850e+02
4.420000000000000000e+02 1.520373742756595163e+02
4.430000000000000000e+02 1.347745227718068008e+02
4.440000000000000000e+02 5.632482564530057800e+01
4.450000000000000000e+02 1.494502069308744296e+02
4.460000000000000000e+02 -2.529400772060549230e+01
4.470000000000000000e+02 1.228991689933430109e+01
4.480000000000000000e+02 1.311297301056532376e+02
4.490000000000000000e+02 7.715890346468690097e+01
4.500000000000000000e+02 1.215326256427703129e+02
4.510000000000000000e+02 1.396440630605191018e+02
4.520000000000000000e+02 5.951659527555636942e+01
4.530000000000000000e+02 1.340603766470327862e+01
4.540000000000000000e+02 -5.067298462344168541e+01
4.550000000000000000e+02 9.044050648179886309e+01
4.560000000000000000e+02 -3.412726036212047376e+01
4.570000000000000000e+02 -8.865634267537774349e+01
4.580000000000000000e+02 7.439510468885164585e+01
4.590000000000000000e+02 8.688727084886903640e+01
4.600000000000000000e+02 6.619202069269513800e+01
4.610000000000000000e+02 1.381349908963052258e+02
4.620000000000000000e+02 7.417868376234187622e+01
4.630000000000000000e+02 9.375832101878401659e+01
4.640000000000000000e+02 1.301435031730958372e+02
4.650000000000000000e+02 2.914830582004054804e+01
4.660000000000000000e+02 1.657677378205977448e+02
4.670000000000000000e+02 1.018420860727737534e+02
4.680000000000000000e+02 1.413816737396500116e+02
4.690000000000000000e+02 1.383290153299642498e+02
4.700000000000000000e+02 9.532455313072148329e+01
4.710000000000000000e+02 -6.723998613471830765e+01
4.720000000000000000e+02 1.290471471363467799e+02
4.730000000000000000e+02 1.164467239793666522e+02
4.740000000000000000e+02 1.588239882955477924e+02
4.750000000000000000e+02 1.378322267433056822e+02
4.760000000000000000e+02 1.404823944192979184e+02
4.770000000000000000e+02 -7.629093162353422031e+01
4.780000000000000000e+02 1.426849541642146164e+02
4.790000000000000000e+02 1.400806069595286942e+02
4.800000000000000000e+02 1.177809234532157348e+02
4.810000000000000000e+02 1.189914721339890491e+02
4.820000000000000000e+02 1.256114408287101014e+02
4.830000000000000000e+02 1.238962935666506837e+02
4.840000000000000000e+02 1.346276299017794713e+02
4.850000000000000000e+02 1.504895687885789073e+02
4.860000000000000000e+02 1.410772851751215171e+02
4.870000000000000000e+02 1.191147382411411257e+02
4.880000000000000000e+02 1.244187508507663864e+02
4.890000000000000000e+02 1.429873240604305238e+02
4.900000000000000000e+02 1.432300556812280092e+02
4.910000000000000000e+02 1.437453331165562247e+02
4.920000000000000000e+02 1.167143710561234542e+02
4.930000000000000000e+02 1.285691235248082194e+02
4.940000000000000000e+02 1.579103005253246863e+02
4.950000000000000000e+02 1.040963341601571699e+02
4.960000000000000000e+02 1.324166571805278636e+02
4.970000000000000000e+02 1.381857378654166837e+02
4.980000000000000000e+02 1.425503515372913910e+02
4.990000000000000000e+02 1.265246515540301999e+02
5.000000000000000000e+02 1.208603574210358857e+02
5.010000000000000000e+02 1.340358740622939422e+02
5.020000000000000000e+02 1.047527000735344700e+02
5.030000000000000000e+02 1.297438958463456515e+01
5.040000000000000000e+02 1.219705219400825342e+02
5.050000000000000000e+02 1.458559314494055457e+02
5.060000000000000000e+02 7.011221054209471504e+01
5.070000000000000000e+02 1.312806053092614036e+02
5.080000000000000000e+02 1.590032281119221977e+02
5.090000000000000000e+02 1.301245014131115454e+02
5.100000000000000000e+02 -1.087032534944099069e+02
5.110000000000000000e+02 -2.908919807833785853e+01
5.120000000000000000e+02 1.309002476191119513e+02
5.130000000000000000e+02 1.202310715183967602e+02
5.140000000000000000e+02 1.254389838817151457e+02
5.150000000000000000e+02 8.651973794557915198e+01
5.160000000000000000e+02 2.402493516297595022e+01
5.170000000000000000e+02 1.386829737386351837e+02
5.180000000000000000e+02 1.448908177177998198e+02
5.190000000000000000e+02 -7.356427359689752166e+01
5.200000000000000000e+02 1.213114393783356348e+02
5.210000000000000000e+02 9.814170967315273231e+01
5.220000000000000000e+02 -3.857842696134625982e+01
5.230000000000000000e+02 1.297722664840653692e+02
5.240000000000000000e+02 1.298105225798482252e+02
5.250000000000000000e+02 1.414997175152266493e+02
5.260000000000000000e+02 1.203959910029419689e+02
5.270000000000000000e+02 1.683248428111483008e+02
5.280000000000000000e+02 1.554051394431250230e+02
5.290000000000000000e+02 -1.394400497045828402e+01
5.300000000000000000e+02 1.703347535191867053e+02
5.310000000000000000e+02 1.497770423728262301e+02
5.320000000000000000e+02 3.656391009987855512e+01
5.330000000000000000e+02 5.310062302177075111e+01
5.340000000000000000e+02 1.262556446551085010e+00
5.350000000000000000e+02 1.236538097522976187e+02
5.360000000000000000e+02 9.869170688131077895e+01
5.370000000000000000e+02 1.419884890799376649e+02
5.380000000000000000e+02 1.345845866130979971e+02
5.390000000000000000e+02 9.293428196893547266e+00
5.400000000000000000e+02 1.194850350420732639e+02
5.410000000000000000e+02 -1.843105772668953364e+02
5.420000000000000000e+02 1.329642659460184859e+02
5.430000000000000000e+02 9.032119496055632624e+01
5.440000000000000000e+02 9.432719570626132111e+01
5.450000000000000000e+02 9.317912102213313119e+01
5.460000000000000000e+02 1.414325021712695332e+02
5.470000000000000000e+02 1.580611498216071880e+02
5.480000000000000000e+02 9.800469551758871489e+01
5.490000000000000000e+02 8.503909707782293026e+01
5.500000000000000000e+02 1.089267872520113514e+02
5.510000000000000000e+02 1.598264609273064991e+02
5.520000000000000000e+02 1.223110488528110267e+02
5.530000000000000000e+02 1.217309616729781396e+02
5.540000000000000000e+02 1.419440154216063945e+02
5.550000000000000000e+02 1.042677764354073560e+02
5.560000000000000000e+02 1.189343582874578260e+02
5.570000000000000000e+02 1.432209211659449011e+02
5.580000000000000000e+02 9.752874286354575872e+01
5.590000000000000000e+02 1.168148792427096794e+02
5.600000000000000000e+02 1.170996768268586408e+02
5.610000000000000000e+02 1.500997562594732813e+02
5.620000000000000000e+02 1.332436265440481975e+02
5.630000000000000000e+02 1.383930346980635875e+02
5.640000000000000000e+02 1.223827508086602762e+02
5.650000000000000000e+02 1.492093134139581707e+02
5.660000000000000000e+02 2.967166345929954474e+01
5.670000000000000000e+02 1.058739449110191373e+02
5.680000000000000000e+02 -2.053833778277395794e+01
5.690000000000000000e+02 1.603481930754881830e+02
5.700000000000000000e+02 -2.338195321173522956e+01
5.710000000000000000e+02 1.243061328250669675e+02
5.720000000000000000e+02 1.710709193299882713e+02
5.730000000000000000e+02 1.222961835890063753e+02
5.740000000000000000e+02 1.294197686897782944e+02
5.750000000000000000e+02 1.691947455019708570e+02
5.760000000000000000e+02 1.566001410541856274e+02
5.770000000000000000e+02 1.664887744215339467e+02
5.780000000000000000e+02 1.529875360484012390e+02
5.790000000000000000e+02 1.032214091086149921e+02
5.800000000000000000e+02 1.135859528861021062e+02
5.810000000000000000e+02 -4.163509416243874739e+01
5.820000000000000000e+02 1.277880734344905278e+02
5.830000000000000000e+02 1.425838321518780845e+02
5.840000000000000000e+02 1.432127098495176085e+02
5.850000000000000000e+02 1.535639360185993496e+02
5.860000000000000000e+02 1.461956148111467826e+02
5.870000000000000000e+02 1.468740858488209255e+02
5.880000000000000000e+02 5.727381036561443750e+01
5.890000000000000000e+02 4.340434608224035173e+01
5.900000000000000000e+02 1.432051242693501933e+02
5.910000000000000000e+02 -8.460968114217342873e+01
5.920000000000000000e+02 1.401647718233683690e+02
5.930000000000000000e+02 9.968206824834341262e+01
5.940000000000000000e+02 1.763223685371402780e+02
5.950000000000000000e+02 1.258227442129201989e+02
5.960000000000000000e+02 1.242330222034447900e+02
5.970000000000000000e+02 -9.699563236916506526e+01
5.980000000000000000e+02 1.320612959639763062e+02
5.990000000000000000e+02 1.530484602233101157e+02
