0.000000000000000000e+00 2.069031673751465239e-01
1.000000000000000000e+00 5.590386859986974377e-01
2.000000000000000000e+00 2.803696939500711638e-01
3.000000000000000000e+00 5.081943010091781732e-01
4.000000000000000000e+00 4.308272401491801129e-01
5.000000000000000000e+00 5.044610686060311266e-01
6.000000000000000000e+00 5.181159841162817914e-01
7.000000000000000000e+00 5.301328205514228564e-01
8.000000000000000000e+00 2.878220876057942523e-01
9.000000000000000000e+00 1.560790061351211566e-01
1.000000000000000000e+01 5.096841707479122380e-02
1.100000000000000000e+01 5.118254846648166018e-02
1.200000000000000000e+01 5.597743600069939734e-02
1.300000000000000000e+01 6.083557310680679647e-02
1.400000000000000000e+01 6.497972491771390746e-02
1.500000000000000000e+01 5.331592524602805222e-02
1.600000000000000000e+01 6.089383321748653016e-02
1.700000000000000000e+01 6.206644813716411663e-02
1.800000000000000000e+01 1.478734862278489604e-01
1.900000000000000000e+01 2.349676913490482411e-01
2.000000000000000000e+01 5.144590245637935544e-01
2.100000000000000000e+01 6.243884162824662187e-01
2.200000000000000000e+01 2.348894508776072920e-01
2.300000000000000000e+01 8.662967967235447875e-02
2.400000000000000000e+01 1.616633920781314349e-01
2.500000000000000000e+01 2.779895937518436777e-01
2.600000000000000000e+01 3.568856257798099230e-01
2.700000000000000000e+01 2.801415169009973671e-01
2.800000000000000000e+01 5.074510766267776862e-01
2.900000000000000000e+01 4.250227357102494552e-01
3.000000000000000000e+01 3.118292561803872598e-01
3.100000000000000000e+01 3.901317257863970989e-01
3.200000000000000000e+01 2.831067565811394293e-01
3.300000000000000000e+01 3.336116371306147022e-01
3.400000000000000000e+01 3.112816737534908063e-01
3.500000000000000000e+01 3.163037248048352623e-01
3.600000000000000000e+01 2.268460636405177089e-01
3.700000000000000000e+01 2.374563352171197017e-01
3.800000000000000000e+01 3.096090373628347936e-01
3.900000000000000000e+01 1.288395673111080997e-01
4.000000000000000000e+01 4.975462716966867482e-01
4.100000000000000000e+01 6.020350781083106950e-01
4.200000000000000000e+01 6.342810744121670785e-01
4.300000000000000000e+01 6.800261344537138486e-01
4.400000000000000000e+01 4.861742563526019190e-01
4.500000000000000000e+01 5.255076456687426401e-01
4.600000000000000000e+01 4.070053169192456854e-01
4.700000000000000000e+01 4.990287400372326321e-01
4.800000000000000000e+01 2.442383066713809947e-01
4.900000000000000000e+01 4.065788679979741582e-01
5.000000000000000000e+01 3.176608561538160069e-01
5.100000000000000000e+01 3.552097392119467067e-01
5.200000000000000000e+01 3.661494966484606373e-01
5.300000000000000000e+01 3.117546471320092882e-01
5.400000000000000000e+01 3.295685023739933772e-01
5.500000000000000000e+01 4.441777126379310991e-01
5.600000000000000000e+01 5.276907726299543411e-01
5.700000000000000000e+01 6.515151338055730212e-01
5.800000000000000000e+01 5.220009751617908922e-01
5.900000000000000000e+01 5.104445006251334682e-01
6.000000000000000000e+01 3.170206202827394182e-01
6.100000000000000000e+01 2.566786839440464707e-01
6.200000000000000000e+01 4.636050490662455559e-01
6.300000000000000000e+01 4.729730395898222861e-01
6.400000000000000000e+01 4.148171081691980344e-01
6.500000000000000000e+01 2.364864440076053231e-01
6.600000000000000000e+01 3.176797862835228359e-01
6.700000000000000000e+01 1.756156171262264198e-01
6.800000000000000000e+01 3.373795651793479733e-01
6.900000000000000000e+01 3.389757655339834530e-01
7.000000000000000000e+01 2.258160972496034979e-01
7.100000000000000000e+01 2.940185142797417939e-01
7.200000000000000000e+01 4.152229895745528365e-01
7.300000000000000000e+01 2.122334723919629962e-01
7.400000000000000000e+01 4.441197304624178166e-01
7.500000000000000000e+01 4.254254137638582844e-01
7.600000000000000000e+01 3.269552837389440580e-01
7.700000000000000000e+01 2.118340530499283891e-01
7.800000000000000000e+01 2.919886709116399359e-01
7.900000000000000000e+01 5.683165664245839466e-01
8.000000000000000000e+01 7.463244132596703606e-01
8.100000000000000000e+01 6.403554492294788458e-01
8.200000000000000000e+01 7.315432922738902555e-01
8.300000000000000000e+01 6.575290315394473062e-01
8.400000000000000000e+01 9.016799997687340307e-01
8.500000000000000000e+01 9.442292738579005640e-01
8.600000000000000000e+01 9.611159935593605042e-01
8.700000000000000000e+01 7.469474605744627072e-01
8.800000000000000000e+01 8.102140480895405616e-01
8.900000000000000000e+01 7.839952363437393545e-01
9.000000000000000000e+01 8.082826963869765846e-01
9.100000000000000000e+01 6.320551889283316793e-01
9.200000000000000000e+01 7.955420654416084369e-01
9.300000000000000000e+01 6.890993197106409784e-01
9.400000000000000000e+01 2.051418800467411097e-01
9.500000000000000000e+01 3.979331560708858073e-01
9.600000000000000000e+01 2.021970212266876732e-01
9.700000000000000000e+01 1.966483127325773239e-01
9.800000000000000000e+01 1.570203944485693559e-01
9.900000000000000000e+01 1.992874239368478684e-01
1.000000000000000000e+02 2.535307390974202435e-01
1.010000000000000000e+02 3.108456705264823761e-01
1.020000000000000000e+02 5.117759123059182347e-01
1.030000000000000000e+02 5.833692114762244474e-01
1.040000000000000000e+02 6.185897021189979972e-01
1.050000000000000000e+02 7.558404472321271772e-01
1.060000000000000000e+02 6.150073243675265866e-01
1.070000000000000000e+02 7.407027575996433244e-01
1.080000000000000000e+02 7.502480655946214272e-01
1.090000000000000000e+02 5.782041679407264878e-01
1.100000000000000000e+02 6.756379054474436208e-01
1.110000000000000000e+02 8.734591526091098901e-01
1.120000000000000000e+02 7.646571213454007587e-01
1.130000000000000000e+02 8.606109965457974242e-01
1.140000000000000000e+02 7.023927623182535385e-01
1.150000000000000000e+02 6.884885394573211359e-01
1.160000000000000000e+02 4.543611545413732689e-01
1.170000000000000000e+02 4.622098602205514939e-01
1.180000000000000000e+02 5.712052800208330394e-01
1.190000000000000000e+02 5.751867670863867188e-01
1.200000000000000000e+02 6.047908903807401870e-01
1.210000000000000000e+02 7.698716167807578836e-01
1.220000000000000000e+02 4.591124034747481319e-01
1.230000000000000000e+02 8.934809211194515433e-01
1.240000000000000000e+02 5.076175678446889217e-01
1.250000000000000000e+02 7.299181573539972323e-01
1.260000000000000000e+02 5.272466735839843599e-01
1.270000000000000000e+02 6.512551464438438575e-01
1.280000000000000000e+02 7.473104565888643025e-01
1.290000000000000000e+02 5.743145586326717789e-01
1.300000000000000000e+02 6.891312576532363510e-01
1.310000000000000000e+02 6.813607933521270699e-01
1.320000000000000000e+02 7.518424369990825973e-01
1.330000000000000000e+02 7.440889591872692499e-01
1.340000000000000000e+02 8.249598953772805388e-01
1.350000000000000000e+02 7.832354139089584555e-01
1.360000000000000000e+02 7.343147111833095986e-01
1.370000000000000000e+02 6.440808138102293023e-01
1.380000000000000000e+02 6.949752700179815390e-01
1.390000000000000000e+02 6.202396019622683498e-01
1.400000000000000000e+02 7.103476956188679026e-01
1.410000000000000000e+02 7.094850941449404313e-01
1.420000000000000000e+02 7.975061194002628362e-01
1.430000000000000000e+02 7.627359659671782977e-01
1.440000000000000000e+02 7.198539841771125491e-01
1.450000000000000000e+02 6.940329614877700504e-01
1.460000000000000000e+02 7.825922932028770429e-01
1.470000000000000000e+02 6.858697705864906791e-01
1.480000000000000000e+02 6.701016109436750412e-01
1.490000000000000000e+02 5.690912828334091511e-01
1.500000000000000000e+02 6.204326476193964268e-01
1.510000000000000000e+02 6.109906968958676021e-01
1.520000000000000000e+02 7.955140537023543956e-01
1.530000000000000000e+02 8.387905845046043085e-01
1.540000000000000000e+02 8.452609124556184073e-01
1.550000000000000000e+02 8.296260764598846205e-01
1.560000000000000000e+02 8.551133154034614714e-01
1.570000000000000000e+02 7.916283253431319888e-01
1.580000000000000000e+02 8.516185406854823725e-01
1.590000000000000000e+02 8.172377782613039487e-01
1.600000000000000000e+02 5.969523526988923523e-01
1.610000000000000000e+02 7.948380173146725181e-01
1.620000000000000000e+02 7.238420846089720362e-01
1.630000000000000000e+02 8.207595776244998032e-01
1.640000000000000000e+02 6.795029528931156859e-01
1.650000000000000000e+02 8.595833262801170216e-01
1.660000000000000000e+02 8.720521568357944009e-01
1.670000000000000000e+02 7.946584918200969572e-01
1.680000000000000000e+02 9.022674041688442115e-01
1.690000000000000000e+02 9.021080786287785092e-01
1.700000000000000000e+02 8.490753659605979609e-01
1.710000000000000000e+02 8.669623929597437550e-01
1.720000000000000000e+02 8.582661778330803459e-01
1.730000000000000000e+02 9.496435487866401459e-01
1.740000000000000000e+02 9.859879483580589188e-01
1.750000000000000000e+02 9.156863085515797307e-01
1.760000000000000000e+02 9.943480862975120349e-01
1.770000000000000000e+02 7.319917271435261164e-01
1.780000000000000000e+02 9.311707057237055274e-01
1.790000000000000000e+02 4.182196097203003116e-01
1.800000000000000000e+02 2.302388034388422877e-01
1.810000000000000000e+02 5.019739229452166995e-01
1.820000000000000000e+02 6.130119126835065213e-01
1.830000000000000000e+02 9.492543173268381818e-01
1.840000000000000000e+02 9.871253879144787913e-01
1.850000000000000000e+02 5.779846200550143864e-01
1.860000000000000000e+02 9.825837695598602650e-01
1.870000000000000000e+02 8.052993852056955504e-01
1.880000000000000000e+02 7.547075159139930989e-01
1.890000000000000000e+02 9.078905423283576415e-01
1.900000000000000000e+02 9.957622878551483092e-01
1.910000000000000000e+02 9.587155570387839720e-01
1.920000000000000000e+02 8.098946861711722178e-01
1.930000000000000000e+02 9.498223973512649465e-01
1.940000000000000000e+02 9.459530243873596200e-01
1.950000000000000000e+02 9.569478209614753483e-01
1.960000000000000000e+02 9.164875492453574690e-01
1.970000000000000000e+02 9.448287243843078720e-01
1.980000000000000000e+02 9.198179024457932007e-01
1.990000000000000000e+02 5.402309592366218993e-01
2.000000000000000000e+02 4.824052197285569887e-01
2.010000000000000000e+02 7.070541134740733202e-01
2.020000000000000000e+02 3.302200437784195142e-01
2.030000000000000000e+02 6.384596563958828686e-01
2.040000000000000000e+02 3.532246652506291773e-01
2.050000000000000000e+02 7.101009086982623675e-01
2.060000000000000000e+02 6.405177873373031350e-01
2.070000000000000000e+02 4.721393719539046518e-01
2.080000000000000000e+02 3.351113036349415708e-01
2.090000000000000000e+02 5.069185121431947216e-01
2.100000000000000000e+02 5.215064071305096638e-01
2.110000000000000000e+02 4.861880831718444762e-01
2.120000000000000000e+02 4.918123945854604440e-01
2.130000000000000000e+02 5.975968971773981675e-01
2.140000000000000000e+02 8.007274281132865656e-01
2.150000000000000000e+02 9.599027188960462809e-01
2.160000000000000000e+02 6.800821521079417620e-01
2.170000000000000000e+02 6.335354342982173481e-01
2.180000000000000000e+02 9.585221419439596824e-01
2.190000000000000000e+02 8.396805008053779273e-01
2.200000000000000000e+02 8.333691196441650462e-01
2.210000000000000000e+02 9.254205209016800326e-01
2.220000000000000000e+02 9.343128951191902454e-01
2.230000000000000000e+02 9.713416078686714084e-01
2.240000000000000000e+02 9.751436577378949089e-01
2.250000000000000000e+02 9.629366518855094759e-01
2.260000000000000000e+02 9.631008706092833993e-01
2.270000000000000000e+02 9.385482962727547118e-01
2.280000000000000000e+02 9.664782928824424690e-01
2.290000000000000000e+02 9.605487444400787611e-01
2.300000000000000000e+02 9.826729924678802019e-01
2.310000000000000000e+02 9.802215159535407896e-01
2.320000000000000000e+02 9.955779358744620833e-01
2.330000000000000000e+02 9.995333945751190274e-01
2.340000000000000000e+02 6.904869499802589461e-01
2.350000000000000000e+02 8.909344787001609589e-01
2.360000000000000000e+02 7.601649743318558139e-01
2.370000000000000000e+02 8.506109824382377393e-01
2.380000000000000000e+02 7.860238093137741355e-01
2.390000000000000000e+02 8.018185233473777984e-01
2.400000000000000000e+02 8.762589836716652147e-01
2.410000000000000000e+02 6.785584897994995091e-01
2.420000000000000000e+02 6.771730262041092407e-01
2.430000000000000000e+02 8.139273729324341122e-01
2.440000000000000000e+02 7.900110570788383413e-01
2.450000000000000000e+02 7.636921185255051148e-01
2.460000000000000000e+02 6.804081031084060482e-01
2.470000000000000000e+02 7.292555631883442802e-01
2.480000000000000000e+02 6.702589791417121745e-01
2.490000000000000000e+02 7.136380140110850645e-01
2.500000000000000000e+02 7.703198010921478156e-01
2.510000000000000000e+02 7.104044606201350698e-01
2.520000000000000000e+02 7.639615338295697722e-01
2.530000000000000000e+02 7.920538626313209374e-01
2.540000000000000000e+02 7.781198993474245373e-01
2.550000000000000000e+02 7.110777411833405504e-01
2.560000000000000000e+02 7.339238469898701211e-01
2.570000000000000000e+02 7.252507529258728214e-01
2.580000000000000000e+02 7.198958323858678510e-01
2.590000000000000000e+02 8.036597875952720127e-01
2.600000000000000000e+02 7.451654671095311322e-01
2.610000000000000000e+02 7.180801423937082095e-01
2.620000000000000000e+02 7.411320770382880951e-01
2.630000000000000000e+02 7.041165072768926780e-01
2.640000000000000000e+02 6.677735607618138225e-01
2.650000000000000000e+02 9.827827372292216035e-01
2.660000000000000000e+02 7.060190244913101543e-01
2.670000000000000000e+02 6.896839867682850178e-01
2.680000000000000000e+02 9.239853482555460129e-01
2.690000000000000000e+02 7.047119135856628747e-01
2.700000000000000000e+02 8.508626313209534109e-01
2.710000000000000000e+02 8.207224742993712852e-01
2.720000000000000000e+02 9.901192764043807992e-01
2.730000000000000000e+02 9.080915861725806781e-01
2.740000000000000000e+02 8.896116106510162380e-01
2.750000000000000000e+02 8.868571510389446910e-01
2.760000000000000000e+02 8.825067877173423669e-01
2.770000000000000000e+02 8.555905506014823692e-01
2.780000000000000000e+02 7.144864794872700653e-01
2.790000000000000000e+02 7.859515833407640928e-01
2.800000000000000000e+02 7.832828684449195666e-01
2.810000000000000000e+02 7.932455620169639454e-01
2.820000000000000000e+02 8.759582543373107821e-01
2.830000000000000000e+02 7.368153725862502945e-01
2.840000000000000000e+02 9.801537462472915685e-01
2.850000000000000000e+02 7.761052100956440380e-01
2.860000000000000000e+02 7.607086459994316652e-01
2.870000000000000000e+02 7.676671822071075013e-01
2.880000000000000000e+02 7.651642461419105867e-01
2.890000000000000000e+02 7.863311131596565362e-01
2.900000000000000000e+02 7.388381771445274859e-01
2.910000000000000000e+02 7.809100399613380095e-01
2.920000000000000000e+02 7.764821987748146137e-01
2.930000000000000000e+02 7.938323931694031277e-01
2.940000000000000000e+02 7.060005411505698714e-01
2.950000000000000000e+02 8.310236497968435110e-01
2.960000000000000000e+02 8.118285885229706844e-01
2.970000000000000000e+02 9.002387020587920841e-01
2.980000000000000000e+02 8.594481046795845458e-01
2.990000000000000000e+02 8.201917461156844613e-01
3.000000000000000000e+02 7.212724992596202256e-01
3.010000000000000000e+02 7.984392637014389171e-01
3.020000000000000000e+02 8.235167002975940509e-01
3.030000000000000000e+02 8.305974684772081673e-01
3.040000000000000000e+02 7.997330750226974150e-01
3.050000000000000000e+02 7.438776197433472070e-01
3.060000000000000000e+02 9.828298877477645856e-01
3.070000000000000000e+02 7.674209357500075823e-01
3.080000000000000000e+02 6.735897405743599409e-01
3.090000000000000000e+02 6.955372150540352072e-01
3.100000000000000000e+02 6.905859906077385091e-01
3.110000000000000000e+02 6.977497608661651363e-01
3.120000000000000000e+02 6.918975279331207595e-01
3.130000000000000000e+02 7.609349878430367031e-01
3.140000000000000000e+02 6.974851805865764920e-01
3.150000000000000000e+02 6.855900489687919430e-01
3.160000000000000000e+02 6.875413991808890790e-01
3.170000000000000000e+02 7.184513849616050996e-01
3.180000000000000000e+02 7.148702489733695931e-01
3.190000000000000000e+02 7.021456985473633061e-01
3.200000000000000000e+02 7.649099149107932982e-01
3.210000000000000000e+02 7.086385928988456762e-01
3.220000000000000000e+02 7.220806887745857550e-01
3.230000000000000000e+02 6.624642280340194977e-01
3.240000000000000000e+02 7.042308544516563407e-01
3.250000000000000000e+02 7.132684689164161540e-01
3.260000000000000000e+02 7.447898984551429846e-01
3.270000000000000000e+02 9.999445750571713809e-01
3.280000000000000000e+02 6.951102272272110527e-01
3.290000000000000000e+02 8.256304200291633144e-01
3.300000000000000000e+02 6.899124204814434114e-01
3.310000000000000000e+02 7.308072841763496585e-01
3.320000000000000000e+02 8.365375640392302969e-01
3.330000000000000000e+02 7.247253475785255805e-01
3.340000000000000000e+02 9.998286907672881973e-01
3.350000000000000000e+02 7.007035571336746038e-01
3.360000000000000000e+02 6.552768155336380351e-01
3.370000000000000000e+02 7.058772741556167407e-01
3.380000000000000000e+02 7.294041231274605019e-01
3.390000000000000000e+02 8.823509308099746207e-01
3.400000000000000000e+02 9.359294443726539070e-01
3.410000000000000000e+02 7.108176014721393488e-01
3.420000000000000000e+02 7.029396700263023101e-01
3.430000000000000000e+02 7.538856484889984166e-01
3.440000000000000000e+02 7.545713003873825153e-01
3.450000000000000000e+02 7.909720589518547396e-01
3.460000000000000000e+02 8.292700818777084537e-01
3.470000000000000000e+02 7.748509716987609375e-01
3.480000000000000000e+02 8.266838330626488096e-01
3.490000000000000000e+02 8.872395007014274304e-01
3.500000000000000000e+02 7.527994644045830075e-01
3.510000000000000000e+02 7.681048041582108077e-01
3.520000000000000000e+02 7.710206149220466543e-01
3.530000000000000000e+02 7.488609651923179289e-01
3.540000000000000000e+02 7.346969140172004975e-01
3.550000000000000000e+02 8.143625715374946950e-01
3.560000000000000000e+02 7.692271748185157687e-01
3.570000000000000000e+02 7.694677747488022357e-01
3.580000000000000000e+02 7.267324835062026755e-01
3.590000000000000000e+02 7.809743566513061008e-01
3.600000000000000000e+02 7.348603444695472886e-01
3.610000000000000000e+02 7.338743790984153526e-01
3.620000000000000000e+02 7.020615040510892468e-01
3.630000000000000000e+02 7.659153461456298384e-01
3.640000000000000000e+02 7.822938610911369661e-01
3.650000000000000000e+02 9.142802044014862739e-01
3.660000000000000000e+02 7.120452388525009280e-01
3.670000000000000000e+02 7.214655066132545924e-01
3.680000000000000000e+02 7.337086939215660131e-01
3.690000000000000000e+02 8.449600176811218333e-01
3.700000000000000000e+02 7.250153397023677559e-01
3.710000000000000000e+02 7.166550363600253659e-01
3.720000000000000000e+02 9.633475659083734488e-01
3.730000000000000000e+02 7.630870290696620817e-01
3.740000000000000000e+02 7.427316658496856405e-01
3.750000000000000000e+02 7.985908523201942222e-01
3.760000000000000000e+02 8.650591732859611582e-01
3.770000000000000000e+02 8.446001654863357633e-01
3.780000000000000000e+02 9.296335623860358943e-01
3.790000000000000000e+02 7.265880372524261555e-01
3.800000000000000000e+02 7.834124267697334387e-01
3.810000000000000000e+02 7.599819288253784055e-01
3.820000000000000000e+02 7.527126489281654731e-01
3.830000000000000000e+02 7.455040503144264585e-01
3.840000000000000000e+02 7.444602074623107857e-01
3.850000000000000000e+02 7.459209153056144403e-01
3.860000000000000000e+02 9.723121407628059210e-01
3.870000000000000000e+02 7.824371811747551364e-01
3.880000000000000000e+02 8.593828817605971837e-01
3.890000000000000000e+02 7.341920005679130057e-01
3.900000000000000000e+02 7.321981383562088386e-01
3.910000000000000000e+02 7.093222576379776267e-01
3.920000000000000000e+02 7.273331832885742143e-01
3.930000000000000000e+02 7.144832255840301016e-01
3.940000000000000000e+02 6.770230357050895931e-01
3.950000000000000000e+02 7.125721008181572502e-01
3.960000000000000000e+02 7.228117414712905697e-01
3.970000000000000000e+02 7.487758902907371006e-01
3.980000000000000000e+02 7.240505775213241790e-01
3.990000000000000000e+02 7.470202935934067145e-01
4.000000000000000000e+02 7.469710919857025511e-01
4.010000000000000000e+02 8.113562189340591813e-01
4.020000000000000000e+02 8.042313596010207677e-01
4.030000000000000000e+02 7.784433910846709770e-01
4.040000000000000000e+02 8.073070278763770924e-01
4.050000000000000000e+02 7.332997773289680055e-01
4.060000000000000000e+02 8.143045024275780142e-01
4.070000000000000000e+02 7.629064823985099997e-01
4.080000000000000000e+02 7.345466383695602453e-01
4.090000000000000000e+02 9.090142660140990705e-01
4.100000000000000000e+02 8.125794166922569728e-01
4.110000000000000000e+02 7.486352386474609544e-01
4.120000000000000000e+02 9.978328769207001070e-01
4.130000000000000000e+02 8.348958478569984409e-01
4.140000000000000000e+02 7.155525987744331129e-01
4.150000000000000000e+02 7.994317396879195847e-01
4.160000000000000000e+02 7.609043388366699689e-01
4.170000000000000000e+02 7.970906566977501440e-01
4.180000000000000000e+02 6.973751618266105234e-01
4.190000000000000000e+02 7.561537951827049797e-01
4.200000000000000000e+02 7.296210144162178501e-01
4.210000000000000000e+02 7.247848263382912215e-01
4.220000000000000000e+02 7.199808891415595546e-01
4.230000000000000000e+02 9.963067242327858786e-01
4.240000000000000000e+02 7.156919283866882697e-01
4.250000000000000000e+02 7.253384287357330651e-01
4.260000000000000000e+02 7.441201430559157837e-01
4.270000000000000000e+02 7.357749655246734743e-01
4.280000000000000000e+02 7.146650019288063316e-01
4.290000000000000000e+02 7.452168570160865313e-01
4.300000000000000000e+02 7.413997659087181447e-01
4.310000000000000000e+02 7.159997536540031460e-01
4.320000000000000000e+02 9.631411222373547076e-01
4.330000000000000000e+02 7.481642312407493778e-01
4.340000000000000000e+02 7.214435849189758665e-01
4.350000000000000000e+02 7.294600605368614099e-01
4.360000000000000000e+02 7.225107198357582083e-01
4.370000000000000000e+02 7.240357610583305625e-01
4.380000000000000000e+02 7.152179902195930916e-01
4.390000000000000000e+02 7.303292179107665483e-01
4.400000000000000000e+02 7.342704512476920797e-01
4.410000000000000000e+02 7.470485207438468667e-01
4.420000000000000000e+02 7.289202453494072476e-01
4.430000000000000000e+02 7.683902624845504459e-01
4.440000000000000000e+02 8.622700218558311258e-01
4.450000000000000000e+02 6.886375763416290319e-01
4.460000000000000000e+02 9.979988384520870337e-01
4.470000000000000000e+02 9.833814011555965795e-01
4.480000000000000000e+02 7.427772821187973440e-01
4.490000000000000000e+02 8.388781151771544931e-01
4.500000000000000000e+02 7.723862414360046502e-01
4.510000000000000000e+02 7.102350088357924918e-01
4.520000000000000000e+02 9.184186708331107951e-01
4.530000000000000000e+02 9.992911340594291536e-01
4.540000000000000000e+02 9.999347234368324289e-01
4.550000000000000000e+02 9.963805776238441325e-01
4.560000000000000000e+02 9.999803981781005824e-01
4.570000000000000000e+02 9.999960621595382904e-01
4.580000000000000000e+02 8.333577482700348371e-01
4.590000000000000000e+02 8.152935627698898458e-01
4.600000000000000000e+02 8.086107844114303056e-01
4.610000000000000000e+02 7.164459073543548717e-01
4.620000000000000000e+02 7.202282532453536668e-01
4.630000000000000000e+02 7.004493107795715101e-01
4.640000000000000000e+02 7.077002645134925496e-01
4.650000000000000000e+02 8.500286173224449460e-01
4.660000000000000000e+02 7.126317795515060283e-01
4.670000000000000000e+02 7.763358207941055689e-01
4.680000000000000000e+02 7.155480347871779889e-01
4.690000000000000000e+02 7.215304000973701282e-01
4.700000000000000000e+02 7.061320359706878547e-01
4.710000000000000000e+02 8.961098682284355244e-01
4.720000000000000000e+02 7.009375731945037824e-01
4.730000000000000000e+02 7.117875866293906784e-01
4.740000000000000000e+02 7.593829441666603008e-01
4.750000000000000000e+02 7.178562690615654107e-01
4.760000000000000000e+02 7.139356768727302960e-01
4.770000000000000000e+02 8.113767108321190413e-01
4.780000000000000000e+02 6.979084145426750485e-01
4.790000000000000000e+02 7.151473262310028556e-01
4.800000000000000000e+02 6.817461452484130380e-01
4.810000000000000000e+02 7.167731497287750386e-01
4.820000000000000000e+02 7.099565986990928890e-01
4.830000000000000000e+02 6.941877123713493525e-01
4.840000000000000000e+02 7.271739594340324020e-01
4.850000000000000000e+02 7.093038372397423297e-01
4.860000000000000000e+02 7.451203079223632786e-01
4.870000000000000000e+02 6.961387203335761553e-01
4.880000000000000000e+02 7.180843161940574371e-01
4.890000000000000000e+02 7.273688894510269565e-01
4.900000000000000000e+02 7.400639575123787450e-01
4.910000000000000000e+02 7.188893877863884452e-01
4.920000000000000000e+02 6.910140371322631703e-01
4.930000000000000000e+02 7.389191872477531842e-01
4.940000000000000000e+02 7.362108977437019641e-01
4.950000000000000000e+02 7.264165396094321991e-01
4.960000000000000000e+02 7.566440268158912685e-01
4.970000000000000000e+02 7.676387639641761851e-01
4.980000000000000000e+02 7.339480956792830968e-01
4.990000000000000000e+02 7.865677438378334552e-01
5.000000000000000000e+02 7.736186830997466846e-01
5.010000000000000000e+02 8.458979011774062640e-01
5.020000000000000000e+02 9.453293598294257860e-01
5.030000000000000000e+02 9.101495707631110932e-01
5.040000000000000000e+02 9.939700779318809687e-01
5.050000000000000000e+02 9.977400566935539228e-01
5.060000000000000000e+02 9.945582736134529478e-01
5.070000000000000000e+02 9.959822013974189980e-01
5.080000000000000000e+02 9.853780483007430480e-01
5.090000000000000000e+02 9.011533241868019406e-01
5.100000000000000000e+02 8.418761129751639594e-01
5.110000000000000000e+02 9.551738488078117539e-01
5.120000000000000000e+02 7.602848286628722807e-01
5.130000000000000000e+02 5.724854621887206507e-01
5.140000000000000000e+02 7.859276745319366819e-01
5.150000000000000000e+02 9.552009881138802116e-01
5.160000000000000000e+02 9.977704797472272125e-01
5.170000000000000000e+02 7.889493786692619581e-01
5.180000000000000000e+02 8.289726613759994533e-01
5.190000000000000000e+02 9.990810144543648130e-01
5.200000000000000000e+02 7.005202912688255346e-01
5.210000000000000000e+02 7.064794487357139996e-01
5.220000000000000000e+02 9.663243761658668607e-01
5.230000000000000000e+02 7.618499306440353891e-01
5.240000000000000000e+02 7.645059435367583811e-01
5.250000000000000000e+02 7.522038580179214451e-01
5.260000000000000000e+02 7.317307108640670466e-01
5.270000000000000000e+02 7.341690196394919932e-01
5.280000000000000000e+02 7.472785059213638004e-01
5.290000000000000000e+02 7.767210833430290284e-01
5.300000000000000000e+02 7.270591363906860893e-01
5.310000000000000000e+02 6.894897060394287180e-01
5.320000000000000000e+02 6.543740859627723561e-01
5.330000000000000000e+02 7.127837105393409756e-01
5.340000000000000000e+02 7.257620455622673106e-01
5.350000000000000000e+02 8.032164084315299712e-01
5.360000000000000000e+02 7.593138272166252145e-01
5.370000000000000000e+02 7.114858555197716150e-01
5.380000000000000000e+02 7.702158359885216132e-01
5.390000000000000000e+02 8.184948850274086363e-01
5.400000000000000000e+02 7.494766821265220758e-01
5.410000000000000000e+02 8.513160434888230599e-01
5.420000000000000000e+02 6.280241808295250472e-01
5.430000000000000000e+02 7.562303012609481456e-01
5.440000000000000000e+02 7.103837974071502970e-01
5.450000000000000000e+02 8.824638717174529967e-01
5.460000000000000000e+02 7.922631542682647687e-01
5.470000000000000000e+02 7.200204955339432056e-01
5.480000000000000000e+02 7.992892478108406529e-01
5.490000000000000000e+02 6.942424527406692025e-01
5.500000000000000000e+02 7.488846911191939792e-01
5.510000000000000000e+02 6.507900249361991962e-01
5.520000000000000000e+02 6.439116404652595049e-01
5.530000000000000000e+02 6.107183699607848792e-01
5.540000000000000000e+02 7.000570450425147584e-01
5.550000000000000000e+02 6.948081824779510640e-01
5.560000000000000000e+02 6.858577665686607094e-01
5.570000000000000000e+02 6.998029597401619339e-01
5.580000000000000000e+02 6.758158535361290520e-01
5.590000000000000000e+02 6.579642620682716325e-01
5.600000000000000000e+02 7.488809089064598634e-01
5.610000000000000000e+02 7.755223601460456972e-01
5.620000000000000000e+02 7.991845374703406835e-01
5.630000000000000000e+02 7.362515503764152092e-01
5.640000000000000000e+02 7.792732949852942959e-01
5.650000000000000000e+02 7.830385274291038478e-01
5.660000000000000000e+02 8.149088433980942181e-01
5.670000000000000000e+02 7.669885819554328465e-01
5.680000000000000000e+02 9.761982629895210595e-01
5.690000000000000000e+02 8.067595687508583024e-01
5.700000000000000000e+02 9.456001099944114641e-01
5.710000000000000000e+02 7.555257179737091544e-01
5.720000000000000000e+02 7.673928189277648970e-01
5.730000000000000000e+02 7.943959203362465082e-01
5.740000000000000000e+02 7.566345078945160285e-01
5.750000000000000000e+02 7.632010750174522684e-01
5.760000000000000000e+02 7.539830714464187400e-01
5.770000000000000000e+02 6.659853665232657871e-01
5.780000000000000000e+02 7.854974815845489067e-01
5.790000000000000000e+02 8.394709776043891569e-01
5.800000000000000000e+02 7.713256529569625375e-01
5.810000000000000000e+02 7.681839728951453949e-01
5.820000000000000000e+02 7.128726642131805180e-01
5.830000000000000000e+02 7.406043008565902364e-01
5.840000000000000000e+02 7.703014281988144196e-01
5.850000000000000000e+02 7.396636016964912574e-01
5.860000000000000000e+02 7.441198523640633056e-01
5.870000000000000000e+02 7.435734148621558903e-01
5.880000000000000000e+02 8.745236721038818217e-01
5.890000000000000000e+02 8.828115245347382123e-01
5.900000000000000000e+02 7.307844191193580974e-01
5.910000000000000000e+02 8.658119629621505720e-01
5.920000000000000000e+02 7.310649661421775303e-01
5.930000000000000000e+02 6.695875813961028600e-01
5.940000000000000000e+02 6.956915568709373110e-01
5.950000000000000000e+02 7.096012909412383607e-01
5.960000000000000000e+02 7.284994533061981414e-01
5.970000000000000000e+02 9.989180809347624201e-01
5.980000000000000000e+02 7.179199446439743504e-01
5.990000000000000000e+02 7.509480067491531852e-01
