0.000000000000000000e+00 -9.375360151314302470e+01
1.000000000000000000e+00 -8.998665532278785122e+02
2.000000000000000000e+00 -1.044807075521962361e+03
3.000000000000000000e+00 -8.194005161554049437e+02
4.000000000000000000e+00 -1.332924800560997483e+03
5.000000000000000000e+00 -7.181314910535527360e+02
6.000000000000000000e+00 -6.595608401293359293e+02
7.000000000000000000e+00 -6.930898777071834047e+02
8.000000000000000000e+00 -4.450725325113847362e+02
9.000000000000000000e+00 -3.646831969446907920e+02
1.000000000000000000e+01 -3.236322965472406281e+02
1.100000000000000000e+01 -2.716618521576848480e+02
1.200000000000000000e+01 -4.876580364040318045e+02
1.300000000000000000e+01 -4.876933706632385679e+02
1.400000000000000000e+01 -1.913893590568023342e+02
1.500000000000000000e+01 -3.002131398437651910e+01
1.600000000000000000e+01 -2.791855114998949716e+01
1.700000000000000000e+01 -2.857192730702116705e+02
1.800000000000000000e+01 -1.919333686709067877e+02
1.900000000000000000e+01 -2.216734947874177806e+02
2.000000000000000000e+01 -2.263677875211045603e+02
2.100000000000000000e+01 -2.417288387604641287e+02
2.200000000000000000e+01 -1.797498450058224080e+02
2.300000000000000000e+01 -2.252229315024003995e+02
2.400000000000000000e+01 -1.420516572544142377e+02
2.500000000000000000e+01 -1.678805645108065221e+02
2.600000000000000000e+01 -2.119022123362198045e+02
2.700000000000000000e+01 -2.458919228237909920e+02
2.800000000000000000e+01 -2.805054203477886858e+02
2.900000000000000000e+01 -2.356254832338426581e+02
3.000000000000000000e+01 -2.376810770731943876e+02
3.100000000000000000e+01 -1.138866940312613565e+02
3.200000000000000000e+01 -2.792726323916301112e+02
3.300000000000000000e+01 -1.713353766729762810e+02
3.400000000000000000e+01 -1.638442771876221968e+02
3.500000000000000000e+01 -1.357085138174512622e+02
3.600000000000000000e+01 -2.936366396987399412e+02
3.700000000000000000e+01 -1.615849400086672745e+02
3.800000000000000000e+01 -1.264845761727932114e+02
3.900000000000000000e+01 -1.009764626841752602e+02
4.000000000000000000e+01 -1.472280315579278636e+02
4.100000000000000000e+01 -1.094183527460349268e+02
4.200000000000000000e+01 -1.403926888511151390e+02
4.300000000000000000e+01 -1.341653282256499438e+02
4.400000000000000000e+01 -1.694248406678017602e+02
4.500000000000000000e+01 -1.644802433307525575e+02
4.600000000000000000e+01 -2.382665927491138902e+01
4.700000000000000000e+01 -6.045487131792523883e+01
4.800000000000000000e+01 -1.177783791196131524e+01
4.900000000000000000e+01 -3.240944634411716834e+02
5.000000000000000000e+01 -9.447222359319667362e+01
5.100000000000000000e+01 -2.330476784743697749e+01
5.200000000000000000e+01 -7.870355888645974574e+01
5.300000000000000000e+01 -8.153497201550389661e+01
5.400000000000000000e+01 -1.942633396663341614e+02
5.500000000000000000e+01 -1.964124230030549256e+02
5.600000000000000000e+01 -9.785356988869475003e+01
5.700000000000000000e+01 -5.726169129442218946e+02
5.800000000000000000e+01 -3.415256224583134781e+02
5.900000000000000000e+01 -3.582729605331336984e+02
6.000000000000000000e+01 -2.500541777244406774e+02
6.100000000000000000e+01 -2.624496017122098692e+02
6.200000000000000000e+01 -2.021745433109255146e+02
6.300000000000000000e+01 -4.671204977634722582e+02
6.400000000000000000e+01 -3.592362550884085977e+02
6.500000000000000000e+01 -2.859324103035925191e+02
6.600000000000000000e+01 -1.480697520172731743e+02
6.700000000000000000e+01 -2.790113105315290341e+02
6.800000000000000000e+01 -1.499654424887570769e+02
6.900000000000000000e+01 -2.120633810202689347e+02
7.000000000000000000e+01 -1.411293344353238979e+02
7.100000000000000000e+01 -2.742571437538704870e+01
7.200000000000000000e+01 -1.009260372425711125e+02
7.300000000000000000e+01 -7.175081029340431371e+01
7.400000000000000000e+01 -4.524388900021766347e+01
7.500000000000000000e+01 -8.449548835661846624e+01
7.600000000000000000e+01 -6.282020937744233180e+01
7.700000000000000000e+01 -7.032415657777519868e+01
7.800000000000000000e+01 -1.865622156935677651e+02
7.900000000000000000e+01 -1.682762982840507675e+02
8.000000000000000000e+01 -1.760142324471649999e+02
8.100000000000000000e+01 -9.424354984588211437e+01
8.200000000000000000e+01 -1.944458387187757467e+02
8.300000000000000000e+01 -2.289101664084996912e+01
8.400000000000000000e+01 -5.536289869752062032e+01
8.500000000000000000e+01 -1.907812184127323860e+02
8.600000000000000000e+01 -1.685479262340660682e+02
8.700000000000000000e+01 -3.434946396106823130e+01
8.800000000000000000e+01 -1.634485567062307041e+02
8.900000000000000000e+01 -1.223124686989507026e+01
9.000000000000000000e+01 -1.321950051882851653e+02
9.100000000000000000e+01 -5.320266767344683956e+01
9.200000000000000000e+01 -4.826154587467748769e+01
9.300000000000000000e+01 -6.415816586716074710e+01
9.400000000000000000e+01 -7.138895972588841232e+01
9.500000000000000000e+01 -3.951542184583191641e+01
9.600000000000000000e+01 -9.246550699774194015e+01
9.700000000000000000e+01 -1.445699125212131548e+02
9.800000000000000000e+01 -1.348233472928363312e+02
9.900000000000000000e+01 -7.519745319726239074e+01
1.000000000000000000e+02 -8.323571394555706604e-01
1.010000000000000000e+02 -2.087274656018062302e+01
1.020000000000000000e+02 -1.766063644655201301e+02
1.030000000000000000e+02 -1.267223628801908006e+02
1.040000000000000000e+02 -4.201936823095594775e+01
1.050000000000000000e+02 -9.390893180057227596e+01
1.060000000000000000e+02 -5.964376245302405977e+01
1.070000000000000000e+02 -3.673123926509865811e+01
1.080000000000000000e+02 -1.469332476808001431e+01
1.090000000000000000e+02 -2.663507214684474178e+01
1.100000000000000000e+02 -4.473710085316140095e+01
1.110000000000000000e+02 -4.341239137975505002e+01
1.120000000000000000e+02 -3.662738334217692682e+01
1.130000000000000000e+02 2.090270874245879984e+00
1.140000000000000000e+02 -1.131260324927839633e+02
1.150000000000000000e+02 -1.452665880610341276e+02
1.160000000000000000e+02 -8.064277924703696954e+01
1.170000000000000000e+02 -1.231305268192369766e+02
1.180000000000000000e+02 -2.894035544352267308e+01
1.190000000000000000e+02 -3.018403849477076051e+01
1.200000000000000000e+02 1.062867571126323973e+01
1.210000000000000000e+02 -2.352727590214080422e+01
1.220000000000000000e+02 -9.929534083046662829e+01
1.230000000000000000e+02 -6.353162276022365518e+01
1.240000000000000000e+02 -6.460814907470786750e+01
1.250000000000000000e+02 -7.575542568852252145e+01
1.260000000000000000e+02 -1.343649296490947087e+01
1.270000000000000000e+02 7.797931613076668711e+00
1.280000000000000000e+02 -1.996854724924708080e+01
1.290000000000000000e+02 2.498369327191761613e+01
1.300000000000000000e+02 -1.323060692340326341e+02
1.310000000000000000e+02 -1.888946323446339548e+01
1.320000000000000000e+02 -8.917448039983499086e+01
1.330000000000000000e+02 -6.549372888655010172e+01
1.340000000000000000e+02 -1.200076540448432070e+02
1.350000000000000000e+02 -4.381302763037614767e+01
1.360000000000000000e+02 -2.745170219103485110e+01
1.370000000000000000e+02 -1.267455175290334068e+01
1.380000000000000000e+02 2.913179055088894742e+00
1.390000000000000000e+02 1.541646426206079390e+01
1.400000000000000000e+02 -2.246148856910224723e+01
1.410000000000000000e+02 -2.866704374918768750e+01
1.420000000000000000e+02 -4.611812746389733064e+01
1.430000000000000000e+02 -4.937490442941577840e+01
1.440000000000000000e+02 -1.589202635955996890e+01
1.450000000000000000e+02 -5.061916373011843007e+01
1.460000000000000000e+02 -7.256106246784340463e+00
1.470000000000000000e+02 -8.620896865099653894e+01
1.480000000000000000e+02 -2.890905307446443828e+01
1.490000000000000000e+02 -2.615184279784832455e+01
1.500000000000000000e+02 -2.355262792085075940e+00
1.510000000000000000e+02 -3.268194387199709183e+01
1.520000000000000000e+02 -3.376649087914128877e+00
1.530000000000000000e+02 -4.507909033844477875e+01
1.540000000000000000e+02 -6.412699970297875041e+01
1.550000000000000000e+02 -8.384696203732025310e+01
1.560000000000000000e+02 -6.893832368243414521e+01
1.570000000000000000e+02 -1.293060694018870649e+01
1.580000000000000000e+02 -4.906682876527410286e+01
1.590000000000000000e+02 -5.361174870480958532e+01
1.600000000000000000e+02 -5.791228348095851430e+01
1.610000000000000000e+02 -5.518273524263601360e+01
1.620000000000000000e+02 -2.515005535647580714e+01
1.630000000000000000e+02 -5.759283803338881569e+01
1.640000000000000000e+02 1.384242776690642884e+01
1.650000000000000000e+02 -6.683722713846813690e+01
1.660000000000000000e+02 1.661904411792382419e+01
1.670000000000000000e+02 -2.715520723485241561e+01
1.680000000000000000e+02 -5.803759651607023784e+01
1.690000000000000000e+02 -1.784045768054436110e+01
1.700000000000000000e+02 -4.718903978120408027e+01
1.710000000000000000e+02 4.986195189704145214e+00
1.720000000000000000e+02 -1.947887343020863113e+02
1.730000000000000000e+02 -2.998029031691960000e+00
1.740000000000000000e+02 -7.572440030425229907e+01
1.750000000000000000e+02 -1.226717588242278367e+01
1.760000000000000000e+02 -2.883650477873161577e+01
1.770000000000000000e+02 -1.613188690620336985e+01
1.780000000000000000e+02 1.031733415245584951e+01
1.790000000000000000e+02 -4.190539352644932336e+01
1.800000000000000000e+02 -1.380773752199823612e+01
1.810000000000000000e+02 1.496295006377376602e+01
1.820000000000000000e+02 -4.778843976136062821e+01
1.830000000000000000e+02 -4.032376308645957863e+01
1.840000000000000000e+02 -1.104850522667005919e+01
1.850000000000000000e+02 -9.691122973792994699e+00
1.860000000000000000e+02 -6.917270895390748464e+00
1.870000000000000000e+02 -1.246856261910362029e+01
1.880000000000000000e+02 -7.149250208137736706e+01
1.890000000000000000e+02 -5.419524805561885472e+01
1.900000000000000000e+02 -8.533948590360678210e+00
1.910000000000000000e+02 -2.983823714414254979e+01
1.920000000000000000e+02 1.914185683045451469e+01
1.930000000000000000e+02 4.193276228355926616e-01
1.940000000000000000e+02 1.035856646288620908e+01
1.950000000000000000e+02 -1.162882031006949823e+01
1.960000000000000000e+02 -2.912185592036788506e+00
1.970000000000000000e+02 -1.329872788252859150e+00
1.980000000000000000e+02 -2.648077542884389857e+01
1.990000000000000000e+02 -3.218407021576364002e+01
2.000000000000000000e+02 2.774572390272671640e+01
2.010000000000000000e+02 2.384509565104150042e+01
2.020000000000000000e+02 1.911421990768640100e+01
2.030000000000000000e+02 -2.715093089978158147e+01
2.040000000000000000e+02 -1.461359363357592578e+01
2.050000000000000000e+02 4.829225979507287292e+01
2.060000000000000000e+02 1.404240859264423547e+00
2.070000000000000000e+02 -1.471956406791842298e+01
2.080000000000000000e+02 -5.341497392699681157e+00
2.090000000000000000e+02 -1.932038652346452778e+01
2.100000000000000000e+02 -1.180222823910649588e+01
2.110000000000000000e+02 -4.703896816945910331e+00
2.120000000000000000e+02 4.937114048247980236e+01
2.130000000000000000e+02 3.176682719881942774e+01
2.140000000000000000e+02 -1.037827995404538584e+01
2.150000000000000000e+02 -4.089278526147687387e+00
2.160000000000000000e+02 -2.330624811123321294e+01
2.170000000000000000e+02 8.710395257301565053e+00
2.180000000000000000e+02 -2.243854517317565467e+01
2.190000000000000000e+02 -3.079140424416939226e+01
2.200000000000000000e+02 2.367158416736527826e+00
2.210000000000000000e+02 -3.751982687467735644e+01
2.220000000000000000e+02 -9.432852598031450952e+01
2.230000000000000000e+02 -1.528333216547704296e+02
2.240000000000000000e+02 -7.034177597804124105e+01
2.250000000000000000e+02 1.463395326891648018e+01
2.260000000000000000e+02 -3.568867635366284929e+01
2.270000000000000000e+02 -4.531944453283664842e+01
2.280000000000000000e+02 -2.938023724316529339e+01
2.290000000000000000e+02 -3.442619386192043152e+01
2.300000000000000000e+02 -3.682698289579255935e+00
2.310000000000000000e+02 -3.910044570065735314e+01
2.320000000000000000e+02 -7.643760366928929351e+00
2.330000000000000000e+02 3.979634179870130595e+01
2.340000000000000000e+02 -4.534014937887438634e+01
2.350000000000000000e+02 -3.310997365078405252e+00
2.360000000000000000e+02 -8.799265085103074924e+00
2.370000000000000000e+02 -5.099087310542853579e+00
2.380000000000000000e+02 -2.826193782697412171e+00
2.390000000000000000e+02 5.011270649713433301e+01
2.400000000000000000e+02 -2.603877389088176528e+02
2.410000000000000000e+02 7.272922467954392900e+00
2.420000000000000000e+02 4.638359837397459273e+00
2.430000000000000000e+02 1.524122007890272101e+01
2.440000000000000000e+02 -5.351052555581697590e+01
2.450000000000000000e+02 -8.748871975463414685e+01
2.460000000000000000e+02 -2.060876010685458226e+01
2.470000000000000000e+02 -2.725917485029685672e+00
2.480000000000000000e+02 5.330488969875296412e+00
2.490000000000000000e+02 5.144984238817598587e+00
2.500000000000000000e+02 -3.350385961371850296e+00
2.510000000000000000e+02 -1.228386501337761416e+01
2.520000000000000000e+02 -1.983845857740107244e+00
2.530000000000000000e+02 -1.800960982878009986e+02
2.540000000000000000e+02 -1.982538479016641304e+02
2.550000000000000000e+02 -5.322403264881774732e+01
2.560000000000000000e+02 -2.764588579251783074e+01
2.570000000000000000e+02 2.089748503405205682e+01
2.580000000000000000e+02 -2.039757333003438333e+01
2.590000000000000000e+02 -1.012823248630344608e+02
2.600000000000000000e+02 -5.641014660139193637e+01
2.610000000000000000e+02 -4.974626160658302609e+01
2.620000000000000000e+02 -2.663352793775188232e+01
2.630000000000000000e+02 -2.624865941775739486e+01
2.640000000000000000e+02 1.661641617170634788e+01
2.650000000000000000e+02 -1.687090924651669965e+01
2.660000000000000000e+02 -4.503627197413088368e+00
2.670000000000000000e+02 -3.533743848070664484e+01
2.680000000000000000e+02 -3.059763559748265749e+01
2.690000000000000000e+02 1.116625757556577270e+01
2.700000000000000000e+02 -9.254369083629276460e+00
2.710000000000000000e+02 -3.696162764601964312e+01
2.720000000000000000e+02 2.850012466236934472e+01
2.730000000000000000e+02 -7.470940963797525036e+00
2.740000000000000000e+02 -3.189895179502692457e+01
2.750000000000000000e+02 -1.270354729875141686e+01
2.760000000000000000e+02 1.398914237931298210e+01
2.770000000000000000e+02 -2.976637059675772079e+00
2.780000000000000000e+02 6.902203852133363959e+00
2.790000000000000000e+02 3.850217123445928280e+01
2.800000000000000000e+02 -1.507670682890829816e+01
2.810000000000000000e+02 -7.944183816112888508e+01
2.820000000000000000e+02 9.925686396066693007e-01
2.830000000000000000e+02 3.293492547622594913e+00
2.840000000000000000e+02 -5.725588503777587768e+00
2.850000000000000000e+02 -8.802915085042225485e+01
2.860000000000000000e+02 -7.513629673004011522e+00
2.870000000000000000e+02 -7.318178187126946455e+01
2.880000000000000000e+02 1.366551401032245927e+01
2.890000000000000000e+02 -2.742553374761822482e+00
2.900000000000000000e+02 -6.180040141966887290e+01
2.910000000000000000e+02 -1.257082518862366385e+02
2.920000000000000000e+02 -3.332578060249635143e+01
2.930000000000000000e+02 8.586021043742952941e-01
2.940000000000000000e+02 -4.279020350387961713e+01
2.950000000000000000e+02 -2.670227434574511705e+01
2.960000000000000000e+02 5.104021487233858068e+00
2.970000000000000000e+02 -4.808113398212264400e+01
2.980000000000000000e+02 -5.635964456609080742e+00
2.990000000000000000e+02 1.096846100584343198e+01
3.000000000000000000e+02 -3.921117240062685738e+01
3.010000000000000000e+02 -9.476295355498751860e+01
3.020000000000000000e+02 -3.037818176895129696e+01
3.030000000000000000e+02 5.464483040747627474e-01
3.040000000000000000e+02 -1.271738620206742709e+01
3.050000000000000000e+02 -5.199300072683703178e+01
3.060000000000000000e+02 5.963671827388230540e+00
3.070000000000000000e+02 -1.048422065451175023e+01
3.080000000000000000e+02 -9.985156299353855403e+00
3.090000000000000000e+02 -7.672178701083309349e+00
3.100000000000000000e+02 -5.389631404912013757e+00
3.110000000000000000e+02 -2.295026112846323940e+01
3.120000000000000000e+02 -4.861638827405971597e+01
3.130000000000000000e+02 3.713141847703335685e+01
3.140000000000000000e+02 -1.027678398117786962e+01
3.150000000000000000e+02 -1.404563466268329819e+01
3.160000000000000000e+02 2.624570557873211030e+01
3.170000000000000000e+02 -2.214963860803169737e+01
3.180000000000000000e+02 3.894193451113493154e+01
3.190000000000000000e+02 -8.202014668981632894e+00
3.200000000000000000e+02 -5.317250345233448527e+00
3.210000000000000000e+02 -1.082407192624746806e+01
3.220000000000000000e+02 -1.548337689922558091e+01
3.230000000000000000e+02 -9.268486662818851585e+00
3.240000000000000000e+02 -5.131099434772353973e+00
3.250000000000000000e+02 -2.766970867244169696e+01
3.260000000000000000e+02 -5.916616246860119332e+01
3.270000000000000000e+02 -6.165564669222172967e+01
3.280000000000000000e+02 -2.711378654750220818e+01
3.290000000000000000e+02 9.932931297406215165e+00
3.300000000000000000e+02 -3.049632220466427412e+01
3.310000000000000000e+02 -5.651226084944035932e+01
3.320000000000000000e+02 -3.862536652883223809e+01
3.330000000000000000e+02 -2.055665478646426081e+01
3.340000000000000000e+02 1.228219659002389719e+01
3.350000000000000000e+02 -3.256131760030957167e+01
3.360000000000000000e+02 2.973939468810209164e+01
3.370000000000000000e+02 -2.581197239939572086e+01
3.380000000000000000e+02 -8.446679466353577936e+01
3.390000000000000000e+02 -1.424628190631624136e+01
3.400000000000000000e+02 -3.491957150381598041e+01
3.410000000000000000e+02 -7.217795189141470757e+01
3.420000000000000000e+02 -1.987977020945374917e+01
3.430000000000000000e+02 -2.338842280415364172e+01
3.440000000000000000e+02 2.612943423879257665e+01
3.450000000000000000e+02 4.761902235224688695e+01
3.460000000000000000e+02 -1.888966696523961319e+00
3.470000000000000000e+02 4.433055309147797374e+01
3.480000000000000000e+02 1.104723705145417370e+02
3.490000000000000000e+02 1.031928003750695808e+02
3.500000000000000000e+02 1.193724598635077712e+02
3.510000000000000000e+02 1.338354031162251658e+02
3.520000000000000000e+02 7.805791363564199514e+01
3.530000000000000000e+02 1.174838367982553677e+02
3.540000000000000000e+02 9.569014157590433456e+01
3.550000000000000000e+02 1.042461951517448995e+02
3.560000000000000000e+02 1.171381742056770321e+02
3.570000000000000000e+02 1.034713386512697326e+02
3.580000000000000000e+02 7.929087750200447715e+01
3.590000000000000000e+02 1.080343251758498582e+02
3.600000000000000000e+02 -9.179321154338069277e+00
3.610000000000000000e+02 1.116074659118437751e+02
3.620000000000000000e+02 1.489199430086992777e+02
3.630000000000000000e+02 9.199436076211443947e+01
3.640000000000000000e+02 6.937115048099501280e+01
3.650000000000000000e+02 -1.025181853198294846e+01
3.660000000000000000e+02 6.458996703917642890e+01
3.670000000000000000e+02 1.145444089858554122e+02
3.680000000000000000e+02 9.390808410628504532e+01
3.690000000000000000e+02 6.307781418057913214e+01
3.700000000000000000e+02 1.110707391909763260e+02
3.710000000000000000e+02 -4.544599496991701670e+01
3.720000000000000000e+02 6.047114311355421989e+01
3.730000000000000000e+02 1.055971674259264859e+02
3.740000000000000000e+02 9.290758750946696409e+01
3.750000000000000000e+02 9.075722197028115090e+01
3.760000000000000000e+02 1.053637906374959528e+02
3.770000000000000000e+02 7.029201574805888697e+01
3.780000000000000000e+02 1.228112077486281777e+02
3.790000000000000000e+02 1.172301685207242912e+02
3.800000000000000000e+02 8.131626034745815446e+01
3.810000000000000000e+02 1.503943774521195564e+02
3.820000000000000000e+02 1.220878612668814043e+02
3.830000000000000000e+02 1.445072516991927785e+02
3.840000000000000000e+02 1.160511828597320800e+02
3.850000000000000000e+02 6.709951632180278125e+01
3.860000000000000000e+02 1.602085386984980175e+02
3.870000000000000000e+02 1.691430418763324610e+02
3.880000000000000000e+02 1.559285956534753552e+02
3.890000000000000000e+02 3.628478070981127246e+01
3.900000000000000000e+02 1.146958596969164148e+02
3.910000000000000000e+02 3.919431191542997794e+01
3.920000000000000000e+02 1.310420268843299425e+02
3.930000000000000000e+02 1.255426774755258492e+02
3.940000000000000000e+02 1.175900883311980749e+02
3.950000000000000000e+02 1.178938805869994297e+02
3.960000000000000000e+02 9.268419178827033988e+01
3.970000000000000000e+02 1.254621356274200821e+02
3.980000000000000000e+02 1.293358249204702020e+02
3.990000000000000000e+02 1.256998867575460963e+02
4.000000000000000000e+02 1.300566556687091122e+02
4.010000000000000000e+02 9.995228793135451895e+01
4.020000000000000000e+02 1.442850638795139560e+02
4.030000000000000000e+02 8.838968592367582744e+01
4.040000000000000000e+02 1.337492316388783706e+02
4.050000000000000000e+02 1.261090601268331284e+02
4.060000000000000000e+02 1.561716960977188080e+02
4.070000000000000000e+02 1.260853943034346969e+02
4.080000000000000000e+02 6.731942212213748178e+01
4.090000000000000000e+02 1.059388609301193753e+02
4.100000000000000000e+02 1.169134077073399141e+02
4.110000000000000000e+02 1.000446203211525784e+02
4.120000000000000000e+02 1.015854460601143927e+02
4.130000000000000000e+02 1.163872942900931520e+02
4.140000000000000000e+02 1.705330482335879481e+02
4.150000000000000000e+02 1.511648033206628838e+02
4.160000000000000000e+02 9.812657046929044213e+01
4.170000000000000000e+02 1.586936012074576752e+02
4.180000000000000000e+02 1.255895471370962326e+02
4.190000000000000000e+02 1.326436120705869257e+02
4.200000000000000000e+02 -1.002645340593560235e+02
4.210000000000000000e+02 -1.721490859433963294e+01
4.220000000000000000e+02 4.181917307355547564e+01
4.230000000000000000e+02 5.990631267771638591e+01
4.240000000000000000e+02 -4.637351742671351928e+01
4.250000000000000000e+02 1.970524477460438906e+00
4.260000000000000000e+02 6.904264612002603485e+01
4.270000000000000000e+02 9.135481457326571331e+01
4.280000000000000000e+02 8.574775082519016678e+01
4.290000000000000000e+02 8.918011285582243985e+00
4.300000000000000000e+02 9.626757528555756949e+01
4.310000000000000000e+02 7.225568029929411296e+01
4.320000000000000000e+02 8.021853610366169107e+01
4.330000000000000000e+02 1.426528461050006342e+02
4.340000000000000000e+02 9.093877210476104267e+01
4.350000000000000000e+02 8.562001407203192116e+01
4.360000000000000000e+02 9.619901934413900335e+01
4.370000000000000000e+02 1.219721083693561781e+02
4.380000000000000000e+02 1.053595715429199657e+02
4.390000000000000000e+02 7.234940121818539183e+01
4.400000000000000000e+02 1.393852397277559589e+02
4.410000000000000000e+02 1.148597060706485138e+02
4.420000000000000000e+02 9.606390337303410831e+01
4.430000000000000000e+02 -3.785521526317667806e+00
4.440000000000000000e+02 1.388482125051993989e+02
4.450000000000000000e+02 9.662281116556329152e+01
4.460000000000000000e+02 8.915587508739645273e+01
4.470000000000000000e+02 1.610435522759065350e+02
4.480000000000000000e+02 9.966484909756111676e+01
4.490000000000000000e+02 9.377994986090452301e+01
4.500000000000000000e+02 7.532217800551980247e+01
4.510000000000000000e+02 1.349370051905722221e+02
4.520000000000000000e+02 5.191290978282537338e+01
4.530000000000000000e+02 8.685539109616271958e+01
4.540000000000000000e+02 1.263894468567784202e+02
4.550000000000000000e+02 1.269467954691979799e+02
4.560000000000000000e+02 1.257860043279639370e+02
4.570000000000000000e+02 1.117504127217164864e+02
4.580000000000000000e+02 1.312535149130365824e+02
4.590000000000000000e+02 1.473338174733196979e+02
4.600000000000000000e+02 1.332043091162859696e+02
4.610000000000000000e+02 1.413959067254514252e+02
4.620000000000000000e+02 1.442383526433358440e+02
4.630000000000000000e+02 1.456146778683932439e+02
4.640000000000000000e+02 1.269388401671075712e+02
4.650000000000000000e+02 6.012529526692298276e+01
4.660000000000000000e+02 1.225497901296478034e+02
4.670000000000000000e+02 9.837836772471024460e+01
4.680000000000000000e+02 1.392644794002074775e+02
4.690000000000000000e+02 8.168956935946297904e+01
4.700000000000000000e+02 1.319602105067112916e+02
4.710000000000000000e+02 1.495974084645928883e+02
4.720000000000000000e+02 1.080157299649818157e+02
4.730000000000000000e+02 1.386133297529233346e+02
4.740000000000000000e+02 1.122922558828181536e+02
4.750000000000000000e+02 1.269740518933688520e+02
4.760000000000000000e+02 1.408950317903776295e+02
4.770000000000000000e+02 1.143271919540514290e+02
4.780000000000000000e+02 1.126371657447357819e+02
4.790000000000000000e+02 4.038066617589416296e+01
4.800000000000000000e+02 1.426939567906035791e+02
4.810000000000000000e+02 1.178843015095082194e+02
4.820000000000000000e+02 1.024172904781435847e+02
4.830000000000000000e+02 1.418971505612359181e+02
4.840000000000000000e+02 1.214316267752857783e+02
4.850000000000000000e+02 1.468199275292963932e+02
4.860000000000000000e+02 1.316129798783613012e+02
4.870000000000000000e+02 1.595796741950828448e+02
4.880000000000000000e+02 1.307057264255883240e+02
4.890000000000000000e+02 1.139048561225015277e+02
4.900000000000000000e+02 1.300386541763354558e+02
4.910000000000000000e+02 1.121557821995165938e+02
4.920000000000000000e+02 1.130243051412267334e+02
4.930000000000000000e+02 1.430677857712682055e+02
4.940000000000000000e+02 1.472024980493757198e+02
4.950000000000000000e+02 1.299264126584468499e+02
4.960000000000000000e+02 9.365713949352596046e+01
4.970000000000000000e+02 1.174251067999745430e+02
4.980000000000000000e+02 1.287233915009289262e+02
4.990000000000000000e+02 6.256264208589188058e+01
5.000000000000000000e+02 1.397353173686023524e+02
5.010000000000000000e+02 1.542531872083881979e+02
5.020000000000000000e+02 1.248370453285607198e+02
5.030000000000000000e+02 1.530781298885809179e+02
5.040000000000000000e+02 9.305394940125194125e+01
5.050000000000000000e+02 1.063792434766693447e+02
5.060000000000000000e+02 1.468959088214704138e+02
5.070000000000000000e+02 1.010635424067594812e+02
5.080000000000000000e+02 1.238408894905346074e+02
5.090000000000000000e+02 1.087391930130330024e+02
5.100000000000000000e+02 1.064289766196679636e+02
5.110000000000000000e+02 1.101864438513967031e+02
5.120000000000000000e+02 1.200910608722441850e+02
5.130000000000000000e+02 1.204402457340116399e+02
5.140000000000000000e+02 7.422999268859392430e+01
5.150000000000000000e+02 1.233974108895970829e+02
5.160000000000000000e+02 9.720057929850362655e+01
5.170000000000000000e+02 1.524568425660272624e+02
5.180000000000000000e+02 9.425141091334765520e+01
5.190000000000000000e+02 1.309171988147082004e+02
5.200000000000000000e+02 1.582904427309096889e+02
5.210000000000000000e+02 1.054565077875065811e+02
5.220000000000000000e+02 9.746217820871156334e+01
5.230000000000000000e+02 5.739170601086237866e+01
5.240000000000000000e+02 1.840984701814417690e+01
5.250000000000000000e+02 9.272096809322005129e+01
5.260000000000000000e+02 9.288958651501749841e+01
5.270000000000000000e+02 1.418601736007966849e+02
5.280000000000000000e+02 1.131526753699785104e+02
5.290000000000000000e+02 9.803877513929421639e+01
5.300000000000000000e+02 1.113399711197497339e+02
5.310000000000000000e+02 1.175970899695360288e+02
5.320000000000000000e+02 1.137231259658170472e+02
5.330000000000000000e+02 1.418967617086217103e+02
5.340000000000000000e+02 9.297769212469079037e+01
5.350000000000000000e+02 1.459842929173203459e+02
5.360000000000000000e+02 1.234812912264330578e+02
5.370000000000000000e+02 1.214324804922730578e+02
5.380000000000000000e+02 8.502417583532491108e+01
5.390000000000000000e+02 1.304783372619183410e+02
5.400000000000000000e+02 1.208546661945445635e+02
5.410000000000000000e+02 1.337409802146978279e+02
5.420000000000000000e+02 1.269507780317299250e+02
5.430000000000000000e+02 1.671046378814154139e+02
5.440000000000000000e+02 1.739978838729828681e+02
5.450000000000000000e+02 1.812594088517963087e+02
5.460000000000000000e+02 3.041312215149844178e+01
5.470000000000000000e+02 1.856081932395136107e+02
5.480000000000000000e+02 1.332962827593720760e+02
5.490000000000000000e+02 1.692929989488791023e+02
5.500000000000000000e+02 1.578030385150687778e+02
5.510000000000000000e+02 1.542381126283497110e+02
5.520000000000000000e+02 1.719441833560027248e+02
5.530000000000000000e+02 1.716817037686702463e+02
5.540000000000000000e+02 1.553683632647078241e+02
5.550000000000000000e+02 1.306858258533167714e+02
5.560000000000000000e+02 1.043357161426323216e+02
5.570000000000000000e+02 1.343991573192782312e+02
5.580000000000000000e+02 6.800233302137554858e+01
5.590000000000000000e+02 1.488603133352537498e+02
5.600000000000000000e+02 1.347209086920423999e+02
5.610000000000000000e+02 -1.969885441711017648e+01
5.620000000000000000e+02 3.268341522643581953e+01
5.630000000000000000e+02 4.641394134221806134e+00
5.640000000000000000e+02 1.529557023352111571e+02
5.650000000000000000e+02 1.323146120911966079e+02
5.660000000000000000e+02 1.064207162571991461e+02
5.670000000000000000e+02 1.105659175848458915e+02
5.680000000000000000e+02 1.106433527587809778e+02
5.690000000000000000e+02 1.629181080390430054e+02
5.700000000000000000e+02 1.720389443168399168e+02
5.710000000000000000e+02 1.572115936999140899e+02
5.720000000000000000e+02 1.512811376063630178e+02
5.730000000000000000e+02 1.340733880727788119e+02
5.740000000000000000e+02 1.144849458207666686e+02
5.750000000000000000e+02 1.254792710946039591e+02
5.760000000000000000e+02 1.168761292544758561e+02
5.770000000000000000e+02 1.258736451250779709e+02
5.780000000000000000e+02 1.592574828482997304e+02
5.790000000000000000e+02 1.550006188239175060e+02
5.800000000000000000e+02 1.384727062243029252e+02
5.810000000000000000e+02 1.373699106154305127e+02
5.820000000000000000e+02 1.134639216822836545e+02
5.830000000000000000e+02 1.510137791603021071e+02
5.840000000000000000e+02 7.485779169259870969e+01
5.850000000000000000e+02 1.099000067406725947e+02
5.860000000000000000e+02 1.098261015085122665e+02
5.870000000000000000e+02 1.559974467636394309e+02
5.880000000000000000e+02 1.470924837893417703e+02
5.890000000000000000e+02 1.083138276397781681e+02
5.900000000000000000e+02 -7.775224198010448617e-01
5.910000000000000000e+02 1.157077135733344875e+02
5.920000000000000000e+02 1.515010763151825017e+02
5.930000000000000000e+02 1.708688104312407461e+02
5.940000000000000000e+02 1.555505060254152170e+02
5.950000000000000000e+02 1.590978509500963582e+02
5.960000000000000000e+02 1.566083235817538366e+02
5.970000000000000000e+02 1.264310241111693074e+02
5.980000000000000000e+02 1.606492400973718304e+02
5.990000000000000000e+02 1.563976092322364480e+02
