0.000000000000000000e+00 1.985422082637485763e-01
1.000000000000000000e+00 6.182290949767693666e-01
2.000000000000000000e+00 8.673923032788130039e-01
3.000000000000000000e+00 9.825811178312389149e-01
4.000000000000000000e+00 9.883400041882585141e-01
5.000000000000000000e+00 8.342711480184533679e-01
6.000000000000000000e+00 8.034707788637903692e-01
7.000000000000000000e+00 4.828276245357239205e-01
8.000000000000000000e+00 5.034631070347479476e-01
9.000000000000000000e+00 7.649323312036784839e-02
1.000000000000000000e+01 7.304562630704025672e-02
1.100000000000000000e+01 2.463819188534790705e-01
1.200000000000000000e+01 1.924324280599940540e-01
1.300000000000000000e+01 4.548581768359456490e-01
1.400000000000000000e+01 2.124579627784567160e-01
1.500000000000000000e+01 5.223442868274801032e-02
1.600000000000000000e+01 2.153189968566099899e-01
1.700000000000000000e+01 6.944022465578156278e-02
1.800000000000000000e+01 2.426987656654091552e-01
1.900000000000000000e+01 1.712521582517934904e-01
2.000000000000000000e+01 1.840184116736054420e-01
2.100000000000000000e+01 2.707118533172045427e-01
2.200000000000000000e+01 2.993611268423221894e-01
2.300000000000000000e+01 5.864193145441645022e-02
2.400000000000000000e+01 4.989676535935014950e-02
2.500000000000000000e+01 5.483717629510276997e-02
2.600000000000000000e+01 5.162911316970499737e-02
2.700000000000000000e+01 5.115826982967178888e-02
2.800000000000000000e+01 4.980374476050629384e-02
2.900000000000000000e+01 4.992689480822460474e-02
3.000000000000000000e+01 4.980940062482402259e-02
3.100000000000000000e+01 5.120446390921263441e-02
3.200000000000000000e+01 5.057218390839551825e-02
3.300000000000000000e+01 5.121846041922122061e-02
3.400000000000000000e+01 5.531887834840411300e-02
3.500000000000000000e+01 2.610300777080329371e-01
3.600000000000000000e+01 5.343990492597222586e-01
3.700000000000000000e+01 5.395095734470012339e-02
3.800000000000000000e+01 6.981129596966344220e-02
3.900000000000000000e+01 3.494733168647207178e-01
4.000000000000000000e+01 3.316880030436412663e-01
4.100000000000000000e+01 2.423869420164897204e-01
4.200000000000000000e+01 2.082159029341291989e-01
4.300000000000000000e+01 2.194720771836323747e-01
4.400000000000000000e+01 2.155950720318489666e-01
4.500000000000000000e+01 1.491890686212791750e-01
4.600000000000000000e+01 1.286111136898398510e-01
4.700000000000000000e+01 9.979471423849463341e-02
4.800000000000000000e+01 1.950882818810641683e-01
4.900000000000000000e+01 1.519327864896606872e-01
5.000000000000000000e+01 9.156631012676191839e-01
5.100000000000000000e+01 7.621210969186255069e-01
5.200000000000000000e+01 7.592530111697587403e-01
5.300000000000000000e+01 7.526434073759906695e-01
5.400000000000000000e+01 9.978636763465236204e-01
5.500000000000000000e+01 8.665250490109125403e-01
5.600000000000000000e+01 8.249139811408210399e-01
5.700000000000000000e+01 1.000000000000000000e+00
5.800000000000000000e+01 9.986485103030263710e-01
5.900000000000000000e+01 9.989711266674407009e-01
6.000000000000000000e+01 9.689902104772962765e-01
6.100000000000000000e+01 8.161853691324209015e-01
6.200000000000000000e+01 6.572884991611560590e-01
6.300000000000000000e+01 8.689623071265875076e-01
6.400000000000000000e+01 9.770177694583179751e-01
6.500000000000000000e+01 9.518882967176891530e-01
6.600000000000000000e+01 9.801808176217255975e-01
6.700000000000000000e+01 8.589111608002455434e-01
6.800000000000000000e+01 7.602398918125401472e-01
6.900000000000000000e+01 9.614020892269703467e-01
7.000000000000000000e+01 7.810794239009457574e-01
7.100000000000000000e+01 1.330470916591584563e-01
7.200000000000000000e+01 1.752319670319557321e-01
7.300000000000000000e+01 1.426648736931383499e-01
7.400000000000000000e+01 1.333214116059243670e-01
7.500000000000000000e+01 1.513249911405146197e-01
7.600000000000000000e+01 1.465170342028140893e-01
7.700000000000000000e+01 1.890011709071695856e-01
7.800000000000000000e+01 3.588300265523289845e-01
7.900000000000000000e+01 2.401187702964403259e-01
8.000000000000000000e+01 9.471983179785763152e-02
8.100000000000000000e+01 1.464317879858482441e-01
8.200000000000000000e+01 7.647507275507701985e-02
8.300000000000000000e+01 5.007558427751064578e-02
8.400000000000000000e+01 5.102598562464118193e-02
8.500000000000000000e+01 1.204460867367307120e-01
8.600000000000000000e+01 1.012889687368210279e-01
8.700000000000000000e+01 6.303740418702363790e-02
8.800000000000000000e+01 1.403298920611055767e-01
8.900000000000000000e+01 1.754996821247041261e-01
9.000000000000000000e+01 9.940686972811818567e-02
9.100000000000000000e+01 1.451109634339809440e-01
9.200000000000000000e+01 1.341354861818253863e-01
9.300000000000000000e+01 1.426541123241186204e-01
9.400000000000000000e+01 2.995959407091140503e-01
9.500000000000000000e+01 5.368791327588260387e-01
9.600000000000000000e+01 7.034832944571971503e-01
9.700000000000000000e+01 4.973529300354421201e-01
9.800000000000000000e+01 4.392468400076031676e-01
9.900000000000000000e+01 7.854185378924012362e-01
1.000000000000000000e+02 5.495968703962862412e-01
1.010000000000000000e+02 6.143819655217230835e-01
1.020000000000000000e+02 9.339481385458598961e-01
1.030000000000000000e+02 7.840017827190458588e-01
1.040000000000000000e+02 6.810986683219670823e-01
1.050000000000000000e+02 6.273983401581645358e-01
1.060000000000000000e+02 4.891561246141791219e-01
1.070000000000000000e+02 7.917464294731616503e-01
1.080000000000000000e+02 7.556128590218722518e-01
1.090000000000000000e+02 6.403760644532739965e-01
1.100000000000000000e+02 8.124225647747516099e-01
1.110000000000000000e+02 8.592987581267952368e-01
1.120000000000000000e+02 8.299252210110426020e-01
1.130000000000000000e+02 8.042453589886426890e-01
1.140000000000000000e+02 6.076802027300000075e-01
1.150000000000000000e+02 5.101590807512402792e-01
1.160000000000000000e+02 5.052747530117630559e-01
1.170000000000000000e+02 4.972783673703670693e-01
1.180000000000000000e+02 5.131390676870941636e-01
1.190000000000000000e+02 3.935613654777407877e-01
1.200000000000000000e+02 4.404971134178340408e-01
1.210000000000000000e+02 2.454731705114245321e-01
1.220000000000000000e+02 5.161098192147910435e-01
1.230000000000000000e+02 5.688182082772255121e-01
1.240000000000000000e+02 8.487269107997417183e-01
1.250000000000000000e+02 8.699413166642189221e-01
1.260000000000000000e+02 8.631521085649729308e-01
1.270000000000000000e+02 7.803825926333666230e-01
1.280000000000000000e+02 5.744837387464940548e-01
1.290000000000000000e+02 6.871617797383650084e-01
1.300000000000000000e+02 9.587249179482459915e-01
1.310000000000000000e+02 6.389297861754894559e-01
1.320000000000000000e+02 9.661184312701225352e-01
1.330000000000000000e+02 9.386183882951736335e-01
1.340000000000000000e+02 9.971886931657790720e-01
1.350000000000000000e+02 9.929198650717735442e-01
1.360000000000000000e+02 9.982089152932167586e-01
1.370000000000000000e+02 9.209459758698940179e-01
1.380000000000000000e+02 9.548856382668018394e-01
1.390000000000000000e+02 9.153514564782381235e-01
1.400000000000000000e+02 9.337205275893211143e-01
1.410000000000000000e+02 9.484253322780131779e-01
1.420000000000000000e+02 9.288999108672142402e-01
1.430000000000000000e+02 9.480636890232563285e-01
1.440000000000000000e+02 9.320534424781798943e-01
1.450000000000000000e+02 9.155631805658340783e-01
1.460000000000000000e+02 8.607017775997519715e-01
1.470000000000000000e+02 8.430728292018174752e-01
1.480000000000000000e+02 9.481104786396026274e-01
1.490000000000000000e+02 9.823485462069511120e-01
1.500000000000000000e+02 9.871552055105566881e-01
1.510000000000000000e+02 9.762475131154060293e-01
1.520000000000000000e+02 9.600028561949729422e-01
1.530000000000000000e+02 9.652525930404662891e-01
1.540000000000000000e+02 9.918814134597778720e-01
1.550000000000000000e+02 9.996886725425719877e-01
1.560000000000000000e+02 9.528508935421705628e-01
1.570000000000000000e+02 9.858431363105774059e-01
1.580000000000000000e+02 9.891948986053467063e-01
1.590000000000000000e+02 9.956732373833656613e-01
1.600000000000000000e+02 9.837244117558002765e-01
1.610000000000000000e+02 9.981295418739318803e-01
1.620000000000000000e+02 9.823898597955703638e-01
1.630000000000000000e+02 9.999060693383217124e-01
1.640000000000000000e+02 9.999966881275177411e-01
1.650000000000000000e+02 9.993257154226302674e-01
1.660000000000000000e+02 9.999721728563308876e-01
1.670000000000000000e+02 9.901430770158767825e-01
1.680000000000000000e+02 9.760699368715286539e-01
1.690000000000000000e+02 9.922161371707916011e-01
1.700000000000000000e+02 9.983771961927413452e-01
1.710000000000000000e+02 9.935022528767585293e-01
1.720000000000000000e+02 9.946829009265459876e-01
1.730000000000000000e+02 9.905779474377631733e-01
1.740000000000000000e+02 9.990424064397811499e-01
1.750000000000000000e+02 9.705987325906753060e-01
1.760000000000000000e+02 9.939078209400177277e-01
1.770000000000000000e+02 9.652456666827201603e-01
1.780000000000000000e+02 9.557486155033111386e-01
1.790000000000000000e+02 9.522993021607398800e-01
1.800000000000000000e+02 9.872351948022842771e-01
1.810000000000000000e+02 9.510612487196922205e-01
1.820000000000000000e+02 9.808030784726142759e-01
1.830000000000000000e+02 9.754221512675285144e-01
1.840000000000000000e+02 9.701527913212776300e-01
1.850000000000000000e+02 9.809954385757446715e-01
1.860000000000000000e+02 9.669075528383255236e-01
1.870000000000000000e+02 9.576123053431511156e-01
1.880000000000000000e+02 9.447384043931961184e-01
1.890000000000000000e+02 9.735333610177040464e-01
1.900000000000000000e+02 9.943011798262596512e-01
1.910000000000000000e+02 9.803380178213119134e-01
1.920000000000000000e+02 9.793661674261092687e-01
1.930000000000000000e+02 9.773185617327689867e-01
1.940000000000000000e+02 9.769185579419136234e-01
1.950000000000000000e+02 9.619641965031623387e-01
1.960000000000000000e+02 9.743577655553817829e-01
1.970000000000000000e+02 9.686506542563438904e-01
1.980000000000000000e+02 9.758983370661735712e-01
1.990000000000000000e+02 9.678963956236839028e-01
2.000000000000000000e+02 9.783986910581589092e-01
2.010000000000000000e+02 9.685723156332969319e-01
2.020000000000000000e+02 9.711350709199905173e-01
2.030000000000000000e+02 9.848304256796837075e-01
2.040000000000000000e+02 9.978536007404327224e-01
2.050000000000000000e+02 9.949508025646209841e-01
2.060000000000000000e+02 9.862846102118492109e-01
2.070000000000000000e+02 9.816977518796921043e-01
2.080000000000000000e+02 9.912310011982917723e-01
2.090000000000000000e+02 9.800376791357994222e-01
2.100000000000000000e+02 9.811503311991691678e-01
2.110000000000000000e+02 9.924658314585685925e-01
2.120000000000000000e+02 9.810578182339668718e-01
2.130000000000000000e+02 9.992097268700599333e-01
2.140000000000000000e+02 9.906705316305161046e-01
2.150000000000000000e+02 9.776838870644569690e-01
2.160000000000000000e+02 9.990785711407661474e-01
2.170000000000000000e+02 9.944115758538246697e-01
2.180000000000000000e+02 9.981388479471207109e-01
2.190000000000000000e+02 9.991318492889403879e-01
2.200000000000000000e+02 9.991855287551879572e-01
2.210000000000000000e+02 9.989019591212272564e-01
2.220000000000000000e+02 9.994586794972419863e-01
2.230000000000000000e+02 9.985405854486545385e-01
2.240000000000000000e+02 9.950836132201112960e-01
2.250000000000000000e+02 9.823419354557990646e-01
2.260000000000000000e+02 9.711379655599594596e-01
2.270000000000000000e+02 9.997128601237940115e-01
2.280000000000000000e+02 9.667685241699218723e-01
2.290000000000000000e+02 9.435596035122871816e-01
2.300000000000000000e+02 9.386326138377190098e-01
2.310000000000000000e+02 9.481971533298492183e-01
2.320000000000000000e+02 9.514847126007079936e-01
2.330000000000000000e+02 9.545199375152587651e-01
2.340000000000000000e+02 9.715302546024322528e-01
2.350000000000000000e+02 9.881088958382606702e-01
2.360000000000000000e+02 9.885248106718063088e-01
2.370000000000000000e+02 9.876198090314864952e-01
2.380000000000000000e+02 9.765604048371314683e-01
2.390000000000000000e+02 9.946325401663780319e-01
2.400000000000000000e+02 9.994676325916035386e-01
2.410000000000000000e+02 9.926573853492737243e-01
2.420000000000000000e+02 9.982812582254410039e-01
2.430000000000000000e+02 9.871639782786368889e-01
2.440000000000000000e+02 9.999958881261673538e-01
2.450000000000000000e+02 9.999997062342507181e-01
2.460000000000000000e+02 9.952327305078506603e-01
2.470000000000000000e+02 9.938737206459045126e-01
2.480000000000000000e+02 9.942856573462486303e-01
2.490000000000000000e+02 9.919377440810203117e-01
2.500000000000000000e+02 9.736519559025764714e-01
2.510000000000000000e+02 9.950944631099700732e-01
2.520000000000000000e+02 9.918711697459220433e-01
2.530000000000000000e+02 9.987339064530674770e-01
2.540000000000000000e+02 9.995308999730422306e-01
2.550000000000000000e+02 9.989958881139755498e-01
2.560000000000000000e+02 9.900290363430976903e-01
2.570000000000000000e+02 9.827481495738029649e-01
2.580000000000000000e+02 9.906074220538139130e-01
2.590000000000000000e+02 9.827492819428443882e-01
2.600000000000000000e+02 9.677485510706901328e-01
2.610000000000000000e+02 9.945053179860114945e-01
2.620000000000000000e+02 9.909904589653014684e-01
2.630000000000000000e+02 9.965555084347724746e-01
2.640000000000000000e+02 9.952161611318588452e-01
2.650000000000000000e+02 9.969282575845718197e-01
2.660000000000000000e+02 9.925660029649734373e-01
2.670000000000000000e+02 9.905547966361045731e-01
2.680000000000000000e+02 9.865658675432205094e-01
2.690000000000000000e+02 9.764239366054534575e-01
2.700000000000000000e+02 9.874935647845268782e-01
2.710000000000000000e+02 9.851221204400062437e-01
2.720000000000000000e+02 9.837905851006507607e-01
2.730000000000000000e+02 9.796762830615043383e-01
2.740000000000000000e+02 9.818955916762351910e-01
2.750000000000000000e+02 9.973539553880691466e-01
2.760000000000000000e+02 9.849927094578743159e-01
2.770000000000000000e+02 9.826456903219222827e-01
2.780000000000000000e+02 9.507232586145401010e-01
2.790000000000000000e+02 9.770320812463760829e-01
2.800000000000000000e+02 9.879785546660423412e-01
2.810000000000000000e+02 9.681126430630684343e-01
2.820000000000000000e+02 9.801253004670142932e-01
2.830000000000000000e+02 9.874710803627967382e-01
2.840000000000000000e+02 9.882432649731636154e-01
2.850000000000000000e+02 9.548752032539821188e-01
2.860000000000000000e+02 9.974202650189399888e-01
2.870000000000000000e+02 9.863879522085189366e-01
2.880000000000000000e+02 9.911772954463958785e-01
2.890000000000000000e+02 9.910483820438384939e-01
2.900000000000000000e+02 9.465654488205910155e-01
2.910000000000000000e+02 9.355818594933724697e-01
2.920000000000000000e+02 9.989600906372070321e-01
2.930000000000000000e+02 9.991285086274147575e-01
2.940000000000000000e+02 9.992925776839256535e-01
2.950000000000000000e+02 9.999223368167877712e-01
2.960000000000000000e+02 9.982634544372558372e-01
2.970000000000000000e+02 9.653473823666572917e-01
2.980000000000000000e+02 9.479796587228774829e-01
2.990000000000000000e+02 9.550250914096832799e-01
3.000000000000000000e+02 9.027331485152244595e-01
3.010000000000000000e+02 8.826505448222160544e-01
3.020000000000000000e+02 8.913116514682769553e-01
3.030000000000000000e+02 9.209779337048530357e-01
3.040000000000000000e+02 9.194189135432243587e-01
3.050000000000000000e+02 9.387340013980864928e-01
3.060000000000000000e+02 9.171315591335296169e-01
3.070000000000000000e+02 9.474037414789200362e-01
3.080000000000000000e+02 9.437386423349380937e-01
3.090000000000000000e+02 9.203172814249992451e-01
3.100000000000000000e+02 9.538993385434150207e-01
3.110000000000000000e+02 9.597629200220108014e-01
3.120000000000000000e+02 9.255770995020866643e-01
3.130000000000000000e+02 9.390413661003113033e-01
3.140000000000000000e+02 9.454571062326431186e-01
3.150000000000000000e+02 9.681399198174476251e-01
3.160000000000000000e+02 9.663349437117576546e-01
3.170000000000000000e+02 9.538962668776511666e-01
3.180000000000000000e+02 9.737469593286514069e-01
3.190000000000000000e+02 9.765247585177421197e-01
3.200000000000000000e+02 9.689218046069145718e-01
3.210000000000000000e+02 9.764490796923637195e-01
3.220000000000000000e+02 9.847448887825012154e-01
3.230000000000000000e+02 9.848746263384818844e-01
3.240000000000000000e+02 9.956285845041275007e-01
3.250000000000000000e+02 9.908121837377548147e-01
3.260000000000000000e+02 9.885909443497657989e-01
3.270000000000000000e+02 9.926803324818611607e-01
3.280000000000000000e+02 9.715283119678497226e-01
3.290000000000000000e+02 9.530212478041648616e-01
3.300000000000000000e+02 9.843472837805747888e-01
3.310000000000000000e+02 9.817007674574852460e-01
3.320000000000000000e+02 9.764395629167557100e-01
3.330000000000000000e+02 9.766838511228561615e-01
3.340000000000000000e+02 9.701405570507050102e-01
3.350000000000000000e+02 9.794045401811599660e-01
3.360000000000000000e+02 9.598863663077354946e-01
3.370000000000000000e+02 9.638527932763100159e-01
3.380000000000000000e+02 9.813715404272079779e-01
3.390000000000000000e+02 9.922187145948410114e-01
3.400000000000000000e+02 9.905577563047408551e-01
3.410000000000000000e+02 9.953765210509299965e-01
3.420000000000000000e+02 9.838605653047561850e-01
3.430000000000000000e+02 9.951732816100120615e-01
3.440000000000000000e+02 9.768695250749588332e-01
3.450000000000000000e+02 9.772593852877616838e-01
3.460000000000000000e+02 9.856553915143012601e-01
3.470000000000000000e+02 9.730606097579002078e-01
3.480000000000000000e+02 9.912182459235191478e-01
3.490000000000000000e+02 9.829850048422813513e-01
3.500000000000000000e+02 9.977592006921768286e-01
3.510000000000000000e+02 9.992606196999549439e-01
3.520000000000000000e+02 9.990779103636742153e-01
3.530000000000000000e+02 9.997475698590279070e-01
3.540000000000000000e+02 9.988780186772346914e-01
3.550000000000000000e+02 9.976484885215759491e-01
3.560000000000000000e+02 9.969044729471207011e-01
3.570000000000000000e+02 9.983510532379150648e-01
3.580000000000000000e+02 9.965230247974395938e-01
3.590000000000000000e+02 9.927512770891189220e-01
3.600000000000000000e+02 9.980111820357185914e-01
3.610000000000000000e+02 9.906587691903114834e-01
3.620000000000000000e+02 9.924403156042098662e-01
3.630000000000000000e+02 9.788170192837715167e-01
3.640000000000000000e+02 9.942786943316459514e-01
3.650000000000000000e+02 9.965880487184479719e-01
3.660000000000000000e+02 9.949704509377479411e-01
3.670000000000000000e+02 9.922901720404625481e-01
3.680000000000000000e+02 9.824541910886764873e-01
3.690000000000000000e+02 9.938042966127396127e-01
3.700000000000000000e+02 9.895589319467544831e-01
3.710000000000000000e+02 9.253762909173965934e-01
3.720000000000000000e+02 9.950201340913772396e-01
3.730000000000000000e+02 9.960664743185043690e-01
3.740000000000000000e+02 9.965349619984626983e-01
3.750000000000000000e+02 9.987295666933059257e-01
3.760000000000000000e+02 9.947742083668709157e-01
3.770000000000000000e+02 9.900921146869658962e-01
3.780000000000000000e+02 9.935723479390143886e-01
3.790000000000000000e+02 9.759659447073936178e-01
3.800000000000000000e+02 9.980571300983428484e-01
3.810000000000000000e+02 9.904855965375900517e-01
3.820000000000000000e+02 9.829409466385841121e-01
3.830000000000000000e+02 9.880136297941207735e-01
3.840000000000000000e+02 9.935121306777000560e-01
3.850000000000000000e+02 9.945821135044098371e-01
3.860000000000000000e+02 9.946652033925056369e-01
3.870000000000000000e+02 9.956007858514785980e-01
3.880000000000000000e+02 9.975741339325905344e-01
3.890000000000000000e+02 9.727337957024574377e-01
3.900000000000000000e+02 9.971931241154671222e-01
3.910000000000000000e+02 9.958142948150634499e-01
3.920000000000000000e+02 9.919746719002723312e-01
3.930000000000000000e+02 9.931820055842399686e-01
3.940000000000000000e+02 9.970151123404502602e-01
3.950000000000000000e+02 9.944022005796432362e-01
3.960000000000000000e+02 9.889828297495841802e-01
3.970000000000000000e+02 9.935194992423057592e-01
3.980000000000000000e+02 9.968399629592895606e-01
3.990000000000000000e+02 9.945593876242637688e-01
4.000000000000000000e+02 9.909166965484619283e-01
4.010000000000000000e+02 9.898888564109802335e-01
4.020000000000000000e+02 9.984221250414848647e-01
4.030000000000000000e+02 9.779318273067474365e-01
4.040000000000000000e+02 9.842039110660553147e-01
4.050000000000000000e+02 9.910345508456229746e-01
4.060000000000000000e+02 9.823141825795174142e-01
4.070000000000000000e+02 9.919710313677787550e-01
4.080000000000000000e+02 9.930013137459754446e-01
4.090000000000000000e+02 9.833199818134308323e-01
4.100000000000000000e+02 9.813426851034164899e-01
4.110000000000000000e+02 9.891844691038131909e-01
4.120000000000000000e+02 9.921640074253081920e-01
4.130000000000000000e+02 9.864567078948021095e-01
4.140000000000000000e+02 9.804939586520194927e-01
4.150000000000000000e+02 9.936537526845932167e-01
4.160000000000000000e+02 9.958546037673949858e-01
4.170000000000000000e+02 9.931906166076660547e-01
4.180000000000000000e+02 9.923188196420669183e-01
4.190000000000000000e+02 9.981381214261054735e-01
4.200000000000000000e+02 9.611667980783406007e-01
4.210000000000000000e+02 9.334290829198114148e-01
4.220000000000000000e+02 9.834572816336596413e-01
4.230000000000000000e+02 9.990382510334697708e-01
4.240000000000000000e+02 9.987403721485322849e-01
4.250000000000000000e+02 9.848697661161422978e-01
4.260000000000000000e+02 9.907006758451462058e-01
4.270000000000000000e+02 9.835221385955810192e-01
4.280000000000000000e+02 9.769185963869094769e-01
4.290000000000000000e+02 9.801539907455444345e-01
4.300000000000000000e+02 9.869503720998763496e-01
4.310000000000000000e+02 9.569726370573043983e-01
4.320000000000000000e+02 9.597597856521606907e-01
4.330000000000000000e+02 9.724431657791137162e-01
4.340000000000000000e+02 9.926347812414169081e-01
4.350000000000000000e+02 9.429403080344199717e-01
4.360000000000000000e+02 9.889529268145561547e-01
4.370000000000000000e+02 9.799807621240615996e-01
4.380000000000000000e+02 9.700536488294601023e-01
4.390000000000000000e+02 9.882563821673393534e-01
4.400000000000000000e+02 9.778564339876174571e-01
4.410000000000000000e+02 9.953888567686081101e-01
4.420000000000000000e+02 9.858442732095717975e-01
4.430000000000000000e+02 9.794954810738563111e-01
4.440000000000000000e+02 9.859820391535758510e-01
4.450000000000000000e+02 9.825033898353576767e-01
4.460000000000000000e+02 9.825892201662063119e-01
4.470000000000000000e+02 9.862002863287925303e-01
4.480000000000000000e+02 9.869668787121772535e-01
4.490000000000000000e+02 9.821035737991332670e-01
4.500000000000000000e+02 9.768705594539642822e-01
4.510000000000000000e+02 9.826534345746040788e-01
4.520000000000000000e+02 9.681918568015098758e-01
4.530000000000000000e+02 9.856903514266014410e-01
4.540000000000000000e+02 9.823774982094765074e-01
4.550000000000000000e+02 9.788634598851203572e-01
4.560000000000000000e+02 9.787275223731994878e-01
4.570000000000000000e+02 9.853531453013419927e-01
4.580000000000000000e+02 9.769269320368766385e-01
4.590000000000000000e+02 9.869128835797309485e-01
4.600000000000000000e+02 9.821340367197990417e-01
4.610000000000000000e+02 9.796598083376883981e-01
4.620000000000000000e+02 9.886804378032684193e-01
4.630000000000000000e+02 9.825065962076187098e-01
4.640000000000000000e+02 9.741477521061897571e-01
4.650000000000000000e+02 9.640908444523811349e-01
4.660000000000000000e+02 9.870638025999068921e-01
4.670000000000000000e+02 9.909503902196884484e-01
4.680000000000000000e+02 9.909653433561325109e-01
4.690000000000000000e+02 9.889250636696815810e-01
4.700000000000000000e+02 9.850506823658943256e-01
4.710000000000000000e+02 9.845067588686943205e-01
4.720000000000000000e+02 9.939287738800048899e-01
4.730000000000000000e+02 9.947660112977028124e-01
4.740000000000000000e+02 9.804777212142944398e-01
4.750000000000000000e+02 9.950484837293624985e-01
4.760000000000000000e+02 9.843009468317032162e-01
4.770000000000000000e+02 9.913953067064285030e-01
4.780000000000000000e+02 9.962278495430946235e-01
4.790000000000000000e+02 7.735814750194549561e-01
4.800000000000000000e+02 9.832957684993743896e-01
4.810000000000000000e+02 9.870452012419700383e-01
4.820000000000000000e+02 9.966321017146110295e-01
4.830000000000000000e+02 9.830825576782226127e-01
4.840000000000000000e+02 9.880581641197204723e-01
4.850000000000000000e+02 9.762810672521591293e-01
4.860000000000000000e+02 9.911357890963554684e-01
4.870000000000000000e+02 9.825028184056282532e-01
4.880000000000000000e+02 9.955939479470252707e-01
4.890000000000000000e+02 9.798596157431602727e-01
4.900000000000000000e+02 9.929054197669029413e-01
4.910000000000000000e+02 9.981712891459465498e-01
4.920000000000000000e+02 9.926035926938057141e-01
4.930000000000000000e+02 9.961072778701782759e-01
4.940000000000000000e+02 9.891460476517677236e-01
4.950000000000000000e+02 9.888755596280097704e-01
4.960000000000000000e+02 9.891093868613243245e-01
4.970000000000000000e+02 9.966025904417038506e-01
4.980000000000000000e+02 9.902140924334525973e-01
4.990000000000000000e+02 9.791409641504287276e-01
5.000000000000000000e+02 9.863614622950553912e-01
5.010000000000000000e+02 9.903882979154586819e-01
5.020000000000000000e+02 9.911757225394248749e-01
5.030000000000000000e+02 9.813952527642250123e-01
5.040000000000000000e+02 9.913961040973663374e-01
5.050000000000000000e+02 9.857580568194389548e-01
5.060000000000000000e+02 9.882686730623245763e-01
5.070000000000000000e+02 9.925113421678543046e-01
5.080000000000000000e+02 9.891033464670181408e-01
5.090000000000000000e+02 9.939109485745429851e-01
5.100000000000000000e+02 9.908298745751380476e-01
5.110000000000000000e+02 9.789191414713859229e-01
5.120000000000000000e+02 9.898703466057777733e-01
5.130000000000000000e+02 9.959770355820656285e-01
5.140000000000000000e+02 9.977165810465812301e-01
5.150000000000000000e+02 9.869318713545799371e-01
5.160000000000000000e+02 9.826311608552932286e-01
5.170000000000000000e+02 9.770008151531219820e-01
5.180000000000000000e+02 9.826393814682961025e-01
5.190000000000000000e+02 9.923550509810448172e-01
5.200000000000000000e+02 9.906003530621528830e-01
5.210000000000000000e+02 9.827173219919205227e-01
5.220000000000000000e+02 9.827425907254219162e-01
5.230000000000000000e+02 9.737479147796859191e-01
5.240000000000000000e+02 9.659855083823204458e-01
5.250000000000000000e+02 9.901333737969398863e-01
5.260000000000000000e+02 9.803815609216690596e-01
5.270000000000000000e+02 9.966391861438751443e-01
5.280000000000000000e+02 9.969038018584250871e-01
5.290000000000000000e+02 9.947254030704498762e-01
5.300000000000000000e+02 9.960668269991874713e-01
5.310000000000000000e+02 9.959049344658851277e-01
5.320000000000000000e+02 9.843711367845535687e-01
5.330000000000000000e+02 9.916981245875358120e-01
5.340000000000000000e+02 9.881211007237434840e-01
5.350000000000000000e+02 9.952838311195373322e-01
5.360000000000000000e+02 9.646438188552856063e-01
5.370000000000000000e+02 9.910877209901809426e-01
5.380000000000000000e+02 9.703013402819633537e-01
5.390000000000000000e+02 9.794349867701530599e-01
5.400000000000000000e+02 9.752093698978424596e-01
5.410000000000000000e+02 9.868178438544273900e-01
5.420000000000000000e+02 9.637360562682151244e-01
5.430000000000000000e+02 7.242975944280624079e-01
5.440000000000000000e+02 6.498292750716209154e-01
5.450000000000000000e+02 6.374298567771912172e-01
5.460000000000000000e+02 9.863294538084443897e-01
5.470000000000000000e+02 6.604758115410804820e-01
5.480000000000000000e+02 5.892504808902740976e-01
5.490000000000000000e+02 6.836114459037780922e-01
5.500000000000000000e+02 6.597800038456916871e-01
5.510000000000000000e+02 6.632911542654037484e-01
5.520000000000000000e+02 6.713415955305099825e-01
5.530000000000000000e+02 7.151687344908714827e-01
5.540000000000000000e+02 7.160702767968177840e-01
5.550000000000000000e+02 7.147842260003089976e-01
5.560000000000000000e+02 6.763906360268593376e-01
5.570000000000000000e+02 7.134951630234718234e-01
5.580000000000000000e+02 7.538124759793281005e-01
5.590000000000000000e+02 7.001514766812324542e-01
5.600000000000000000e+02 6.726600481867790471e-01
5.610000000000000000e+02 8.934051418900489372e-01
5.620000000000000000e+02 7.264214681982994470e-01
5.630000000000000000e+02 7.591672973036766026e-01
5.640000000000000000e+02 6.682544208168983424e-01
5.650000000000000000e+02 6.286512532830238476e-01
5.660000000000000000e+02 6.752728523612022693e-01
5.670000000000000000e+02 7.130416049361228970e-01
5.680000000000000000e+02 6.955431690812110546e-01
5.690000000000000000e+02 6.933435473442077779e-01
5.700000000000000000e+02 7.046420108079910483e-01
5.710000000000000000e+02 7.906660706400870930e-01
5.720000000000000000e+02 7.377849213480949242e-01
5.730000000000000000e+02 7.597428727746009525e-01
5.740000000000000000e+02 8.009561784863471479e-01
5.750000000000000000e+02 7.920238403081893974e-01
5.760000000000000000e+02 7.091147753000259790e-01
5.770000000000000000e+02 7.663040901422500939e-01
5.780000000000000000e+02 7.716930217146873439e-01
5.790000000000000000e+02 7.362921692728996437e-01
5.800000000000000000e+02 7.859282425642013514e-01
5.810000000000000000e+02 7.583819021582602904e-01
5.820000000000000000e+02 9.028964815139770561e-01
5.830000000000000000e+02 9.582598690986633416e-01
5.840000000000000000e+02 9.880088943243027222e-01
5.850000000000000000e+02 9.895816754102706447e-01
5.860000000000000000e+02 9.930312696099281577e-01
5.870000000000000000e+02 9.927249526381493050e-01
5.880000000000000000e+02 9.604729737639426945e-01
5.890000000000000000e+02 9.909960618019103551e-01
5.900000000000000000e+02 8.407393459309923101e-01
5.910000000000000000e+02 9.297019588947296187e-01
5.920000000000000000e+02 8.058798886537551498e-01
5.930000000000000000e+02 7.706974812746048009e-01
5.940000000000000000e+02 7.641733444333076442e-01
5.950000000000000000e+02 7.070189602971076459e-01
5.960000000000000000e+02 7.311455996036529958e-01
5.970000000000000000e+02 7.361628939509391456e-01
5.980000000000000000e+02 7.702539514303207158e-01
5.990000000000000000e+02 7.435789087414741427e-01
