-7.636749999999999545e+02
-6.862949999999999591e+02
-5.994299999999999500e+02
-4.986600000000000250e+02
-3.559583333333333144e+02
-2.185800000000000125e+02
-1.315916666666666686e+02
-8.773499999999999943e+01
-6.056666666666666998e+01
-4.178833333333333400e+01
-3.065333333333333243e+01
-2.484166666666666501e+01
-2.237666666666666515e+01
-2.119166666666666643e+01
-2.120666666666666700e+01
-1.807666666666666799e+01
-1.885500000000000043e+01
-1.982166666666666544e+01
-1.913333333333333286e+01
-1.855333333333333456e+01
-1.714666666666666828e+01
-1.776500000000000057e+01
-1.803999999999999915e+01
-1.799500000000000099e+01
-1.528999999999999915e+01
-1.570833333333333393e+01
-1.833166666666666700e+01
-1.755499999999999972e+01
-1.881666666666666643e+01
-1.578666666666666707e+01
-1.807000000000000028e+01
-1.889666666666666828e+01
-1.683833333333333471e+01
-1.626666666666666572e+01
-1.971999999999999886e+01
-1.770666666666666700e+01
-1.830999999999999872e+01
-1.445666666666666700e+01
-1.681166666666666742e+01
-1.528666666666666707e+01
-1.683999999999999986e+01
-1.766333333333333400e+01
-1.419500000000000028e+01
-1.466166666666666707e+01
-1.354499999999999993e+01
-1.490666666666666629e+01
-1.591166666666666707e+01
-1.785000000000000142e+01
-1.533833333333333293e+01
-1.869166666666666643e+01
