-7.708266666666667106e+02
-6.861883333333333894e+02
-5.860650000000000546e+02
-4.800883333333333098e+02
-3.413133333333333326e+02
-2.131316666666666606e+02
-1.116800000000000068e+02
-6.883166666666666345e+01
-4.182000000000000028e+01
-2.476333333333333186e+01
-1.426166666666666671e+01
-1.006666666666666643e+01
-8.768333333333332646e+00
-7.363333333333333286e+00
-4.754999999999999893e+00
-6.603333333333333499e+00
-8.410000000000000142e+00
-6.071666666666666323e+00
-4.596666666666666679e+00
-5.040000000000000036e+00
-5.709999999999999964e+00
-6.316666666666666430e+00
-6.638333333333333641e+00
-4.943333333333333357e+00
-7.023333333333333428e+00
-6.521666666666666501e+00
-5.070000000000000284e+00
-7.766666666666666607e+00
-6.536666666666667069e+00
-5.078333333333333144e+00
-4.301666666666666750e+00
-3.433333333333333126e+00
-4.521666666666666501e+00
-3.788333333333333552e+00
-5.831666666666666998e+00
-5.608333333333333393e+00
-5.830000000000000071e+00
-7.353333333333333499e+00
-3.556666666666666643e+00
-4.044999999999999929e+00
-7.969999999999999751e+00
-4.884999999999999787e+00
-8.169999999999999929e+00
-8.348333333333332718e+00
-8.631666666666665932e+00
-5.403333333333333321e+00
-4.514999999999999680e+00
-8.224999999999999645e+00
-7.281666666666666288e+00
-6.723333333333333606e+00
