-7.627833333333333030e+02
-6.367333333333333485e+02
-4.070433333333333508e+02
-1.969816666666666549e+02
-1.059333333333333371e+02
-5.885166666666666657e+01
-2.608166666666666700e+01
-1.673333333333333428e+01
-1.346166666666666600e+01
-2.010500000000000043e+01
-2.028000000000000114e+01
-1.436166666666666636e+01
-1.907333333333333414e+01
-1.777333333333333343e+01
-1.771000000000000085e+01
-1.957499999999999929e+01
-2.047166666666666757e+01
-1.766499999999999915e+01
-1.974333333333333229e+01
-1.496666666666666679e+01
-1.417833333333333279e+01
-1.949333333333333229e+01
-1.678999999999999915e+01
-1.966833333333333300e+01
-1.923499999999999943e+01
-1.799166666666666714e+01
-1.867000000000000171e+01
-2.084499999999999886e+01
-1.672500000000000142e+01
-1.810333333333333172e+01
-1.484666666666666579e+01
-2.272500000000000142e+01
-1.642999999999999972e+01
-1.889000000000000057e+01
-1.897166666666666757e+01
-1.817666666666666586e+01
-2.025166666666666515e+01
-1.875666666666666771e+01
-1.879666666666666686e+01
-1.781666666666666643e+01
-1.823666666666666814e+01
-1.985166666666666657e+01
-2.140833333333333499e+01
-2.004166666666666785e+01
-2.133500000000000085e+01
-1.832833333333333314e+01
-1.724833333333333485e+01
-1.998666666666666814e+01
-1.691166666666666529e+01
-1.554166666666666607e+01
