-7.724283333333332848e+02
-6.652300000000000182e+02
-4.964233333333333462e+02
-2.687116666666666447e+02
-1.574383333333333326e+02
-7.417499999999999716e+01
-4.557666666666666799e+01
-3.936333333333333684e+01
-3.639333333333333087e+01
-3.407500000000000284e+01
-3.822333333333333627e+01
-3.374833333333333485e+01
-2.806666666666666643e+01
-3.384499999999999886e+01
-2.809333333333333371e+01
-3.695833333333333570e+01
-3.414333333333333087e+01
-3.940333333333333599e+01
-3.620166666666666799e+01
-3.442999999999999972e+01
-3.507500000000000284e+01
-3.327833333333333599e+01
-3.163333333333333286e+01
-3.089166666666666572e+01
-3.566499999999999915e+01
-3.238000000000000256e+01
-2.739833333333333343e+01
-3.598666666666666458e+01
-3.628666666666666885e+01
-3.682999999999999829e+01
-3.713833333333333542e+01
-3.092833333333333456e+01
-3.670833333333333570e+01
-3.391833333333333655e+01
-3.131166666666666742e+01
-3.150499999999999901e+01
-3.196666666666666501e+01
-3.180499999999999972e+01
-2.855499999999999972e+01
-4.118999999999999773e+01
-3.960166666666666657e+01
-3.517166666666666686e+01
-3.590333333333333599e+01
-3.461833333333333229e+01
-3.108999999999999986e+01
-3.455666666666666487e+01
-3.241166666666666885e+01
-3.324666666666666970e+01
-3.399499999999999744e+01
-3.431666666666666998e+01
