-7.733200000000000500e+02
-6.551783333333332848e+02
-4.818016666666666765e+02
-2.295116666666666561e+02
-1.084266666666666623e+02
-5.063666666666666316e+01
-2.814833333333333343e+01
-1.467166666666666686e+01
-1.637333333333333485e+01
-1.232333333333333414e+01
-1.211666666666666714e+01
-1.439333333333333265e+01
-1.514333333333333265e+01
-8.484999999999999432e+00
-1.506000000000000050e+01
-1.225833333333333286e+01
-9.366666666666667140e+00
-1.245500000000000007e+01
-1.320500000000000007e+01
-1.119999999999999929e+01
-1.269666666666666721e+01
-1.262666666666666693e+01
-1.274166666666666714e+01
-7.830000000000000071e+00
-1.346166666666666600e+01
-1.104833333333333378e+01
-1.218666666666666742e+01
-1.013499999999999979e+01
-1.152166666666666650e+01
-1.101166666666666671e+01
-7.861666666666666359e+00
-9.518333333333332646e+00
-1.679833333333333201e+01
-1.199000000000000021e+01
-7.575000000000000178e+00
-1.191666666666666607e+01
-1.308833333333333293e+01
-1.233500000000000085e+01
-9.958333333333333925e+00
-9.471666666666665790e+00
-1.478666666666666707e+01
-1.250999999999999979e+01
-9.633333333333332860e+00
-8.259999999999999787e+00
-1.046166666666666600e+01
-1.248000000000000043e+01
-1.188833333333333364e+01
-1.086999999999999922e+01
-1.033500000000000085e+01
-1.073333333333333250e+01
