-7.729233333333332894e+02
-7.355033333333333303e+02
-6.889249999999999545e+02
-6.347483333333333348e+02
-5.780950000000000273e+02
-5.172833333333333030e+02
-4.247166666666666401e+02
-3.038849999999999909e+02
-2.054799999999999898e+02
-1.566166666666666742e+02
-1.101733333333333320e+02
-7.835333333333333883e+01
-5.478333333333333144e+01
-3.727166666666666828e+01
-2.343499999999999872e+01
-1.506833333333333336e+01
-7.540000000000000036e+00
-2.623333333333333517e+00
8.199999999999999512e-01
2.504999999999999893e+00
4.441666666666666430e+00
5.056666666666666643e+00
5.543333333333333002e+00
5.639999999999999680e+00
6.463333333333332931e+00
6.509999999999999787e+00
6.348333333333333606e+00
6.908333333333333215e+00
6.513333333333333641e+00
6.716666666666666785e+00
6.155000000000000249e+00
6.730000000000000426e+00
6.575000000000000178e+00
7.044999999999999929e+00
6.681666666666666643e+00
6.625000000000000000e+00
6.818333333333333357e+00
7.006666666666666821e+00
7.046666666666666856e+00
7.028333333333333321e+00
7.108333333333333393e+00
6.831666666666666998e+00
7.059999999999999609e+00
7.066666666666666430e+00
7.143333333333333535e+00
7.320000000000000284e+00
7.169999999999999929e+00
7.003333333333332966e+00
7.193333333333333357e+00
7.120000000000000107e+00
