-7.714349999999999454e+02
-7.257166666666666970e+02
-6.642000000000000455e+02
-5.882316666666666833e+02
-4.675966666666666924e+02
-3.273066666666666720e+02
-2.108750000000000000e+02
-1.430116666666666561e+02
-9.502166666666666117e+01
-5.960833333333333428e+01
-4.089166666666666572e+01
-2.810833333333333428e+01
-1.693333333333333357e+01
-8.921666666666666856e+00
-3.388333333333333197e+00
-1.266666666666666607e+00
8.516666666666666829e-01
1.574999999999999956e+00
3.043333333333333446e+00
1.973333333333333384e+00
3.438333333333333464e+00
2.878333333333333410e+00
3.171666666666666856e+00
2.848333333333333162e+00
3.140000000000000124e+00
3.358333333333333393e+00
4.091666666666666785e+00
3.888333333333333197e+00
4.206666666666666998e+00
4.858333333333333393e+00
4.150000000000000355e+00
3.475000000000000089e+00
4.333333333333333037e+00
3.520000000000000018e+00
3.613333333333333286e+00
2.876666666666666483e+00
3.956666666666666554e+00
3.423333333333333339e+00
3.768333333333333535e+00
3.955000000000000071e+00
3.830000000000000071e+00
2.439999999999999947e+00
4.546666666666666856e+00
2.810000000000000053e+00
4.133333333333333748e+00
3.689999999999999947e+00
2.981666666666666465e+00
3.031666666666666732e+00
2.921666666666666856e+00
3.628333333333333410e+00
