-7.739566666666667061e+02
-6.935650000000000546e+02
-5.988316666666667061e+02
-4.444950000000000045e+02
-2.817316666666666833e+02
-1.887949999999999875e+02
-1.083083333333333371e+02
-7.022499999999999432e+01
-4.397666666666666657e+01
-2.309499999999999886e+01
-1.144500000000000028e+01
-5.054999999999999716e+00
-2.086666666666666448e+00
-4.583333333333333148e-01
1.169999999999999929e+00
2.140000000000000124e+00
1.064999999999999947e+00
2.418333333333333446e+00
2.238333333333333286e+00
2.180000000000000160e+00
1.433333333333333348e+00
2.938333333333333464e+00
1.735000000000000098e+00
3.189999999999999947e+00
2.526666666666666838e+00
3.084999999999999964e+00
3.368333333333333179e+00
2.796666666666666856e+00
2.120000000000000107e+00
3.398333333333333428e+00
3.365000000000000213e+00
3.649999999999999911e+00
2.286666666666666625e+00
2.078333333333333144e+00
1.445000000000000062e+00
3.851666666666666572e+00
1.903333333333333321e+00
3.634999999999999787e+00
1.794999999999999929e+00
3.066666666666666874e+00
3.279999999999999805e+00
2.895000000000000018e+00
2.810000000000000053e+00
3.133333333333333304e+00
1.695000000000000062e+00
2.178333333333333233e+00
2.240000000000000213e+00
2.678333333333333233e+00
9.416666666666666519e-01
3.146666666666666501e+00
