-7.650049999999999955e+02
-7.314433333333333849e+02
-7.061583333333333030e+02
-6.761000000000000227e+02
-6.309099999999999682e+02
-5.861683333333332939e+02
-5.353066666666666151e+02
-4.503833333333333258e+02
-3.551533333333333076e+02
-2.832166666666666401e+02
-2.299583333333333428e+02
-1.823383333333333383e+02
-1.446383333333333212e+02
-1.141866666666666674e+02
-9.302333333333332632e+01
-7.480333333333332746e+01
-6.479999999999999716e+01
-5.298833333333333684e+01
-4.187666666666666515e+01
-3.454666666666666686e+01
-2.646666666666666501e+01
-2.239666666666666828e+01
-1.551666666666666750e+01
-1.149666666666666615e+01
-9.758333333333332860e+00
-8.238333333333333286e+00
-6.053333333333333677e+00
-2.858333333333333393e+00
-3.326666666666666661e+00
-1.746666666666666590e+00
-6.083333333333332815e-01
-5.933333333333333792e-01
1.053333333333333233e+00
5.716666666666666563e-01
1.571666666666666767e+00
6.350000000000000089e-01
1.306666666666666643e+00
1.678333333333333233e+00
1.706666666666666776e+00
2.488333333333333286e+00
1.750000000000000000e+00
1.891666666666666607e+00
2.768333333333333535e+00
2.625000000000000000e+00
1.921666666666666634e+00
2.536666666666666625e+00
1.901666666666666616e+00
2.884999999999999787e+00
9.599999999999999645e-01
2.241666666666666696e+00
