-7.702633333333333212e+02
-6.860316666666666379e+02
-5.604583333333333712e+02
-3.679833333333333485e+02
-2.123966666666666754e+02
-1.304466666666666583e+02
-7.169666666666667254e+01
-4.973333333333333428e+01
-3.696333333333333115e+01
-3.090833333333333499e+01
-2.544166666666666643e+01
-3.604166666666666430e+01
-3.710999999999999943e+01
-3.649666666666666970e+01
-3.130499999999999972e+01
-3.963499999999999801e+01
-2.971999999999999886e+01
-3.756000000000000227e+01
-3.773666666666666458e+01
-2.517333333333333201e+01
-4.117999999999999972e+01
-2.421333333333333471e+01
-3.406166666666666742e+01
-2.483333333333333215e+01
-3.044999999999999929e+01
-3.556000000000000227e+01
-4.579166666666666430e+01
-2.651666666666666572e+01
-3.139833333333333343e+01
-3.510833333333333428e+01
-3.214166666666666572e+01
-3.359000000000000341e+01
-3.659000000000000341e+01
-3.200833333333333286e+01
-2.278000000000000114e+01
-3.499833333333333485e+01
-2.910166666666666657e+01
-3.403833333333333400e+01
-4.692499999999999716e+01
-3.382166666666666544e+01
-4.086500000000000199e+01
-3.817166666666666686e+01
-3.324499999999999744e+01
-2.515833333333333499e+01
-2.456166666666666742e+01
-2.763666666666666671e+01
-3.156500000000000128e+01
-2.555499999999999972e+01
-3.189999999999999858e+01
-4.303333333333333144e+01
