-7.700099999999999909e+02
-6.991733333333332894e+02
-6.109833333333333485e+02
-5.132933333333332939e+02
-3.716983333333333235e+02
-2.008199999999999932e+02
-1.043683333333333394e+02
-5.585000000000000142e+01
-2.733999999999999986e+01
-9.035000000000000142e+00
3.766666666666666496e-01
3.413333333333333552e+00
5.148333333333333428e+00
4.351666666666666572e+00
5.620000000000000107e+00
6.266666666666666607e+00
5.556666666666666643e+00
6.186666666666666536e+00
6.730000000000000426e+00
5.993333333333333179e+00
5.596666666666666679e+00
6.671666666666666856e+00
5.184999999999999609e+00
5.750000000000000000e+00
5.793333333333333002e+00
5.901666666666666394e+00
6.166666666666666963e+00
6.315000000000000391e+00
6.071666666666666323e+00
6.443333333333333357e+00
5.650000000000000355e+00
6.328333333333333144e+00
6.201666666666667105e+00
5.196666666666666323e+00
4.876666666666666927e+00
6.230000000000000426e+00
5.549999999999999822e+00
5.826666666666667105e+00
6.115000000000000213e+00
6.043333333333333002e+00
5.613333333333333286e+00
6.161666666666667069e+00
6.223333333333333606e+00
6.516666666666666607e+00
5.928333333333333677e+00
5.256666666666666821e+00
6.498333333333333073e+00
5.634999999999999787e+00
4.943333333333333357e+00
6.214999999999999858e+00
