-7.699550000000000409e+02
-6.384983333333333348e+02
-4.316250000000000000e+02
-2.063183333333333280e+02
-8.729166666666667140e+01
-3.832000000000000028e+01
-1.653333333333333499e+01
-1.520500000000000007e+01
-1.105499999999999972e+01
-1.359166666666666679e+01
-1.326166666666666671e+01
-1.180666666666666664e+01
-1.446166666666666600e+01
-1.452333333333333343e+01
-1.071166666666666600e+01
-1.294166666666666643e+01
-1.312500000000000000e+01
-1.504499999999999993e+01
-2.164333333333333442e+01
-1.260666666666666735e+01
-1.739666666666666828e+01
-1.051999999999999957e+01
-1.214833333333333343e+01
-1.218999999999999950e+01
-1.386500000000000021e+01
-8.773333333333333428e+00
-1.854333333333333300e+01
-1.298333333333333250e+01
-1.336999999999999922e+01
-1.408333333333333393e+01
-1.509500000000000064e+01
-1.250333333333333385e+01
-1.310999999999999943e+01
-1.158833333333333293e+01
-1.795499999999999829e+01
-1.062333333333333307e+01
-1.340333333333333421e+01
-1.723333333333333428e+01
-1.438166666666666593e+01
-8.731666666666667354e+00
-1.258500000000000085e+01
-1.252999999999999936e+01
-1.595666666666666700e+01
-1.267666666666666586e+01
-1.499833333333333307e+01
-1.664999999999999858e+01
-1.835833333333333428e+01
-1.313499999999999979e+01
-1.842166666666666686e+01
-1.584833333333333272e+01
