-7.703260000000000218e+02
-7.531224999999999454e+02
-7.344141250000000127e+02
-7.118492499999998699e+02
-6.932176249999999982e+02
-6.666996250000000828e+02
-6.437037500000000136e+02
-6.226887500000000273e+02
-5.949148749999999382e+02
-5.701637500000000500e+02
-5.413245000000000573e+02
-5.126818749999999909e+02
-4.871896249999999213e+02
-4.535918750000000159e+02
-4.227361250000000155e+02
-4.033327500000000327e+02
-3.756969999999999459e+02
-3.479530000000000314e+02
-3.189338750000000005e+02
-2.903591250000000059e+02
-2.620198750000000132e+02
-2.354257499999999936e+02
-2.130230000000000246e+02
-1.908345000000000198e+02
-1.728047499999999843e+02
-1.557290000000000134e+02
-1.407478749999999934e+02
-1.278986250000000098e+02
-1.132145000000000010e+02
-1.010298749999999899e+02
-9.041575000000000273e+01
-8.126112499999999272e+01
-7.190987499999999955e+01
-6.349887499999999818e+01
-5.682450000000000756e+01
-4.954649999999999466e+01
-4.323187500000000227e+01
-3.791562499999999858e+01
-3.310000000000000142e+01
-2.855837500000000162e+01
-2.391112499999999841e+01
-1.990075000000000216e+01
-1.645349999999999824e+01
-1.345849999999999902e+01
-1.067500000000000071e+01
-7.934624999999999595e+00
-5.755874999999999631e+00
-3.827500000000000124e+00
-2.123749999999999805e+00
-5.582500000000000240e-01
8.158750000000000169e-01
1.959375000000000089e+00
2.928500000000000103e+00
3.607249999999999623e+00
4.172875000000000334e+00
4.655874999999999986e+00
5.015125000000000277e+00
5.444249999999999368e+00
5.762999999999999901e+00
6.028749999999999609e+00
6.251625000000000654e+00
6.399000000000000021e+00
6.622000000000000774e+00
6.841874999999999929e+00
6.869374999999999787e+00
6.970374999999998877e+00
7.094999999999999751e+00
7.197874999999998913e+00
7.222625000000000739e+00
7.302125000000000199e+00
7.347249999999998948e+00
7.464375000000000426e+00
7.451375000000000526e+00
7.527249999999998664e+00
7.593499999999998806e+00
7.583624999999999616e+00
7.575125000000000774e+00
7.668875000000000774e+00
7.621624999999999872e+00
7.681624999999999481e+00
7.695624999999999716e+00
7.708624999999999616e+00
7.695124999999999105e+00
7.746749999999999581e+00
7.754374999999999574e+00
7.720374999999998877e+00
7.799249999999999794e+00
7.839125000000000121e+00
7.876500000000000057e+00
7.783750000000000391e+00
7.855125000000000135e+00
7.812500000000000000e+00
7.870250000000001300e+00
7.853125000000000355e+00
7.863250000000000739e+00
7.857499999999999929e+00
7.800625000000000142e+00
7.810124999999999318e+00
7.808749999999999858e+00
7.848375000000000767e+00
